5 0.369335 0.233396 0.038218 0.307924
34 0.402647 0.209245 0.024274 0.253585
34 0.634022 0.213774 0.032537 0.268679
34 0.584442 0.511132 0.028405 0.253585
34 0.448096 0.843585 0.030471 0.226415
8 0.431052 0.201698 0.024274 0.238490
8 0.741446 0.194151 0.023241 0.229434
8 0.542092 0.819057 0.025307 0.223397
7 0.456359 0.186604 0.016010 0.226415
7 0.710200 0.514151 0.020658 0.199245
24 0.475468 0.191132 0.016010 0.229434
4 0.509038 0.216792 0.042866 0.256604
4 0.411685 0.844528 0.047515 0.268679
9 0.539509 0.246981 0.017043 0.323019
25 0.566882 0.186604 0.032537 0.238490
25 0.337831 0.538302 0.035119 0.229434
25 0.455584 0.506604 0.029955 0.208302
11 0.599419 0.210755 0.028405 0.262641
11 0.712008 0.204717 0.027373 0.202264
11 0.773209 0.200189 0.029955 0.229434
11 0.550613 0.517170 0.030988 0.247547
11 0.338347 0.856793 0.040284 0.208302
11 0.482440 0.826604 0.032021 0.244528
11 0.749451 0.841698 0.028922 0.250566
3 0.677147 0.197170 0.025823 0.223396
3 0.422531 0.524717 0.035119 0.250566
3 0.518076 0.506604 0.030988 0.244528
3 0.781472 0.843208 0.027889 0.241509
34 0.801872 0.195660 0.020142 0.262642
22 0.373467 0.518679 0.021691 0.214340
17 0.398257 0.518679 0.010329 0.214340
17 0.625242 0.843208 0.014977 0.205283
30 0.635313 0.511132 0.037185 0.217359
30 0.713815 0.817547 0.034087 0.238490
33 0.676114 0.544340 0.047515 0.253585
13 0.600710 0.837170 0.024790 0.241509
32 0.736798 0.521698 0.025307 0.268679
32 0.647708 0.862736 0.033054 0.274528
18 0.677405 0.820566 0.029438 0.256604
21 0.793351 0.559245 0.030988 0.265660
28 0.371917 0.835660 0.024790 0.244528
28 0.487088 0.541321 0.022724 0.241509
28 0.762879 0.518679 0.023757 0.232453
21 0.570755 0.849245 0.027889 0.247547
28 0.513686 0.835660 0.024274 0.256604