4 0.338864 0.239434 0.051646 0.283774
4 0.562234 0.568491 0.040801 0.271698
17 0.373467 0.203208 0.019626 0.193207
17 0.456101 0.219811 0.016527 0.196226
17 0.415817 0.567358 0.015494 0.199245
0 0.427954 0.222830 0.034603 0.268680
0 0.488896 0.228868 0.035636 0.280755
0 0.740671 0.856792 0.027889 0.256604
0 0.373467 0.867359 0.033054 0.217359
9 0.515494 0.263585 0.018593 0.368302
9 0.496385 0.600189 0.021691 0.298868
9 0.402130 0.870283 0.016010 0.259434
9 0.768044 0.885377 0.017560 0.229245
3 0.544416 0.221321 0.028922 0.271698
3 0.692382 0.224340 0.030471 0.223396
3 0.730084 0.212264 0.038735 0.223396
3 0.522724 0.562453 0.024790 0.271698
3 0.690833 0.545849 0.026340 0.220377
3 0.424855 0.871887 0.027373 0.208302
3 0.527372 0.873396 0.025823 0.217358
3 0.560684 0.880944 0.029438 0.190189
29 0.577469 0.221321 0.026856 0.205283
28 0.609490 0.224340 0.028922 0.205283
28 0.367011 0.574528 0.028405 0.217358
28 0.469529 0.551887 0.022724 0.214340
28 0.801356 0.570000 0.022208 0.238491
24 0.636604 0.227359 0.017043 0.247547
24 0.587282 0.882453 0.013428 0.205283
25 0.659329 0.246981 0.028405 0.298868
25 0.595546 0.554906 0.029955 0.226415
25 0.610265 0.864340 0.029438 0.211321
25 0.494835 0.880943 0.035119 0.208302
13 0.392576 0.557924 0.021691 0.226415
13 0.658554 0.570000 0.025823 0.196226
35 0.627566 0.550377 0.032021 0.253585
32 0.442156 0.547359 0.030988 0.289811
8 0.718722 0.560943 0.023241 0.262642
7 0.744803 0.559434 0.018593 0.217358
11 0.771917 0.545849 0.031504 0.256604
26 0.339638 0.880943 0.033570 0.208302
30 0.458941 0.882358 0.035636 0.235283
34 0.638928 0.868868 0.025823 0.196226
5 0.682828 0.882358 0.029955 0.235283
34 0.712008 0.873302 0.026340 0.235283
29 0.790252 0.876321 0.030988 0.247358