22 0.137667 0.179779 0.024667 0.113726
22 0.542333 0.176838 0.026000 0.111765
22 0.393000 0.172917 0.016667 0.092157
22 0.632333 0.337623 0.026000 0.100000
22 0.475333 0.333946 0.020000 0.109804
22 0.620000 0.480760 0.025333 0.107843
22 0.498000 0.631740 0.021333 0.107843
3 0.170000 0.168995 0.030667 0.111765
3 0.589667 0.172917 0.030000 0.115686
3 0.554667 0.329779 0.028000 0.103922
3 0.248667 0.329779 0.026667 0.115686
3 0.285667 0.479779 0.031333 0.117647
3 0.388333 0.475858 0.024667 0.105882
3 0.516333 0.480760 0.027333 0.111765
3 0.305000 0.625858 0.024667 0.092157
3 0.368000 0.628799 0.030667 0.117647
3 0.661333 0.783701 0.026667 0.113726
3 0.592000 0.777819 0.029333 0.109804
3 0.421667 0.773897 0.031333 0.101961
3 0.168667 0.935662 0.028000 0.107843
3 0.433000 0.925858 0.028667 0.115686
3 0.549667 0.939583 0.032667 0.115686
3 0.685000 0.937623 0.030000 0.107843
30 0.202000 0.169975 0.029333 0.145098
30 0.443333 0.170956 0.026667 0.127451
22 0.245667 0.179779 0.026000 0.117647
34 0.273000 0.188603 0.024667 0.115686
34 0.458667 0.477819 0.022667 0.121569
34 0.495000 0.777819 0.026000 0.113725
34 0.679667 0.632721 0.039333 0.105882
34 0.622000 0.932721 0.028000 0.109804
34 0.387333 0.934681 0.026667 0.101961
12 0.296000 0.199387 0.017333 0.149020
13 0.318667 0.176838 0.025333 0.092157
21 0.339667 0.181740 0.024667 0.098039
21 0.576000 0.486642 0.028000 0.100000
21 0.173333 0.782721 0.026667 0.111765
21 0.390333 0.777819 0.026000 0.117647
21 0.135667 0.940564 0.028667 0.109804
28 0.605000 0.334681 0.026000 0.125490
17 0.417667 0.197426 0.019333 0.145098
17 0.367333 0.780760 0.017333 0.111765
17 0.504667 0.937623 0.014667 0.103922
37 0.482333 0.152328 0.038000 0.133333
25 0.514667 0.167034 0.029333 0.154902
25 0.649667 0.184681 0.032667 0.123529
25 0.484333 0.467034 0.030000 0.147059
25 0.522000 0.773897 0.030667 0.109804
1 0.618667 0.164093 0.028000 0.141176
7 0.675000 0.182721 0.022000 0.115686
7 0.212000 0.480760 0.016000 0.096078
7 0.423667 0.632721 0.022000 0.094118
17 0.305000 0.330760 0.022000 0.098039
8 0.137000 0.333701 0.024667 0.119608
8 0.264333 0.785662 0.022000 0.109804
18 0.167667 0.322917 0.031333 0.121569
18 0.521667 0.329779 0.028667 0.119608
18 0.281000 0.923897 0.034000 0.135294
8 0.398667 0.624877 0.025333 0.141176
0 0.200333 0.330760 0.028667 0.129412
0 0.239667 0.483701 0.027333 0.101961
0 0.463667 0.936642 0.028667 0.117647
9 0.224333 0.325858 0.014000 0.143137
9 0.542333 0.661152 0.015333 0.166667
9 0.486000 0.919301 0.017333 0.153554
24 0.323667 0.331740 0.015333 0.119608
24 0.654333 0.335662 0.022000 0.092157
24 0.553000 0.479779 0.012667 0.098039
24 0.363333 0.468015 0.021333 0.109804
24 0.170000 0.632721 0.018667 0.109804
24 0.281333 0.629779 0.020000 0.103922
24 0.445333 0.634681 0.017333 0.101961
24 0.193667 0.940564 0.014000 0.113726
24 0.524667 0.926164 0.018667 0.147672
35 0.349333 0.328799 0.036000 0.117647
35 0.220000 0.945772 0.032000 0.108456
35 0.553000 0.777818 0.035333 0.125490
2 0.391333 0.339583 0.042667 0.139216
7 0.422333 0.331740 0.023333 0.096078
7 0.645333 0.481740 0.020000 0.098039
7 0.523333 0.624877 0.014667 0.133333
11 0.280000 0.321936 0.025333 0.111765
11 0.193000 0.641544 0.032667 0.100000
11 0.319667 0.481740 0.026000 0.101961
11 0.566667 0.630760 0.025333 0.121569
11 0.651667 0.933701 0.024667 0.131373
26 0.450667 0.308211 0.034667 0.143137
17 0.563333 0.176838 0.008000 0.123529
24 0.496667 0.315074 0.016000 0.117647
12 0.578000 0.338603 0.021333 0.141176
2 0.180333 0.494485 0.040667 0.135294
17 0.345000 0.473897 0.014000 0.105882
4 0.425000 0.488603 0.042000 0.127451
4 0.338333 0.789583 0.047333 0.125490
4 0.350667 0.938909 0.040000 0.122181
4 0.587000 0.940870 0.032667 0.118260
4 0.624000 0.789583 0.033333 0.137255
15 0.222667 0.648407 0.029333 0.145098
15 0.598000 0.650368 0.024000 0.133333
15 0.295333 0.793505 0.032000 0.149020
20 0.253667 0.620956 0.024667 0.105883
20 0.335000 0.634681 0.031333 0.129412
20 0.629333 0.628799 0.024000 0.117647
24 0.652667 0.628799 0.012000 0.109804
15 0.202333 0.791544 0.026000 0.113726
33 0.229333 0.784681 0.033333 0.119608
4 0.464667 0.771936 0.042667 0.121568
1 0.472000 0.624877 0.028000 0.129412
33 0.316000 0.935968 0.028000 0.128064
32 0.255000 0.936949 0.030000 0.126103