32 0.159444 0.755556 0.036296 0.147126
29 0.197593 0.732397 0.028148 0.122605
28 0.224630 0.732397 0.024444 0.122605
28 0.539074 0.734568 0.028148 0.128054
21 0.389815 0.737463 0.027407 0.125330
21 0.365000 0.936186 0.028148 0.111707
21 0.459815 0.934823 0.025185 0.103533
21 0.681667 0.937548 0.027407 0.114432
8 0.563889 0.723670 0.025926 0.122605
36 0.586111 0.934823 0.031852 0.125330
33 0.441296 0.734568 0.041481 0.128055
3 0.302407 0.731843 0.028889 0.117156
3 0.477593 0.725032 0.028148 0.136228
3 0.550185 0.929374 0.029630 0.136228
21 0.589815 0.731843 0.027407 0.133504
20 0.623889 0.730481 0.027407 0.147126
32 0.653518 0.752278 0.028889 0.152575
18 0.679444 0.715496 0.031852 0.149851
18 0.652407 0.925075 0.031111 0.149851
0 0.343889 0.730481 0.027407 0.125330
0 0.296111 0.941528 0.032593 0.116943
11 0.509444 0.727756 0.025185 0.125330
11 0.517963 0.937548 0.030370 0.119881
25 0.273148 0.729119 0.032593 0.117156
22 0.236111 0.934823 0.022222 0.114432
34 0.263519 0.932099 0.023704 0.108983
24 0.247593 0.738655 0.012593 0.125330
25 0.620926 0.933248 0.030370 0.128054
17 0.367963 0.729119 0.014815 0.133504
17 0.413519 0.735930 0.017037 0.103533
7 0.490287 0.940421 0.023352 0.119157