13 0.390185 0.731035 0.019259 0.119881
21 0.335000 0.741933 0.028889 0.125330
21 0.827963 0.756918 0.026667 0.122605
32 0.437963 0.741379 0.034815 0.141677
9 0.667963 0.786505 0.016296 0.223414
17 0.688704 0.738655 0.019259 0.119881
20 0.602037 0.741379 0.032593 0.130779
0 0.645741 0.735930 0.031111 0.136228
15 0.779444 0.778161 0.024444 0.204342
13 0.807222 0.740017 0.020741 0.128054
25 0.493519 0.735930 0.028889 0.119881
25 0.729444 0.730481 0.028148 0.125330
28 0.362037 0.740017 0.022222 0.117156
28 0.466481 0.737293 0.023704 0.133503
9 0.755370 0.786335 0.017778 0.226139
28 0.855370 0.740017 0.026667 0.122605
17 0.414259 0.737293 0.015556 0.111707
10 0.520926 0.740017 0.021482 0.122605
24 0.542037 0.733206 0.017778 0.125330
3 0.567963 0.734568 0.028148 0.128054
24 0.706852 0.750915 0.018518 0.138953