3 0.275000 0.748635 0.026875 0.121839
25 0.327188 0.746336 0.028750 0.112644
15 0.360000 0.783118 0.023125 0.204598
0 0.391250 0.738506 0.026875 0.128736
24 0.301563 0.746552 0.016250 0.119540
32 0.423750 0.740805 0.028125 0.124138
10 0.449687 0.743103 0.021250 0.128736
1 0.480938 0.738506 0.028750 0.124138
34 0.510938 0.736207 0.028750 0.124138
34 0.675312 0.947414 0.023750 0.105172
25 0.542187 0.739655 0.027500 0.126437
0 0.633125 0.743103 0.024375 0.114943
3 0.629687 0.947414 0.023750 0.105172
3 0.584688 0.952011 0.023750 0.095977
35 0.599687 0.758046 0.035000 0.098851
3 0.553125 0.948563 0.024375 0.102874
3 0.338812 0.949713 0.023250 0.100575
11 0.482812 0.950575 0.022500 0.093103
24 0.378188 0.955460 0.012000 0.084483
5 0.419687 0.944828 0.022500 0.100000
24 0.460625 0.953161 0.013125 0.093678
7 0.659375 0.748851 0.014375 0.098851
7 0.505625 0.954310 0.013125 0.091379
7 0.272500 0.954310 0.013125 0.091379
12 0.652500 0.948851 0.015625 0.102299
7 0.441875 0.951724 0.015625 0.096552
7 0.397250 0.955172 0.015125 0.088506
9 0.571562 0.782184 0.018750 0.193103
8 0.526562 0.949713 0.018750 0.100575
33 0.241964 0.958128 0.040179 0.083744
4 0.145982 0.781609 0.033929 0.164204
26 0.177232 0.768473 0.019643 0.131363
0 0.221429 0.752053 0.027679 0.131363
9 0.246875 0.776683 0.014286 0.154351
28 0.176786 0.958128 0.020536 0.083744
3 0.205804 0.949918 0.026786 0.100164