7 0.341208 0.755556 0.012000 0.110345
0 0.366667 0.751724 0.024583 0.108812
9 0.389958 0.793103 0.012000 0.182375
3 0.415208 0.745594 0.026667 0.118008
1 0.446667 0.747893 0.027917 0.119540
28 0.475833 0.744061 0.022917 0.121073
24 0.500833 0.745594 0.013750 0.114943
28 0.523750 0.746360 0.024583 0.113410
25 0.584167 0.734866 0.029583 0.121073
10 0.611667 0.737931 0.020417 0.127203
26 0.631458 0.731034 0.012500 0.119540
15 0.652708 0.770881 0.022500 0.193103
3 0.465625 0.944828 0.027500 0.110345
3 0.513958 0.947510 0.026667 0.104981
5 0.346458 0.943678 0.022500 0.109579
37 0.546875 0.949808 0.031667 0.100383
36 0.552708 0.742529 0.025000 0.102682
36 0.581667 0.945977 0.025417 0.108046
34 0.372500 0.944444 0.024583 0.111111
26 0.441042 0.947510 0.013333 0.104981
10 0.719643 0.738916 0.016964 0.131363
15 0.761161 0.755337 0.021429 0.144499
26 0.739732 0.755337 0.012500 0.111658
24 0.780804 0.742200 0.019643 0.131363
25 0.806696 0.745484 0.032143 0.124795
11 0.839286 0.750411 0.025893 0.134647
7 0.675893 0.948276 0.020536 0.103448
25 0.699554 0.940066 0.030357 0.119869
10 0.726786 0.943350 0.024107 0.113300
8 0.756696 0.944992 0.021429 0.110016
7 0.775000 0.946634 0.016964 0.106732
7 0.320982 0.943350 0.312500 0.113300