14 0.353333 0.777778 0.036250 0.118008
3 0.388542 0.773946 0.025833 0.119540
25 0.420208 0.776245 0.029167 0.114943
3 0.452083 0.772414 0.026250 0.116475
36 0.481458 0.773946 0.029167 0.119540
32 0.513958 0.779310 0.034167 0.142529
3 0.545000 0.762452 0.026250 0.124138
11 0.572917 0.763985 0.026250 0.121073
7 0.599375 0.759387 0.012500 0.111877
29 0.620625 0.756322 0.023333 0.130268
21 0.644583 0.760153 0.024583 0.131801
33 0.175833 0.791571 0.038750 0.121073
7 0.204375 0.792337 0.014167 0.119540
34 0.243750 0.783908 0.027083 0.121073
28 0.666045 0.950300 0.021455 0.099400
26 0.665112 0.768497 0.010261 0.113232
25 0.644590 0.950300 0.032649 0.099400
11 0.519590 0.957109 0.023321 0.085782
3 0.553172 0.948585 0.027052 0.102831
18 0.315765 0.773644 0.029851 0.150976
30 0.136607 0.788177 0.033036 0.137931
9 0.292411 0.824302 0.016071 0.190476
0 0.441964 0.959770 0.027679 0.080460
13 0.270982 0.788177 0.017857 0.137931