25 0.375312 0.756681 0.031250 0.124138
26 0.345313 0.762428 0.025000 0.121839
3 0.407187 0.753233 0.025000 0.126437
32 0.490938 0.774138 0.032500 0.163218
3 0.576563 0.755747 0.028750 0.137931
15 0.463750 0.792529 0.023125 0.222989
11 0.436875 0.758046 0.023125 0.126437
11 0.545000 0.760345 0.026875 0.131034
11 0.703125 0.762644 0.024375 0.112644
11 0.349062 0.955460 0.025000 0.089080
25 0.450625 0.954310 0.028125 0.091379
11 0.508750 0.960057 0.024375 0.079885
3 0.733438 0.952874 0.025000 0.093103
25 0.556563 0.953161 0.028750 0.089080
25 0.670313 0.755747 0.025000 0.126437
32 0.640625 0.766092 0.034375 0.156322
36 0.609062 0.756897 0.026250 0.119540
34 0.730625 0.758046 0.025625 0.121839
10 0.516250 0.768391 0.016875 0.114943