32 0.343750 0.764881 0.027679 0.111658
11 0.373214 0.755029 0.025893 0.137931
7 0.398411 0.758313 0.017357 0.137931
15 0.425000 0.748768 0.029464 0.131363
3 0.454911 0.755337 0.026786 0.134647
36 0.487946 0.763547 0.028571 0.114943
15 0.520536 0.783251 0.024107 0.160920
9 0.541964 0.799672 0.024107 0.200328
1 0.571911 0.747192 0.031500 0.159737
22 0.599107 0.770115 0.024107 0.141215
7 0.620982 0.763547 0.017857 0.108374
25 0.645089 0.776683 0.030357 0.160920
22 0.674554 0.775041 0.019643 0.131363
26 0.694643 0.775041 0.016964 0.105090
36 0.720536 0.752053 0.034821 0.151067
24 0.786607 0.783251 0.018750 0.141215
28 0.768304 0.776683 0.025000 0.121511
13 0.753125 0.770115 0.028571 0.121511
34 0.812946 0.771757 0.025000 0.131363
5 0.840625 0.783251 0.037500 0.154351
11 0.344196 0.949918 0.028571 0.100164
3 0.377232 0.949918 0.032143 0.100164
3 0.479911 0.949918 0.030357 0.093596
14 0.642857 0.962233 0.045536 0.072250
28 0.678125 0.949918 0.025000 0.100164
24 0.418304 0.958128 0.019643 0.083744