3 0.663839 0.733682 0.030357 0.128079
3 0.614732 0.931702 0.028571 0.136597
3 0.517411 0.730398 0.026786 0.134647
3 0.243750 0.733990 0.027679 0.114943
3 0.199107 0.940887 0.027679 0.118227
3 0.228571 0.934319 0.025893 0.121511
33 0.208929 0.748768 0.040179 0.111658
28 0.178125 0.740558 0.023214 0.095238
28 0.564732 0.733990 0.021429 0.114943
22 0.270982 0.733990 0.021429 0.114943
22 0.367893 0.734056 0.030607 0.120328
28 0.679018 0.940066 0.025000 0.119869
24 0.569643 0.931034 0.013393 0.108374
24 0.393304 0.733990 0.010714 0.114943
28 0.423250 0.928900 0.030607 0.142200
11 0.258929 0.941708 0.025893 0.116585
11 0.331696 0.936782 0.026786 0.126437
11 0.387946 0.936782 0.026786 0.126437
13 0.433482 0.735632 0.023214 0.111658
4 0.481696 0.742200 0.035714 0.157635
0 0.612054 0.727422 0.035714 0.128079
11 0.650000 0.929392 0.024107 0.137931
8 0.524107 0.938424 0.024107 0.123153
26 0.550196 0.935140 0.013786 0.129721
18 0.359375 0.922003 0.025000 0.155993
34 0.286607 0.939245 0.022321 0.118227
12 0.152679 0.738916 0.018750 0.190476
12 0.150446 0.948276 0.021429 0.103448
25 0.312054 0.735632 0.025000 0.111658
5 0.449107 0.936782 0.020536 0.126437
9 0.541518 0.761905 0.012500 0.157635
9 0.637500 0.761905 0.011607 0.164204
18 0.497829 0.933609 0.027979 0.131915
32 0.470536 0.931034 0.016964 0.134647
34 0.342857 0.732348 0.031250 0.111658
26 0.291714 0.742200 0.014679 0.118227
26 0.453571 0.737274 0.015179 0.095238