11 0.335714 0.753387 0.027679 0.101806
7 0.363393 0.756671 0.013393 0.108374
22 0.388393 0.755029 0.022321 0.098522
3 0.418304 0.753695 0.026786 0.114943
32 0.450000 0.771757 0.027679 0.141215
18 0.478125 0.742200 0.025000 0.157635
11 0.506250 0.748768 0.024107 0.131363
11 0.549554 0.943350 0.025000 0.113300
3 0.723214 0.948276 0.027679 0.103448
3 0.540625 0.748768 0.025000 0.137931
3 0.572768 0.742200 0.030357 0.124795
4 0.610714 0.763547 0.038393 0.141215
10 0.641964 0.745484 0.022321 0.137931
25 0.669196 0.748768 0.035714 0.118227
9 0.697964 0.789819 0.014679 0.187192
34 0.369196 0.944992 0.028571 0.110016
0 0.744196 0.750411 0.028571 0.121511
35 0.583036 0.951560 0.031250 0.096880
0 0.414286 0.948276 0.027679 0.103448
1 0.462946 0.948276 0.026786 0.103448
32 0.493750 0.948276 0.024107 0.103448
28 0.520536 0.942529 0.022321 0.111658
36 0.617411 0.946634 0.025000 0.106732
7 0.835268 0.758621 0.017857 0.124795
7 0.771875 0.761905 0.016071 0.111658
34 0.691071 0.954844 0.029464 0.090312
2 0.801786 0.786535 0.033036 0.180624
26 0.837054 0.951560 0.014286 0.096880
26 0.793304 0.949918 0.016071 0.100164
24 0.748214 0.961412 0.018750 0.077176
7 0.718750 0.756979 0.016964 0.108374
22 0.815625 0.951560 0.019643 0.096880
26 0.437946 0.949918 0.012500 0.100164