29 0.162946 0.756671 0.025000 0.121511
32 0.191964 0.758313 0.022321 0.124795
22 0.217857 0.748461 0.020536 0.111658
1 0.246429 0.753695 0.027679 0.108374
26 0.272768 0.758621 0.019643 0.095238
26 0.376339 0.943350 0.012500 0.113300
26 0.650196 0.750411 0.015571 0.108374
18 0.400893 0.935140 0.025893 0.129721
11 0.473214 0.939245 0.025893 0.111658
3 0.513839 0.745484 0.025000 0.124795
3 0.482143 0.742200 0.024107 0.118227
3 0.585268 0.735632 0.025000 0.118227
0 0.431250 0.743842 0.025893 0.128079
24 0.154911 0.953202 0.016071 0.093596
25 0.183929 0.944992 0.027679 0.110016
34 0.213839 0.946634 0.023214 0.106732
11 0.245536 0.944992 0.029464 0.110016
28 0.279018 0.946634 0.025000 0.106732
24 0.303125 0.944992 0.017857 0.110016
4 0.550000 0.737274 0.043750 0.174056
37 0.620536 0.725780 0.034821 0.164204
29 0.381250 0.745484 0.024107 0.131363
7 0.405357 0.737274 0.018750 0.121511
34 0.502232 0.943350 0.026786 0.113300
34 0.573214 0.943350 0.029464 0.106732
34 0.325446 0.944992 0.023214 0.110016
8 0.354911 0.738916 0.019643 0.131363
36 0.326786 0.738916 0.025893 0.118227
9 0.455357 0.789819 0.013393 0.206897
32 0.296875 0.750411 0.025000 0.141215
25 0.354018 0.946634 0.028571 0.106732
25 0.614732 0.943350 0.028571 0.113300
25 0.665179 0.944171 0.029464 0.108374
5 0.543750 0.933498 0.025893 0.133005
15 0.671875 0.752053 0.019643 0.124795
2 0.439286 0.946634 0.040179 0.106732
21 0.690357 0.942693 0.027857 0.114614