3 0.343929 0.947126 0.023571 0.105090
3 0.615357 0.947126 0.026429 0.105090
3 0.545000 0.747455 0.025714 0.115599
0 0.489643 0.743514 0.026429 0.126108
0 0.564643 0.948768 0.025000 0.102463
33 0.709286 0.947947 0.031429 0.104105
11 0.686071 0.750082 0.026429 0.123481
11 0.421429 0.947947 0.027143 0.104105
28 0.450714 0.945320 0.025714 0.109360
10 0.518571 0.942693 0.021429 0.114614
9 0.516071 0.764532 0.016429 0.147126
26 0.442143 0.736946 0.012857 0.133990
4 0.411071 0.757964 0.039286 0.133990
33 0.647143 0.744828 0.041429 0.123481
15 0.714643 0.765846 0.023571 0.144499
18 0.671786 0.940066 0.030714 0.119869
32 0.644286 0.953202 0.021429 0.093596
26 0.590357 0.949261 0.016429 0.101478
2 0.486786 0.947947 0.032143 0.104105
8 0.373571 0.944499 0.020000 0.107718
7 0.395357 0.954516 0.015000 0.090969
28 0.357143 0.747455 0.024286 0.133990
25 0.325000 0.751396 0.030000 0.110345
18 0.606429 0.735632 0.028571 0.147126
32 0.575357 0.746141 0.025000 0.136617