8 0.481568 0.540478 0.038458 0.070797
11 0.476324 0.624385 0.041954 0.083908
5 0.532262 0.554899 0.043702 0.076042
22 0.450540 0.454603 0.028843 0.043265
3 0.364447 0.444770 0.024473 0.041954
35 0.403779 0.446081 0.033214 0.041954
35 0.194446 0.326775 0.037584 0.036710
22 0.235089 0.337263 0.031465 0.044576
22 0.229844 0.389706 0.033214 0.047198
35 0.309382 0.395605 0.027969 0.035399
25 0.309382 0.442804 0.029717 0.043265
29 0.267428 0.453948 0.041954 0.062931
28 0.231593 0.445426 0.026221 0.051131
11 0.194446 0.441492 0.025347 0.038021
3 0.194446 0.385772 0.025347 0.034088
0 0.271798 0.332019 0.022725 0.036710
1 0.440488 0.396916 0.024473 0.045887
1 0.406838 0.392328 0.016607 0.041954
1 0.899359 0.448048 0.024473 0.045887
34 0.862650 0.448048 0.022725 0.043265
34 0.494242 0.449359 0.020103 0.035399
16 0.471517 0.397572 0.018355 0.044576
11 0.474576 0.335952 0.019229 0.028843
13 0.531388 0.453948 0.020977 0.036710
26 0.583394 0.394950 0.018355 0.041954
0 0.841236 0.208124 0.025347 0.040643
8 0.660746 0.351685 0.024473 0.044576