34 0.580714 0.739573 0.025714 0.115599
5 0.547143 0.777668 0.028571 0.186535
34 0.503571 0.730378 0.025714 0.112972
11 0.469286 0.723810 0.024286 0.139245
14 0.409643 0.724138 0.039286 0.120854
28 0.371429 0.729064 0.027143 0.123481
13 0.315357 0.727750 0.022143 0.126108
26 0.284286 0.734319 0.024286 0.133990
28 0.280357 0.939245 0.022143 0.112972
14 0.315000 0.941872 0.037143 0.102463
10 0.347143 0.943186 0.018571 0.110345
33 0.379286 0.943186 0.040000 0.110345
3 0.416786 0.937931 0.026429 0.110345
22 0.447500 0.945320 0.022143 0.109360
34 0.475357 0.936617 0.023571 0.118227
3 0.519286 0.949754 0.027143 0.097209
32 0.342143 0.727750 0.024286 0.136617
11 0.550714 0.950575 0.027143 0.098851
28 0.576000 0.897013 0.012000 0.018000
11 0.609643 0.951888 0.023571 0.096223
24 0.659286 0.951888 0.014286 0.096223
7 0.442500 0.731691 0.015000 0.112972