7 0.590286 0.714614 0.012000 0.123481
7 0.714286 0.932677 0.015714 0.112972
7 0.450714 0.930049 0.011429 0.123481
11 0.618214 0.715928 0.026429 0.128736
11 0.476786 0.927750 0.026429 0.133990
14 0.560714 0.714614 0.031429 0.110345
28 0.526071 0.714614 0.016429 0.120854
28 0.385000 0.937931 0.021429 0.115599
14 0.418571 0.928736 0.034286 0.123481
32 0.687500 0.932184 0.027857 0.135632
12 0.707143 0.718555 0.021429 0.128736
3 0.365714 0.717241 0.025714 0.105090
3 0.680000 0.715928 0.025714 0.118227
3 0.650357 0.714614 0.023571 0.131363
3 0.657500 0.923481 0.026429 0.123481
3 0.628214 0.927422 0.023571 0.136617
3 0.573571 0.923481 0.025714 0.112972
3 0.541071 0.924795 0.026429 0.120854
3 0.509286 0.927422 0.024286 0.120854
32 0.356786 0.932184 0.026429 0.135632
32 0.497857 0.713300 0.025714 0.112972
32 0.335714 0.725123 0.025714 0.120854
13 0.331786 0.926929 0.020714 0.146141
13 0.476071 0.708046 0.020714 0.123481
26 0.448929 0.710673 0.025000 0.118227
26 0.422143 0.698851 0.011429 0.136617
12 0.601429 0.910345 0.022857 0.160263
1 0.397500 0.722496 0.030714 0.120854
36 0.303929 0.710673 0.027857 0.123481
26 0.301429 0.926108 0.022857 0.133990