3 0.495714 0.936617 0.021429 0.126108
3 0.563214 0.739573 0.026429 0.115599
11 0.624286 0.751396 0.022857 0.126108
14 0.685714 0.736946 0.031429 0.112972
26 0.595000 0.738588 0.025714 0.112972
26 0.437143 0.932677 0.020000 0.131363
34 0.367857 0.937438 0.022857 0.125123
34 0.385357 0.733005 0.026429 0.105090
34 0.692857 0.929557 0.022857 0.135632
34 0.627857 0.937438 0.024286 0.125123
1 0.600000 0.934811 0.027143 0.130378
5 0.339643 0.935632 0.027857 0.116256
5 0.356429 0.734319 0.027143 0.118227
5 0.667500 0.939245 0.023571 0.112972
13 0.535000 0.735632 0.020000 0.110345
7 0.515357 0.743514 0.013571 0.115599
33 0.486786 0.740887 0.040714 0.110345
28 0.453214 0.734319 0.022143 0.112972
18 0.328214 0.727750 0.023571 0.136617
24 0.307071 0.744828 0.012714 0.107718
24 0.286000 0.944007 0.014857 0.111987
24 0.574643 0.933990 0.015000 0.107718
10 0.552500 0.933498 0.019286 0.133005
28 0.651786 0.739573 0.025000 0.123481
22 0.284286 0.746141 0.022857 0.126108
32 0.423929 0.738259 0.037857 0.131363
3 0.408571 0.936617 0.027143 0.123481
32 0.468214 0.940066 0.022143 0.119869
32 0.524971 0.942365 0.033514 0.115271
26 0.261071 0.733005 0.015000 0.120854
34 0.189643 0.941379 0.023571 0.117241
13 0.217500 0.945320 0.016429 0.109360
30 0.174643 0.743514 0.033571 0.115599
22 0.239643 0.742200 0.019286 0.118227
18 0.260000 0.925616 0.024286 0.148768
3 0.211071 0.742200 0.023571 0.123481
5 0.162857 0.944007 0.024286 0.111987
18 0.310000 0.936125 0.027143 0.127750