4 0.329286 0.735632 0.042857 0.144499
4 0.504286 0.739573 0.038571 0.152381
15 0.363214 0.755337 0.020714 0.162890
25 0.319286 0.914286 0.025714 0.115599
25 0.391429 0.713629 0.025714 0.120854
25 0.642500 0.710673 0.029286 0.123481
0 0.517500 0.920854 0.026429 0.107718
33 0.568929 0.722496 0.037857 0.115599
34 0.347500 0.919540 0.023571 0.126108
34 0.610357 0.910345 0.023571 0.123481
22 0.420000 0.721182 0.020000 0.123481
22 0.672857 0.714614 0.017143 0.126108
36 0.468929 0.721182 0.027857 0.107717
1 0.436786 0.919540 0.026429 0.126108
3 0.549286 0.920854 0.022857 0.118227
3 0.676071 0.922167 0.026429 0.126108
3 0.705714 0.924795 0.021429 0.120854
26 0.728929 0.919540 0.010714 0.115599
26 0.443214 0.714614 0.012143 0.115599
26 0.385286 0.924795 0.012000 0.110345
9 0.462500 0.926108 0.012143 0.133990
9 0.615000 0.752709 0.011429 0.165517
24 0.648214 0.919540 0.013571 0.110345
7 0.597786 0.711987 0.015571 0.115599
7 0.695000 0.721182 0.015714 0.102463
11 0.719286 0.718555 0.024286 0.139245
11 0.578929 0.924795 0.023571 0.120854
15 0.537500 0.731691 0.019286 0.144499
18 0.486071 0.910345 0.027857 0.155008