3 0.376786 0.727750 0.027857 0.107718
12 0.153214 0.922167 0.023571 0.133990
32 0.177143 0.924795 0.021429 0.139245
8 0.202500 0.926108 0.017857 0.128736
12 0.225357 0.922496 0.013571 0.123481
11 0.156429 0.715928 0.022857 0.118227
8 0.184286 0.711987 0.018571 0.115599
11 0.216429 0.714614 0.027143 0.115599
34 0.245357 0.719869 0.020714 0.115599
4 0.294643 0.736946 0.040714 0.139245
4 0.277857 0.936617 0.038571 0.123481
12 0.245000 0.940558 0.018571 0.115599
18 0.316786 0.916913 0.023571 0.162890
9 0.341429 0.938752 0.011429 0.122496
34 0.327500 0.723810 0.020714 0.139245
24 0.352143 0.719869 0.012857 0.110345
32 0.406429 0.722496 0.018571 0.141872
11 0.365714 0.933498 0.021429 0.133005
26 0.391071 0.939245 0.012143 0.102463
36 0.418571 0.933990 0.028571 0.118227
25 0.448214 0.928736 0.030714 0.112972
22 0.472179 0.925517 0.023643 0.123612
28 0.433571 0.727750 0.022857 0.115599
4 0.466786 0.730378 0.037857 0.131363
34 0.501786 0.723810 0.026429 0.128736
26 0.497500 0.934811 0.010714 0.130378
36 0.523571 0.936617 0.025714 0.123481
29 0.556786 0.922989 0.025000 0.154023
32 0.582857 0.929557 0.024286 0.140887
32 0.691429 0.926108 0.025714 0.123481
22 0.611071 0.924795 0.022143 0.126108
29 0.677143 0.714614 0.025714 0.141872
26 0.595000 0.706732 0.025714 0.115599
26 0.572143 0.706732 0.017143 0.152381
20 0.718571 0.917241 0.025714 0.128736
26 0.664643 0.920854 0.013571 0.128736
28 0.647143 0.713301 0.022857 0.133990
8 0.621071 0.711987 0.017857 0.141872
7 0.702143 0.718555 0.015714 0.118227
11 0.548571 0.717241 0.024286 0.131363
1 0.638929 0.920854 0.027857 0.123481