34 0.698330 0.305798 0.027969 0.034088
8 0.898922 0.444770 0.027095 0.047198
8 0.485938 0.544411 0.036710 0.068175
35 0.308945 0.391672 0.025347 0.043265
35 0.402030 0.441492 0.031465 0.038021
35 0.193572 0.326119 0.028843 0.043265
3 0.193572 0.387739 0.023599 0.045887
3 0.366195 0.446737 0.022725 0.038021
29 0.846043 0.503768 0.033214 0.052442
20 0.229407 0.392983 0.030591 0.048509
21 0.271796 0.335574 0.029752 0.040889
11 0.191387 0.442148 0.026221 0.041954
22 0.236837 0.330052 0.029717 0.043265
22 0.450540 0.447392 0.025347 0.049820
17 0.582083 0.391017 0.017481 0.044576
11 0.474139 0.625041 0.049820 0.072108
11 0.824192 0.444115 0.022725 0.035399
13 0.530514 0.451981 0.029717 0.040643
28 0.230281 0.445426 0.027095 0.048509
28 0.521337 0.394294 0.028843 0.040643
0 0.840361 0.209435 0.027095 0.048509