24 0.305286 0.698851 0.014857 0.118227
24 0.302143 0.912972 0.014286 0.110345
24 0.437143 0.926108 0.014286 0.115599
11 0.386786 0.919540 0.025000 0.126108
11 0.364286 0.913300 0.011429 0.115599
11 0.719643 0.721182 0.012143 0.107718
36 0.476786 0.708046 0.027857 0.118227
20 0.522143 0.923481 0.031429 0.107718
15 0.494643 0.918227 0.020714 0.139245
32 0.578571 0.932184 0.025714 0.135632
32 0.621071 0.934811 0.029286 0.130378
32 0.550000 0.725123 0.028571 0.152381
26 0.377500 0.700164 0.017857 0.107718
26 0.450357 0.704105 0.009286 0.115599
26 0.526786 0.717241 0.012143 0.105090
26 0.645000 0.709360 0.024286 0.131363
8 0.672143 0.713301 0.021429 0.118227
8 0.550714 0.918227 0.020000 0.144499
10 0.415000 0.933990 0.018571 0.123481
10 0.676429 0.928736 0.020000 0.118227
0 0.717857 0.918227 0.027143 0.128736
32 0.697500 0.713300 0.019286 0.112972
28 0.606429 0.713301 0.020000 0.118227
1 0.461429 0.915599 0.027143 0.123481
13 0.354286 0.701478 0.022857 0.126108
25 0.328214 0.697537 0.017857 0.118227
25 0.649643 0.919540 0.023571 0.120854
5 0.578929 0.714614 0.025000 0.141872
2 0.332500 0.916420 0.035000 0.167159
22 0.428571 0.704105 0.021429 0.131363
25 0.401786 0.697537 0.020714 0.112972
13 0.504643 0.696223 0.022143 0.136617
13 0.600357 0.923317 0.019286 0.116585