9 0.272235 0.523434 0.013111 0.039332
4 0.310693 0.472302 0.025347 0.034088
18 0.837302 0.316286 0.017481 0.034088
4 0.122775 0.357585 0.027095 0.030154
3 0.145937 0.358896 0.015733 0.035399
3 0.889745 0.436248 0.013985 0.032776
3 0.237274 0.517534 0.016607 0.024910
16 0.253007 0.480824 0.020103 0.035399
7 0.391105 0.352340 0.013111 0.035399
0 0.409023 0.352340 0.015733 0.024910
22 0.350462 0.355618 0.015733 0.028843
22 0.874886 0.439526 0.010489 0.031465
35 0.922084 0.440181 0.017481 0.027532
25 0.878819 0.311042 0.016607 0.028843
0 0.798408 0.333985 0.018355 0.030154
28 0.332544 0.516223 0.014859 0.030154
28 0.634962 0.461158 0.013111 0.035399
28 0.529640 0.351029 0.020977 0.019666
28 0.856094 0.445426 0.014859 0.030154
28 0.753394 0.449359 0.013985 0.024910
24 0.822007 0.448048 0.009615 0.030154
9 0.792726 0.451981 0.010488 0.032776
13 0.552365 0.341852 0.013985 0.024910
25 0.610489 0.461158 0.020103 0.035399