22 0.138250 0.747701 0.019500 0.158161
34 0.161000 0.741264 0.024000 0.130575
34 0.323500 0.733908 0.026000 0.123218
34 0.650000 0.734828 0.029000 0.125058
34 0.351750 0.929770 0.029500 0.137931
34 0.221750 0.935345 0.024500 0.129310
34 0.212000 0.744713 0.040000 0.193103
3 0.246750 0.739195 0.029500 0.145287
3 0.556500 0.732759 0.029000 0.154483
3 0.579000 0.930747 0.031000 0.138506
3 0.454750 0.934138 0.034500 0.130575
9 0.270250 0.770460 0.018500 0.204138
9 0.532250 0.772299 0.016500 0.204138
11 0.294250 0.741954 0.029500 0.169195
11 0.663500 0.933506 0.029000 0.132989
11 0.611000 0.934425 0.030000 0.131149
30 0.373250 0.734598 0.038500 0.143448
30 0.424000 0.728161 0.033000 0.145288
30 0.587250 0.734598 0.035500 0.147126
1 0.458000 0.729080 0.030000 0.158161
22 0.410000 0.939943 0.019000 0.120115
17 0.482250 0.739195 0.016500 0.137931
17 0.687000 0.939943 0.017000 0.120115
17 0.429000 0.918793 0.015000 0.162414
0 0.506250 0.709770 0.035500 0.189425
0 0.296000 0.935058 0.036000 0.125057
3 0.499750 0.924310 0.027500 0.144023
25 0.621250 0.733678 0.027500 0.156322
25 0.548000 0.920632 0.029000 0.158736
25 0.382250 0.927989 0.031500 0.144023
25 0.194750 0.935057 0.032500 0.125058
37 0.143000 0.925230 0.043000 0.149540
24 0.172000 0.914828 0.016000 0.165517
24 0.524750 0.924310 0.018500 0.151379
28 0.266500 0.939943 0.028000 0.120115
21 0.323750 0.929828 0.021500 0.140345
10 0.639500 0.930747 0.021000 0.138506