9 0.342166 0.109399 0.020632 0.198496
9 0.423920 0.321930 0.021148 0.214536
9 0.785751 0.723935 0.024758 0.216541
28 0.365893 0.081328 0.026821 0.146366
28 0.527079 0.077569 0.029400 0.140351
28 0.448162 0.288847 0.027337 0.148371
28 0.714055 0.284837 0.024758 0.160401
28 0.457189 0.493358 0.028885 0.140351
28 0.582527 0.698872 0.023727 0.138346
28 0.693166 0.913409 0.026306 0.138346
32 0.395035 0.096366 0.031464 0.156391
28 0.488395 0.897368 0.028369 0.154386
3 0.425725 0.075313 0.030948 0.150376
3 0.461057 0.069298 0.032495 0.134336
3 0.746035 0.074311 0.028885 0.140351
3 0.513153 0.282832 0.037653 0.152381
3 0.785751 0.896366 0.031979 0.140351
30 0.354545 0.891353 0.033011 0.182456
30 0.529142 0.678822 0.031464 0.162406
30 0.634623 0.483333 0.027853 0.160401
30 0.734429 0.480326 0.030432 0.166416
24 0.551064 0.077318 0.018569 0.146366
24 0.653965 0.083333 0.019084 0.142356
24 0.343198 0.286842 0.025790 0.152381
24 0.509284 0.496366 0.017537 0.134336
24 0.433204 0.904386 0.020116 0.152381
24 0.671760 0.912093 0.017537 0.175815
34 0.573243 0.082331 0.023727 0.148371
34 0.369761 0.280827 0.027337 0.168421
34 0.639265 0.700877 0.024758 0.142356
34 0.407415 0.910401 0.032495 0.148371
34 0.631012 0.082331 0.034043 0.156391
22 0.600322 0.081328 0.023211 0.154386
22 0.808962 0.072306 0.022695 0.132331
22 0.584333 0.493358 0.024242 0.156391
22 0.350419 0.490351 0.029916 0.158396
22 0.348872 0.693860 0.030948 0.144361
22 0.381625 0.905388 0.025274 0.178446
22 0.513927 0.897368 0.022695 0.146366
25 0.680529 0.072306 0.031979 0.128321
25 0.776209 0.070238 0.030432 0.140476
25 0.531206 0.486341 0.030432 0.146366
25 0.766667 0.482331 0.033011 0.138346
3 0.656028 0.278822 0.031464 0.160401
11 0.493553 0.079323 0.031464 0.146366
11 0.713282 0.073308 0.030432 0.130326
11 0.685171 0.272807 0.025790 0.176441
11 0.662218 0.489348 0.028369 0.176441
11 0.612959 0.700877 0.023727 0.182456
5 0.394778 0.290852 0.031979 0.196491
20 0.743714 0.276817 0.030432 0.156391
20 0.397357 0.486341 0.037137 0.154386
11 0.479110 0.277820 0.032495 0.170426
0 0.562411 0.279825 0.035074 0.142356
26 0.590522 0.284837 0.013927 0.140351
17 0.373372 0.492356 0.012895 0.190476
17 0.610123 0.475313 0.015990 0.168421
17 0.679239 0.704887 0.012895 0.146366
4 0.451515 0.709900 0.040232 0.160401
4 0.611412 0.903383 0.042295 0.166416
4 0.731850 0.706892 0.041780 0.174436
2 0.782656 0.299875 0.041264 0.222556
33 0.746293 0.910401 0.032495 0.172431
14 0.384204 0.685840 0.039716 0.164411
14 0.546164 0.903383 0.036622 0.154386
13 0.486331 0.496366 0.022179 0.138346
10 0.558285 0.501378 0.019600 0.196491
7 0.792199 0.496366 0.015990 0.130326
7 0.762540 0.685840 0.018569 0.168421
7 0.580206 0.902381 0.021148 0.160401
7 0.419536 0.700877 0.016506 0.142356
25 0.456931 0.899373 0.029400 0.182456
16 0.721019 0.908083 0.026306 0.183835
16 0.701419 0.700877 0.022179 0.190476
16 0.804320 0.702882 0.015474 0.230576
12 0.559574 0.707895 0.023211 0.180451
15 0.647260 0.905075 0.022179 0.189850
15 0.489684 0.706892 0.028885 0.170426
15 0.695487 0.497368 0.034043 0.180451
18 0.428046 0.484336 0.025274 0.166416