25 0.614422 0.462469 0.024473 0.032777
16 0.253881 0.479513 0.016607 0.035399
3 0.238148 0.516223 0.011363 0.032776
3 0.889745 0.437559 0.012237 0.032777
35 0.923395 0.439526 0.018355 0.036710
25 0.878819 0.312353 0.018355 0.028843
18 0.837739 0.317597 0.023599 0.039332
24 0.820696 0.446081 0.010488 0.039332
34 0.370128 0.355618 0.016607 0.031465
4 0.121901 0.356273 0.027095 0.027532
4 0.308945 0.475580 0.027095 0.030154
11 0.433059 0.349718 0.016607 0.035399
13 0.551928 0.341852 0.016607 0.030154
28 0.336040 0.468369 0.021851 0.028843
3 0.146374 0.356929 0.013111 0.036710
11 0.193572 0.358240 0.018355 0.026221
35 0.163854 0.364795 0.021851 0.031465
22 0.874449 0.444115 0.016607 0.030154