4 0.147500 0.786322 0.047000 0.172874
4 0.483250 0.757816 0.038500 0.171035
34 0.181750 0.761494 0.027500 0.163678
34 0.519000 0.740345 0.023000 0.143448
34 0.458250 0.942356 0.029500 0.115287
32 0.212250 0.775977 0.035500 0.152644
17 0.236000 0.764023 0.021000 0.125058
17 0.671000 0.753908 0.011000 0.145287
17 0.376750 0.939943 0.013500 0.120115
17 0.539750 0.943621 0.013500 0.112759
17 0.135250 0.965690 0.018500 0.068621
8 0.260000 0.752989 0.018000 0.143448
9 0.285000 0.800805 0.017000 0.202299
9 0.598000 0.782414 0.019000 0.220690
18 0.309000 0.741034 0.030000 0.171035
18 0.234250 0.939023 0.028500 0.121954
24 0.343000 0.750230 0.016000 0.130575
24 0.545250 0.740115 0.020500 0.147126
24 0.600250 0.944828 0.025500 0.102988
25 0.370500 0.746552 0.028000 0.137931
25 0.571750 0.734598 0.027500 0.187586
25 0.354750 0.942701 0.028500 0.114598
24 0.327750 0.945460 0.017500 0.109080
34 0.305000 0.938103 0.021000 0.123793
11 0.159000 0.946379 0.030000 0.107241
11 0.513750 0.948218 0.032500 0.103563
11 0.624750 0.940862 0.025500 0.118276
11 0.427750 0.741954 0.029500 0.154483
28 0.397000 0.749310 0.023000 0.132414
28 0.619250 0.748391 0.026500 0.152644
6 0.451750 0.745632 0.014500 0.158161
36 0.401750 0.929828 0.026500 0.140345
22 0.109000 0.954655 0.020000 0.090690
22 0.432000 0.939943 0.017000 0.120115
7 0.487000 0.932586 0.022000 0.134827
5 0.650250 0.752989 0.028500 0.202299
3 0.658250 0.932586 0.025500 0.134827
14 0.567500 0.931667 0.038000 0.136667