11 0.157250 0.691609 0.024500 0.130575
11 0.272750 0.683333 0.027500 0.139770
11 0.440250 0.684253 0.027500 0.145287
11 0.621000 0.682414 0.030000 0.137931
28 0.182250 0.687931 0.025500 0.117701
28 0.384000 0.683103 0.025000 0.128736
28 0.563750 0.676667 0.024500 0.134253
4 0.217000 0.693218 0.035000 0.152644
6 0.248000 0.688621 0.018000 0.117701
6 0.711750 0.695057 0.017500 0.148965
6 0.521250 0.881724 0.017500 0.132414
3 0.304000 0.677586 0.026000 0.128736
36 0.334500 0.673908 0.029000 0.161839
9 0.363000 0.709770 0.016000 0.207816
9 0.539250 0.705172 0.018500 0.187586
22 0.411000 0.683103 0.021000 0.154483
22 0.246000 0.881724 0.024000 0.125057
22 0.612000 0.888161 0.024000 0.119540
17 0.466500 0.680345 0.016000 0.141609
17 0.590500 0.883218 0.018000 0.137931
17 0.633250 0.888161 0.017500 0.137931
17 0.646250 0.680345 0.015500 0.134253
26 0.487000 0.681264 0.023000 0.136092
26 0.466000 0.880805 0.028000 0.141609
8 0.513750 0.683104 0.021500 0.143448
8 0.154000 0.893678 0.028000 0.123218
8 0.657500 0.889081 0.023000 0.139770
7 0.594250 0.682184 0.025500 0.156322
22 0.669500 0.689540 0.023000 0.134253
24 0.689500 0.689540 0.016000 0.167356
24 0.543750 0.888161 0.018500 0.123218
18 0.181250 0.867931 0.029500 0.145287
30 0.217250 0.876207 0.032500 0.161839
30 0.347000 0.878966 0.033000 0.137931
35 0.306500 0.880805 0.031000 0.174713
35 0.408500 0.879885 0.036000 0.128736
25 0.379000 0.884483 0.029000 0.204138
29 0.496250 0.898276 0.028500 0.165517
21 0.276250 0.889080 0.028500 0.180230
21 0.564500 0.890920 0.023000 0.180230
34 0.684000 0.890000 0.024000 0.160000