24 0.321000 0.700805 0.022000 0.134253
24 0.734750 0.697126 0.013500 0.137931
25 0.346750 0.691609 0.030500 0.156322
25 0.758750 0.694368 0.028500 0.136092
25 0.687500 0.892069 0.031000 0.147126
22 0.376250 0.700575 0.024500 0.145288
22 0.654000 0.702414 0.022000 0.167356
28 0.407000 0.712529 0.030000 0.165517
28 0.485000 0.709770 0.025000 0.141609
28 0.540500 0.706092 0.027000 0.130575
28 0.596500 0.706092 0.023000 0.126897
28 0.709000 0.704253 0.020000 0.145287
21 0.571250 0.702414 0.023500 0.163678
21 0.678500 0.704253 0.029000 0.152644
21 0.329000 0.907471 0.025000 0.150805
11 0.455750 0.701494 0.033500 0.165517
11 0.501000 0.911149 0.030000 0.139770
29 0.513250 0.700575 0.026500 0.160000
29 0.625500 0.898276 0.030000 0.150805
3 0.627500 0.703333 0.027000 0.143448
3 0.791250 0.701494 0.029500 0.169195
3 0.751500 0.898276 0.032000 0.139770
3 0.716250 0.901034 0.029500 0.160000
3 0.420750 0.912988 0.033500 0.139770
34 0.355500 0.907471 0.022000 0.114023
3 0.658000 0.891839 0.027000 0.163678
13 0.547250 0.908391 0.020500 0.130575
17 0.527500 0.902874 0.014000 0.156322
17 0.570750 0.905632 0.014500 0.147126
26 0.596750 0.910230 0.027500 0.137931
5 0.778750 0.909598 0.030500 0.180804
4 0.462000 0.913276 0.044000 0.173448