11 0.147000 0.686092 0.031000 0.130575
11 0.558500 0.681494 0.027000 0.143448
11 0.507250 0.863563 0.030500 0.165517
3 0.177000 0.688851 0.028000 0.139770
3 0.237500 0.874598 0.033000 0.141609
30 0.211750 0.677586 0.032500 0.139770
30 0.186250 0.882644 0.038500 0.130575
22 0.242250 0.676667 0.022500 0.145287
22 0.649250 0.669310 0.020500 0.137931
22 0.606000 0.878966 0.025000 0.141609
22 0.563000 0.872529 0.023000 0.158161
22 0.411000 0.872529 0.021000 0.143448
6 0.265000 0.680345 0.018000 0.126897
6 0.314250 0.664713 0.014500 0.136092
6 0.482500 0.871609 0.019000 0.134253
6 0.430750 0.872529 0.016500 0.139770
6 0.313250 0.879885 0.016500 0.121379
36 0.150500 0.886322 0.036000 0.148966
21 0.288750 0.685862 0.026500 0.160000
21 0.335750 0.683104 0.026500 0.161839
18 0.367250 0.669310 0.030500 0.174713
18 0.476000 0.655517 0.028000 0.172874
18 0.651750 0.863333 0.030500 0.154483
0 0.398000 0.664713 0.030000 0.147126
0 0.335750 0.877126 0.027500 0.137931
0 0.266000 0.877126 0.027000 0.141609
17 0.422750 0.671149 0.009500 0.137931
17 0.672250 0.674828 0.017500 0.141609
17 0.586750 0.867931 0.014500 0.193103
25 0.446250 0.647241 0.028500 0.160000
25 0.527750 0.666552 0.030500 0.154483
25 0.624500 0.669310 0.032000 0.137931
24 0.502500 0.661034 0.019000 0.161839
24 0.630000 0.865172 0.021000 0.194943
35 0.590750 0.663793 0.037500 0.174713
9 0.295500 0.900402 0.018000 0.199195
9 0.363500 0.900402 0.016000 0.199195
28 0.382000 0.891839 0.023000 0.193103
32 0.454000 0.865172 0.033000 0.231724
34 0.535500 0.875287 0.026000 0.200460