14 0.360500 0.715517 0.043000 0.130575
6 0.391500 0.698966 0.018000 0.152644
11 0.416750 0.708161 0.026500 0.156322
11 0.697000 0.696207 0.033000 0.132414
11 0.384000 0.909885 0.035000 0.132414
3 0.449500 0.703333 0.029000 0.158161
3 0.592250 0.704253 0.028500 0.141609
3 0.758000 0.713448 0.029000 0.156322
3 0.763500 0.902874 0.031000 0.137931
36 0.480250 0.708851 0.030500 0.132414
4 0.514250 0.709770 0.034500 0.204138
4 0.465500 0.918793 0.043000 0.162414
4 0.623750 0.907471 0.038500 0.180230
10 0.546250 0.712529 0.015500 0.169195
10 0.501000 0.911437 0.021000 0.177126
10 0.654250 0.907759 0.025500 0.184483
34 0.644000 0.711609 0.024000 0.156322
34 0.416500 0.906552 0.023000 0.152644
32 0.352250 0.916954 0.030500 0.166092
32 0.569250 0.912356 0.029500 0.175287
15 0.541500 0.919713 0.028000 0.160575
13 0.667750 0.689540 0.020500 0.174713
25 0.683250 0.897356 0.028500 0.156322
22 0.715000 0.913908 0.028000 0.156322
17 0.736500 0.894598 0.013000 0.176552
24 0.520500 0.914195 0.020000 0.171609
28 0.725000 0.707931 0.025000 0.163678
0 0.793250 0.711609 0.032500 0.182069