22 0.152250 0.735747 0.021500 0.126897
17 0.173000 0.725632 0.015000 0.136092
3 0.198500 0.722874 0.026000 0.137931
3 0.530250 0.911379 0.026500 0.150805
3 0.666000 0.913218 0.028000 0.134253
0 0.231000 0.725402 0.028000 0.125057
0 0.359750 0.730000 0.027500 0.123219
0 0.582000 0.915747 0.030000 0.123218
9 0.254500 0.751149 0.015000 0.213333
9 0.385250 0.760345 0.011500 0.198621
17 0.404750 0.722644 0.014500 0.112184
17 0.247750 0.928621 0.015500 0.115862
1 0.281500 0.715287 0.025000 0.167356
34 0.309250 0.724483 0.028500 0.148966
34 0.450750 0.723563 0.024500 0.143448
34 0.455500 0.917586 0.028000 0.145287
34 0.193750 0.919425 0.028500 0.134253
22 0.422750 0.728161 0.023500 0.160000
22 0.502500 0.714368 0.022000 0.106667
7 0.479750 0.734598 0.026500 0.176552
18 0.526500 0.711609 0.032000 0.152644
2 0.567500 0.718966 0.041000 0.160000
2 0.342000 0.933506 0.048000 0.132989
28 0.601000 0.715287 0.022000 0.130575
28 0.700500 0.719885 0.036000 0.150805
30 0.634500 0.712529 0.037000 0.147126
11 0.670250 0.714368 0.026500 0.169195
11 0.636000 0.914828 0.031000 0.158161
24 0.606000 0.909310 0.016000 0.165517
4 0.157500 0.925230 0.042000 0.149540
5 0.223250 0.925230 0.024500 0.149540
25 0.272000 0.924943 0.030000 0.148965
25 0.501250 0.913908 0.030500 0.130575
24 0.554500 0.919425 0.017000 0.160000
6 0.373500 0.926149 0.021000 0.147701
36 0.400750 0.919713 0.026500 0.160575
8 0.431250 0.925230 0.020500 0.149540
35 0.300250 0.916954 0.032500 0.158736