13 0.136250 0.685172 0.019500 0.121379
13 0.527250 0.674138 0.021500 0.125057
9 0.156250 0.705402 0.016500 0.176552
9 0.316750 0.703563 0.013500 0.176552
9 0.664750 0.722874 0.014500 0.180230
17 0.175000 0.690460 0.013000 0.132414
8 0.195750 0.682184 0.024500 0.137931
8 0.369750 0.875287 0.020500 0.126897
28 0.221750 0.684943 0.027500 0.147126
28 0.312250 0.876207 0.023500 0.136092
28 0.414500 0.882644 0.021000 0.134253
28 0.502250 0.678506 0.020500 0.148966
3 0.263750 0.678506 0.029500 0.137931
3 0.210000 0.879885 0.025000 0.154483
3 0.341750 0.684023 0.029500 0.126897
3 0.630750 0.881724 0.031500 0.158161
25 0.292500 0.673908 0.028000 0.143448
25 0.573250 0.871609 0.026500 0.141609
32 0.371000 0.686782 0.026000 0.161839
11 0.400750 0.674828 0.027500 0.137931
11 0.476250 0.677586 0.030500 0.132414
11 0.341500 0.874368 0.027000 0.128736
11 0.289000 0.879885 0.026000 0.125057
11 0.178000 0.879885 0.035000 0.128736
6 0.426500 0.670230 0.017000 0.169196
6 0.680250 0.684943 0.013500 0.128736
6 0.153500 0.875287 0.017000 0.134253
6 0.529500 0.878966 0.015000 0.123218
24 0.132250 0.871609 0.018500 0.134253
24 0.392500 0.867012 0.017000 0.132414
24 0.617500 0.685862 0.017000 0.104828
24 0.550500 0.881724 0.019000 0.125057
22 0.445500 0.673908 0.019000 0.139770
22 0.570500 0.684023 0.022000 0.123219
22 0.602750 0.873448 0.025500 0.148966
22 0.437750 0.879885 0.020500 0.147126
30 0.239750 0.867931 0.032500 0.148966
30 0.662500 0.884483 0.032000 0.126897
14 0.500750 0.873448 0.037500 0.134253
17 0.551000 0.678506 0.014000 0.130575
1 0.640250 0.684023 0.025500 0.126897
34 0.466500 0.878966 0.027000 0.148965