3 0.337750 0.733908 0.028500 0.137931
3 0.500250 0.932701 0.025500 0.134598
3 0.403750 0.934368 0.025500 0.126896
4 0.376250 0.730230 0.048500 0.185747
4 0.462250 0.928563 0.044500 0.142874
34 0.413250 0.740115 0.027500 0.132414
34 0.675000 0.735517 0.022000 0.134253
34 0.728750 0.741034 0.025500 0.126896
34 0.798000 0.730920 0.029000 0.147126
24 0.454750 0.736437 0.015500 0.125058
24 0.430250 0.934425 0.017500 0.131149
24 0.379000 0.934138 0.020000 0.123218
6 0.356250 0.932299 0.017500 0.130575
6 0.621750 0.740115 0.014500 0.128736
6 0.548500 0.941782 0.019000 0.116437
6 0.772500 0.936264 0.016000 0.127471
17 0.474750 0.730000 0.017500 0.123219
17 0.527650 0.928460 0.026300 0.143080
26 0.498750 0.742874 0.026500 0.115862
8 0.525750 0.739195 0.021500 0.137931
8 0.702000 0.738276 0.023000 0.136092
9 0.552750 0.760345 0.014500 0.147126
28 0.574750 0.741954 0.019500 0.150805
28 0.703750 0.928908 0.023500 0.142184
21 0.329750 0.933218 0.025500 0.128736
7 0.598500 0.757586 0.019000 0.163678
11 0.646000 0.737356 0.026000 0.145288
11 0.673000 0.935345 0.026000 0.129310
22 0.769000 0.743793 0.025000 0.158161
3 0.574000 0.938103 0.028000 0.123793
3 0.607500 0.939023 0.033000 0.121954
20 0.641750 0.931667 0.028500 0.136667
14 0.739500 0.937184 0.037000 0.118276