21 0.140250 0.710000 0.025500 0.119540
34 0.168750 0.713678 0.028500 0.141609
34 0.429750 0.696207 0.024500 0.147126
34 0.498500 0.701724 0.022000 0.143448
0 0.218000 0.711839 0.031000 0.136092
9 0.245750 0.737356 0.014500 0.196782
3 0.272250 0.713448 0.025500 0.126896
3 0.600000 0.698736 0.024000 0.145287
3 0.658750 0.898276 0.031500 0.136092
3 0.419250 0.902874 0.026500 0.134253
3 0.335750 0.907471 0.026500 0.143448
3 0.174750 0.903793 0.024500 0.128736
11 0.143500 0.904713 0.029000 0.145287
11 0.400250 0.703333 0.026500 0.143448
11 0.505000 0.905632 0.029000 0.128736
11 0.450250 0.906552 0.030500 0.141609
22 0.301000 0.715287 0.024000 0.137931
22 0.572250 0.694138 0.020500 0.136092
8 0.601000 0.906552 0.030000 0.171034
8 0.286250 0.903793 0.021500 0.136092
6 0.325750 0.710690 0.015500 0.125057
6 0.374000 0.708851 0.013000 0.128736
6 0.263250 0.918506 0.021500 0.128736
32 0.350500 0.722644 0.026000 0.141609
32 0.630750 0.711609 0.027500 0.156322
22 0.472250 0.711609 0.022500 0.130575
17 0.522750 0.704253 0.011500 0.123219
17 0.579250 0.901954 0.010500 0.121379
15 0.546250 0.726322 0.024500 0.152644
18 0.661250 0.688621 0.028500 0.161839
36 0.206000 0.910230 0.030000 0.137931
25 0.238000 0.912988 0.030000 0.150805
25 0.386250 0.902874 0.030500 0.137931
13 0.558500 0.901954 0.017000 0.125058
28 0.533000 0.912988 0.020000 0.161839
28 0.628000 0.901034 0.024000 0.137931
6 0.308500 0.909310 0.014000 0.147126
24 0.361750 0.906552 0.014500 0.148966
10 0.476750 0.908391 0.015500 0.148965