32 0.301976 0.517534 0.026221 0.030154
7 0.258274 0.512290 0.013985 0.022288
35 0.286680 0.470991 0.023599 0.023599
35 0.263081 0.381839 0.011363 0.031465
37 0.285346 0.381662 0.025347 0.018000
24 0.255192 0.568010 0.013985 0.028843
10 0.236400 0.613241 0.016607 0.035399
10 0.203186 0.612586 0.011363 0.023599
11 0.220112 0.614552 0.015496 0.032777
3 0.236400 0.382495 0.016607 0.024910
24 0.250703 0.384461 0.012000 0.031465
4 0.262621 0.467058 0.023599 0.026221
16 0.284909 0.573254 0.015733 0.028843
1 0.358765 0.613241 0.013111 0.030154
26 0.338225 0.612586 0.017481 0.031465
26 0.684782 0.602753 0.020103 0.038021
31 0.156862 0.573910 0.016607 0.032777
3 0.277917 0.608653 0.015733 0.023599