11 0.139250 0.805632 0.028500 0.141609
11 0.412000 0.812069 0.025000 0.132414
11 0.555150 0.822920 0.032300 0.137563
6 0.163250 0.801035 0.014500 0.114023
7 0.184250 0.809310 0.022500 0.114023
28 0.208250 0.812759 0.021500 0.123218
28 0.440750 0.811839 0.024500 0.125058
28 0.512750 0.818276 0.027500 0.115862
0 0.237750 0.792529 0.030500 0.145287
9 0.262500 0.839425 0.016000 0.187586
28 0.286000 0.808161 0.024000 0.128736
22 0.313750 0.809080 0.023500 0.119540
32 0.336750 0.819195 0.027500 0.154483
34 0.365750 0.802644 0.025500 0.150805
3 0.588250 0.826552 0.025500 0.147126
29 0.614750 0.829310 0.027500 0.137931
25 0.645500 0.825632 0.030000 0.145287
17 0.666250 0.826552 0.017500 0.143448