29 0.308000 0.787241 0.037000 0.185747
28 0.338500 0.790920 0.023000 0.123218
28 0.515500 0.952931 0.019000 0.094138
28 0.693500 0.957529 0.022000 0.084943
28 0.754750 0.955230 0.019500 0.089540
14 0.371750 0.792529 0.036500 0.156322
20 0.410000 0.779655 0.028000 0.156322
20 0.492000 0.787931 0.029000 0.132414
20 0.693000 0.774138 0.027000 0.156322
24 0.436750 0.785172 0.017500 0.137931
3 0.461000 0.779655 0.028000 0.152644
25 0.522500 0.778736 0.025000 0.176552
25 0.607750 0.775977 0.022500 0.163678
25 0.335750 0.957414 0.031500 0.085172
15 0.554250 0.777816 0.022500 0.163678
15 0.667750 0.782414 0.023500 0.158161
11 0.638500 0.775977 0.027000 0.148965
29 0.581000 0.774138 0.024000 0.148965
1 0.726250 0.775977 0.025500 0.145287
9 0.754250 0.802644 0.011500 0.165517
17 0.772000 0.789770 0.016000 0.114023
22 0.793750 0.786092 0.016500 0.154483
0 0.648000 0.950057 0.024000 0.099885
24 0.672000 0.959253 0.012000 0.081494
11 0.725250 0.950057 0.026500 0.099885
13 0.443500 0.959253 0.023000 0.081494
13 0.490500 0.950690 0.021000 0.086437
3 0.597000 0.953736 0.025000 0.092529
24 0.623250 0.958046 0.013500 0.071724
36 0.413250 0.968448 0.029500 0.063103
22 0.366500 0.956494 0.021000 0.087012