9 0.269613 0.318589 0.011363 0.059956
35 0.471080 0.440415 0.036710 0.033167
15 0.572031 0.596046 0.014859 0.043373
1 0.584268 0.660466 0.021851 0.049751
16 0.466272 0.599235 0.021851 0.039545
32 0.441362 0.594132 0.022725 0.039545
24 0.419074 0.596683 0.020103 0.044648
10 0.391979 0.661742 0.027095 0.049751
10 0.340411 0.662380 0.018355 0.035718
11 0.297583 0.598597 0.023599 0.045924
4 0.434807 0.442328 0.032339 0.029340
8 0.603497 0.221639 0.034088 0.062507
37 0.468020 0.309022 0.027095 0.035718
21 0.402467 0.505474 0.021851 0.038270
9 0.527556 0.514068 0.024889 0.081732
32 0.491111 0.512771 0.032000 0.053191
35 0.433778 0.316225 0.020444 0.033731
25 0.328889 0.307143 0.022222 0.028541
7 0.288000 0.309738 0.016889 0.038920
26 0.551556 0.656126 0.023111 0.036325