3 0.128000 0.672299 0.032000 0.150805
3 0.553250 0.675977 0.029500 0.154483
3 0.620000 0.686092 0.032000 0.137931
3 0.664000 0.684253 0.027000 0.141609
3 0.662250 0.873678 0.027500 0.128736
3 0.631250 0.878966 0.026500 0.119540
3 0.445250 0.876207 0.035500 0.132414
3 0.378000 0.882644 0.030000 0.148966
0 0.190500 0.674828 0.025000 0.137931
0 0.312000 0.685862 0.030000 0.137931
0 0.384000 0.684023 0.030000 0.137931
28 0.159750 0.679425 0.027500 0.143448
21 0.221750 0.679425 0.027500 0.121379
21 0.155000 0.877126 0.027000 0.137931
34 0.250500 0.670230 0.025000 0.154483
9 0.339750 0.704253 0.014500 0.182069
17 0.357500 0.675747 0.012000 0.114023
17 0.408000 0.692299 0.014000 0.143448
17 0.209500 0.874368 0.014000 0.117701
22 0.429500 0.681264 0.020000 0.143448
22 0.234000 0.879885 0.021000 0.139770
18 0.458000 0.654598 0.027000 0.174713
18 0.260000 0.862414 0.027000 0.160000
8 0.125500 0.874368 0.032000 0.172874
32 0.488250 0.711609 0.030500 0.193103
11 0.521500 0.674828 0.030000 0.148966
11 0.347250 0.881724 0.030500 0.136092
11 0.566500 0.879885 0.026000 0.143448
25 0.313000 0.876207 0.029000 0.125058
13 0.183750 0.877127 0.024500 0.134253
1 0.585000 0.684023 0.029000 0.123219
1 0.600750 0.873448 0.031500 0.152644
4 0.497250 0.890000 0.047500 0.134253
29 0.534250 0.868851 0.022500 0.147126
24 0.290500 0.885402 0.020000 0.147127
1 0.409750 0.885402 0.029500 0.165517