30 0.332750 0.675057 0.043500 0.148966
30 0.544000 0.680575 0.037000 0.130575
3 0.379000 0.680575 0.025000 0.134253
3 0.577500 0.680575 0.022000 0.141609
3 0.772250 0.679655 0.027500 0.115862
3 0.680250 0.885402 0.028500 0.139770
3 0.578250 0.881724 0.027500 0.150805
0 0.409750 0.681264 0.029500 0.132414
0 0.721250 0.681264 0.024500 0.154483
3 0.510250 0.684943 0.023500 0.125057
17 0.433750 0.682184 0.013500 0.101149
17 0.485000 0.690460 0.011000 0.147127
32 0.604750 0.695057 0.027500 0.185747
18 0.630250 0.670230 0.026500 0.150805
18 0.458000 0.855977 0.024000 0.147126
1 0.458250 0.689540 0.030500 0.141609
33 0.666500 0.685862 0.041000 0.163678
6 0.693000 0.679425 0.023000 0.165517
24 0.410750 0.875287 0.017500 0.126897
24 0.795500 0.671150 0.015000 0.130575
6 0.779500 0.875287 0.017000 0.137931
9 0.747000 0.697816 0.014000 0.165517
36 0.328000 0.867931 0.033000 0.174713
36 0.712250 0.882644 0.026500 0.137931
25 0.360750 0.871609 0.027500 0.145287
25 0.488750 0.864253 0.029500 0.145287
34 0.519000 0.884483 0.024000 0.123218
21 0.544500 0.891839 0.029000 0.182069
10 0.389250 0.876207 0.019500 0.176552
28 0.637250 0.884483 0.023500 0.167356
15 0.610500 0.901322 0.031000 0.197356
22 0.434500 0.889080 0.025000 0.128736
2 0.750000 0.894885 0.035000 0.210230