32 0.300889 0.513667 0.021333 0.033333
32 0.268444 0.568333 0.016889 0.030667
11 0.219556 0.609000 0.016889 0.029333
10 0.236028 0.611333 0.015500 0.030000
35 0.287111 0.470333 0.020444 0.029333
35 0.262667 0.385667 0.014222 0.028000
37 0.285333 0.380333 0.020444 0.025333
1 0.601778 0.581667 0.016889 0.033333
26 0.684889 0.604333 0.014222 0.038667
26 0.337778 0.609667 0.018667 0.028000
1 0.359111 0.614333 0.015111 0.024000
15 0.353333 0.569000 0.012444 0.026667
21 0.240000 0.507667 0.015111 0.026667
4 0.264000 0.468333 0.022222 0.022667