25 0.140185 0.649298 0.027407 0.125330
22 0.168333 0.642486 0.018519 0.106258
18 0.193889 0.638399 0.028148 0.136228
36 0.236111 0.643295 0.028148 0.119881
3 0.270185 0.640741 0.023704 0.128054
22 0.297593 0.636484 0.019259 0.128054
21 0.327593 0.639208 0.028889 0.128055
32 0.359815 0.662367 0.029630 0.147127
32 0.389445 0.648744 0.026667 0.130779
17 0.411296 0.650106 0.011111 0.117156
17 0.470185 0.639208 0.011852 0.117156
4 0.442778 0.654193 0.040000 0.147126
21 0.495000 0.650106 0.027407 0.128054
21 0.522407 0.647382 0.028889 0.122606
25 0.554259 0.644657 0.028889 0.117156
25 0.584259 0.644657 0.035556 0.117156
0 0.633519 0.637846 0.027407 0.119881
9 0.657222 0.703235 0.014074 0.250660
7 0.677963 0.640571 0.015556 0.136228
33 0.141296 0.854449 0.040000 0.117156
7 0.171667 0.855811 0.020741 0.130779
26 0.195741 0.855811 0.022963 0.119881
16 0.225741 0.876245 0.028148 0.171648
18 0.255000 0.828565 0.025926 0.141678
24 0.279444 0.855811 0.015556 0.108982
24 0.432778 0.854449 0.014074 0.111707
25 0.302778 0.847637 0.026667 0.103534
25 0.454630 0.846275 0.026667 0.122605
3 0.333519 0.849000 0.025926 0.128054
3 0.612778 0.849000 0.025926 0.117156
24 0.359074 0.855811 0.013333 0.114431
22 0.380556 0.850362 0.020741 0.114432
18 0.404630 0.840826 0.025926 0.138953
10 0.481296 0.842188 0.019259 0.125330
4 0.514630 0.868072 0.035556 0.155300
17 0.542037 0.851724 0.013333 0.128055
20 0.567963 0.836739 0.028148 0.136228
26 0.641667 0.853086 0.024444 0.114432