26 0.180556 0.466752 0.023704 0.114432
26 0.340185 0.649298 0.024444 0.108983
26 0.377593 0.458578 0.025185 0.119881
37 0.315000 0.240060 0.030370 0.152576
37 0.382778 0.061771 0.035556 0.108983
36 0.577593 0.054789 0.031111 0.098084
36 0.535741 0.260494 0.027407 0.117156
36 0.672408 0.451213 0.029630 0.117156
3 0.219074 0.057216 0.025185 0.114432
3 0.661296 0.055854 0.026667 0.111707
3 0.449445 0.259132 0.026667 0.108983
3 0.619815 0.248233 0.028148 0.108983
3 0.240185 0.453938 0.024444 0.106258
3 0.458333 0.447126 0.025185 0.108983
3 0.507222 0.449851 0.025185 0.103533
3 0.500926 0.644657 0.022963 0.111707
3 0.420185 0.850362 0.024444 0.130779
1 0.160556 0.264581 0.026667 0.108983
0 0.266111 0.839464 0.028889 0.119881
0 0.569074 0.640571 0.028889 0.119881
0 0.346852 0.257769 0.027407 0.122605
7 0.212037 0.264581 0.017037 0.119881
7 0.687963 0.248233 0.016296 0.130779
7 0.312407 0.839464 0.016296 0.125330
7 0.472407 0.843550 0.019259 0.122605
7 0.445370 0.655556 0.017037 0.122605
7 0.610185 0.647382 0.016296 0.106258
4 0.143889 0.076586 0.039259 0.147126
27 0.184630 0.061303 0.039259 0.122605
4 0.521667 0.076288 0.036296 0.147126
4 0.486482 0.278203 0.037037 0.147127
9 0.290556 0.888399 0.015556 0.223201
9 0.231296 0.298638 0.015556 0.198893
8 0.244259 0.641933 0.019259 0.117156
10 0.531296 0.836739 0.018519 0.114432
10 0.349074 0.449851 0.020000 0.119881
27 0.614259 0.839464 0.043704 0.119881
24 0.132778 0.265943 0.018519 0.111707
24 0.325370 0.058876 0.018519 0.106258
24 0.670556 0.249596 0.015556 0.111707
24 0.553519 0.842188 0.015556 0.119881
24 0.403519 0.453938 0.014815 0.095360
24 0.363889 0.650106 0.014074 0.106258
24 0.133148 0.851724 0.014815 0.100809
22 0.189815 0.260494 0.021481 0.111707
22 0.626852 0.453938 0.021481 0.117156
20 0.612778 0.058876 0.033333 0.106258
20 0.572407 0.250958 0.032593 0.125330
20 0.581296 0.443040 0.025185 0.095360
20 0.654259 0.838101 0.036296 0.117156
20 0.139815 0.655556 0.026667 0.117156
32 0.335741 0.851724 0.031852 0.144402
32 0.362407 0.839464 0.025926 0.114432
32 0.634259 0.656918 0.028889 0.141677
22 0.650185 0.246871 0.020741 0.111707
12 0.287963 0.640571 0.022222 0.114432
7 0.267222 0.644657 0.014815 0.122605
34 0.311296 0.648744 0.022963 0.108983
25 0.157963 0.842188 0.020000 0.114432
28 0.217593 0.639208 0.023704 0.122605
28 0.486111 0.056152 0.020000 0.111707
13 0.134630 0.460749 0.020741 0.119881
13 0.246481 0.055854 0.020741 0.106258
25 0.575741 0.832652 0.028889 0.122605
25 0.209815 0.458025 0.022963 0.114432
32 0.187222 0.662367 0.035556 0.141677
32 0.182778 0.843550 0.025185 0.133504
11 0.256111 0.263218 0.026667 0.128054
11 0.276852 0.056003 0.025185 0.112005
11 0.210556 0.839464 0.024444 0.125330
32 0.416111 0.069476 0.032593 0.133504
14 0.453148 0.054789 0.038518 0.108983
15 0.285000 0.294551 0.022222 0.201618
15 0.297222 0.478459 0.025926 0.155300
15 0.386852 0.673265 0.024444 0.185270
21 0.376482 0.259132 0.022963 0.125330
21 0.533889 0.449851 0.023704 0.125330
21 0.389815 0.844913 0.025926 0.114432
17 0.156111 0.455300 0.011852 0.108983
17 0.151398 0.506573 0.031500 0.057931
16 0.448333 0.863985 0.025926 0.168923
4 0.501296 0.861260 0.035556 0.179821
15 0.237593 0.872158 0.020741 0.201618
11 0.269815 0.452576 0.024444 0.125330
33 0.416111 0.655556 0.035556 0.117156
17 0.553148 0.056003 0.014815 0.112005
17 0.512778 0.270030 0.014074 0.136228
17 0.556852 0.449851 0.011852 0.114432
17 0.400556 0.261856 0.014815 0.114432
25 0.420556 0.259132 0.028148 0.114432
24 0.606111 0.445764 0.015556 0.111707
11 0.470185 0.643295 0.026667 0.114432
32 0.320556 0.463474 0.032593 0.130779
25 0.426852 0.451213 0.025926 0.117156
24 0.482037 0.458025 0.016296 0.108983
20 0.535370 0.641933 0.031111 0.111707
15 0.305370 0.064176 0.020000 0.122903
34 0.347963 0.060089 0.023704 0.114730
9 0.590556 0.680077 0.014074 0.182546
34 0.659074 0.641933 0.026667 0.117156