8 0.140185 0.228353 0.020741 0.117156
15 0.167593 0.267859 0.022222 0.196169
15 0.222778 0.266496 0.024444 0.193444
15 0.219815 0.663729 0.021482 0.226139
1 0.279815 0.227969 0.028889 0.130779
3 0.330926 0.225075 0.025926 0.117156
3 0.440185 0.226437 0.023704 0.119881
3 0.591667 0.230524 0.022963 0.106258
3 0.475000 0.419881 0.026667 0.108983
4 0.606111 0.635121 0.034074 0.152576
4 0.185741 0.635121 0.040741 0.163474
36 0.527963 0.230524 0.033333 0.117156
36 0.145370 0.620136 0.029630 0.117156
25 0.320287 0.419387 0.026315 0.123321
24 0.544731 0.631903 0.015944 0.123321
24 0.429176 0.618280 0.015944 0.117871
24 0.302880 0.618280 0.016685 0.117871
26 0.246852 0.235973 0.023704 0.117156
17 0.215000 0.419881 0.016296 0.114432
17 0.373519 0.423968 0.013333 0.122605
17 0.451296 0.422605 0.014815 0.098084
17 0.644259 0.227799 0.012593 0.106258
17 0.687593 0.428055 0.016296 0.108983
7 0.283148 0.614687 0.017778 0.122605
7 0.385741 0.225075 0.015556 0.111707
7 0.646481 0.425330 0.018519 0.119881
7 0.526111 0.617412 0.016296 0.095360
9 0.305370 0.270030 0.013333 0.212516
33 0.252037 0.611963 0.038518 0.122605
21 0.325741 0.606513 0.021481 0.106258
21 0.361296 0.226437 0.024444 0.130779
32 0.193889 0.240060 0.033333 0.130779
32 0.138704 0.433504 0.032593 0.152576
32 0.562407 0.241422 0.034074 0.133504
36 0.399074 0.429417 0.030370 0.117156
24 0.236111 0.425330 0.012593 0.103533
9 0.507593 0.675990 0.016296 0.234312
11 0.410556 0.226437 0.023704 0.114432
11 0.475741 0.229161 0.031111 0.119881
11 0.620185 0.235973 0.025185 0.122605
11 0.555370 0.426692 0.025926 0.122605
30 0.263519 0.419881 0.031852 0.108983
29 0.670926 0.229161 0.022963 0.119881
28 0.690926 0.230524 0.025926 0.117156
28 0.583148 0.428055 0.022222 0.114432
28 0.292407 0.417156 0.022963 0.119881
28 0.164732 0.430285 0.023352 0.117872
28 0.352778 0.616049 0.025185 0.119881
28 0.405000 0.614687 0.021481 0.117156
28 0.526852 0.422605 0.023704 0.108982
8 0.501296 0.419881 0.021481 0.114432
13 0.192778 0.417156 0.023704 0.119881
22 0.349074 0.418519 0.019259 0.117156
22 0.378333 0.618774 0.020000 0.108982
34 0.453889 0.618774 0.018519 0.108982
25 0.425000 0.417156 0.030370 0.119881
14 0.617222 0.429417 0.035556 0.117156
0 0.480926 0.621499 0.026667 0.119881
25 0.570556 0.624223 0.025185 0.114432
10 0.637963 0.620136 0.019259 0.122605
13 0.668704 0.423968 0.021482 0.111707