0 0.112778 0.237888 0.034074 0.185270
0 0.483148 0.199745 0.028148 0.130779
0 0.426482 0.790975 0.027408 0.130779
1 0.149074 0.587442 0.026667 0.122605
3 0.164630 0.196637 0.026667 0.122605
3 0.333519 0.193742 0.026667 0.125330
3 0.451296 0.200553 0.023704 0.128055
3 0.663519 0.406258 0.027407 0.130779
3 0.541667 0.402171 0.026667 0.128055
3 0.462037 0.398084 0.027407 0.125330
3 0.372037 0.392635 0.026667 0.114432
3 0.636852 0.801320 0.025926 0.114432
3 0.516481 0.799957 0.023704 0.128054
3 0.247593 0.783610 0.025185 0.111707
4 0.230556 0.201916 0.038518 0.147126
4 0.195370 0.404896 0.037778 0.155300
4 0.505741 0.617412 0.042222 0.166198
4 0.480926 0.801320 0.038518 0.141677
7 0.533148 0.598340 0.014074 0.117156
7 0.298333 0.783610 0.017037 0.111707
8 0.276111 0.581992 0.021481 0.122605
8 0.344630 0.806769 0.034074 0.174372
9 0.176111 0.618774 0.015556 0.196169
9 0.300556 0.626948 0.015556 0.185270
9 0.139815 0.242784 0.012593 0.207067
9 0.395741 0.246871 0.017778 0.204342
9 0.508333 0.240060 0.014815 0.190719
9 0.618704 0.246871 0.014815 0.193444
10 0.202037 0.778161 0.020000 0.117156
10 0.346111 0.387186 0.022222 0.125330
11 0.259074 0.393998 0.027407 0.128055
11 0.374630 0.594253 0.027407 0.114432
11 0.558333 0.607876 0.022963 0.114432
11 0.547593 0.805407 0.025185 0.122605
11 0.605741 0.805407 0.025926 0.111707
11 0.443519 0.594253 0.027407 0.125330
12 0.143519 0.404896 0.024444 0.122605
12 0.346111 0.590166 0.022222 0.133504
12 0.415741 0.595615 0.020741 0.128054
12 0.419444 0.181482 0.026667 0.144402
16 0.276481 0.809493 0.026667 0.185270
17 0.224259 0.577906 0.012593 0.108983
17 0.283889 0.388548 0.014815 0.111707
17 0.525000 0.207365 0.012593 0.108983
17 0.395370 0.595615 0.012593 0.117156
20 0.622778 0.408983 0.027407 0.108983
13 0.127963 0.783610 0.020000 0.117156
21 0.150185 0.794508 0.024444 0.117156
22 0.670185 0.211452 0.021481 0.117156
15 0.640556 0.240060 0.022963 0.174372
15 0.597593 0.248233 0.021481 0.201618
24 0.544630 0.206003 0.013333 0.106258
24 0.486111 0.396722 0.016296 0.100809
24 0.399074 0.784972 0.014074 0.114432
24 0.222037 0.784972 0.015556 0.114432
25 0.179074 0.787697 0.025926 0.103533
25 0.198704 0.586079 0.025185 0.108983
26 0.247963 0.587441 0.022963 0.122605
23 0.568704 0.227799 0.030370 0.193444
21 0.266852 0.196467 0.025185 0.130779
34 0.376481 0.782248 0.026667 0.125330
34 0.634630 0.610600 0.024444 0.108983
28 0.586481 0.606513 0.021481 0.122605
28 0.469815 0.595615 0.023704 0.122605
28 0.322407 0.576543 0.023704 0.117156
28 0.577963 0.801320 0.028148 0.119881
26 0.402778 0.395360 0.022963 0.114432
34 0.227593 0.387186 0.023704 0.130779
34 0.591296 0.396722 0.023704 0.106258
17 0.449074 0.795871 0.011852 0.114432
36 0.666111 0.817667 0.031111 0.119881
22 0.612037 0.606513 0.026667 0.122605
22 0.567593 0.406258 0.022222 0.119881
25 0.510556 0.392635 0.026667 0.108983
34 0.695000 0.212814 0.026667 0.125330
7 0.164259 0.391273 0.015556 0.122605
36 0.194630 0.191017 0.027407 0.119881
36 0.366852 0.193742 0.028148 0.119881
33 0.310926 0.388548 0.039259 0.122605
35 0.301296 0.191017 0.036296 0.114432
29 0.432778 0.398084 0.025185 0.119881