0 0.800926 0.645211 0.025185 0.128054
1 0.631296 0.641124 0.023704 0.114432
3 0.432778 0.642486 0.023704 0.117156
3 0.602778 0.639208 0.024444 0.117156
3 0.825000 0.854619 0.027407 0.108983
3 0.624259 0.850362 0.025926 0.119881
4 0.466481 0.658280 0.036296 0.133504
5 0.553148 0.873521 0.030370 0.160749
7 0.548333 0.644657 0.017778 0.122605
7 0.429074 0.846275 0.016296 0.122605
7 0.687593 0.847637 0.016296 0.103533
25 0.335741 0.635121 0.023704 0.108983
25 0.771667 0.843550 0.025926 0.117156
26 0.388704 0.646020 0.015556 0.119881
26 0.472778 0.847637 0.013333 0.114432
26 0.705741 0.651469 0.014074 0.114432
8 0.729074 0.637846 0.023704 0.114432
22 0.365000 0.637846 0.021481 0.114432
22 0.525000 0.639208 0.018519 0.122605
11 0.335741 0.840826 0.028148 0.128054
11 0.853889 0.843551 0.025926 0.117156
11 0.715741 0.844913 0.028148 0.114432
33 0.660556 0.854449 0.039259 0.122605
9 0.406481 0.689613 0.015556 0.201618
34 0.498333 0.640570 0.022963 0.130779
28 0.362037 0.840826 0.024444 0.117156
28 0.657593 0.640570 0.024444 0.119881
28 0.754630 0.641933 0.021482 0.117156
28 0.743519 0.844913 0.021482 0.119881
28 0.583148 0.849000 0.022222 0.106258
28 0.530185 0.843550 0.020000 0.106258
28 0.795741 0.844913 0.022222 0.119881
28 0.847963 0.646020 0.025926 0.108982
24 0.825741 0.641933 0.014074 0.106258
24 0.777963 0.646020 0.014815 0.114432
14 0.396852 0.846275 0.034815 0.117156
13 0.452037 0.843550 0.022222 0.122605
24 0.507222 0.847637 0.014074 0.103533
21 0.571667 0.637846 0.022963 0.119881
13 0.682407 0.639208 0.029630 0.117156
18 0.880926 0.836739 0.029630 0.136228