0 0.299815 0.252874 0.028889 0.138953
0 0.486481 0.254236 0.027407 0.108983
0 0.649074 0.646573 0.028148 0.119881
1 0.598704 0.449851 0.025185 0.119881
1 0.336111 0.448659 0.025926 0.125330
1 0.441667 0.641933 0.028148 0.122605
1 0.816481 0.840826 0.026667 0.128054
2 0.388704 0.863985 0.036296 0.179821
3 0.352778 0.249596 0.025185 0.106258
3 0.385370 0.248233 0.025185 0.108983
3 0.728704 0.444402 0.028889 0.125330
4 0.422037 0.267305 0.039259 0.152576
4 0.450556 0.857173 0.040000 0.155300
7 0.513889 0.057514 0.017037 0.114432
7 0.786852 0.253683 0.016296 0.114432
7 0.816481 0.449851 0.014815 0.114432
7 0.859815 0.455300 0.015556 0.108983
7 0.419815 0.835377 0.018518 0.122605
7 0.532407 0.832652 0.015556 0.117156
11 0.696852 0.444402 0.027407 0.114432
11 0.496482 0.449851 0.025185 0.108983
11 0.546111 0.641933 0.028148 0.122605
11 0.687222 0.834014 0.025926 0.108983
11 0.864259 0.831290 0.027407 0.119881
4 0.743519 0.650106 0.039259 0.144402
8 0.509444 0.836739 0.022963 0.141677
9 0.327222 0.280928 0.015556 0.190720
9 0.509074 0.297275 0.013333 0.190719
9 0.620556 0.297275 0.012593 0.190719
9 0.673519 0.690975 0.016296 0.182546
10 0.744259 0.249596 0.020000 0.106258
10 0.621296 0.637846 0.018519 0.114432
9 0.836111 0.690975 0.015556 0.198893
15 0.357593 0.869434 0.024444 0.196169
15 0.599815 0.279566 0.025926 0.171648
13 0.668704 0.256407 0.020000 0.119881
13 0.516111 0.641933 0.021481 0.122605
13 0.603620 0.833521 0.019648 0.117871
13 0.330556 0.831290 0.022222 0.125330
24 0.328333 0.629672 0.016296 0.119881
24 0.545370 0.250958 0.014815 0.103533
24 0.766482 0.253682 0.017037 0.103533
24 0.791741 0.644657 0.015704 0.122605
35 0.356481 0.646020 0.037037 0.114432
35 0.703519 0.646020 0.037778 0.119881
34 0.576852 0.829928 0.024444 0.106258
12 0.552778 0.842188 0.023704 0.125330
34 0.715370 0.828565 0.030370 0.125330
25 0.759815 0.832652 0.028889 0.128054
25 0.716852 0.256407 0.025926 0.114432
21 0.689074 0.257769 0.022222 0.106258
21 0.646111 0.441677 0.028148 0.103533
21 0.630185 0.836739 0.024444 0.114432
15 0.483148 0.870796 0.019259 0.204342
28 0.787593 0.835377 0.026667 0.106258
17 0.839815 0.846275 0.014074 0.095360
17 0.886852 0.843551 0.014815 0.111707
18 0.860185 0.629672 0.026667 0.147127
25 0.813148 0.632397 0.025926 0.114432
17 0.772778 0.640570 0.011852 0.119881
17 0.361296 0.453938 0.009630 0.095360
23 0.569444 0.278203 0.025926 0.185270
28 0.466111 0.445764 0.023704 0.128054
28 0.570926 0.453938 0.022963 0.111707
28 0.522778 0.449851 0.020000 0.125330
28 0.490185 0.648744 0.030370 0.114431
17 0.466111 0.644657 0.014815 0.106258
16 0.596481 0.665091 0.026667 0.168923
7 0.570926 0.650106 0.015556 0.128055
12 0.546111 0.458025 0.026667 0.125330
29 0.440926 0.443040 0.028148 0.111707
22 0.792037 0.448489 0.025185 0.122605
34 0.456482 0.253682 0.026667 0.125330
17 0.526111 0.268667 0.014815 0.106258
15 0.645741 0.271392 0.020000 0.177097
22 0.412037 0.449851 0.019259 0.119881
26 0.385370 0.453938 0.026667 0.117156
7 0.670185 0.443040 0.014074 0.117156
32 0.839074 0.456662 0.033333 0.133503
36 0.761667 0.437590 0.026667 0.117156
4 0.405741 0.633759 0.030370 0.100809
29 0.490926 0.058876 0.025926 0.117156