0 0.352407 0.626139 0.028889 0.128055
0 0.885741 0.816858 0.027407 0.122605
1 0.791667 0.423159 0.030370 0.114432
3 0.447963 0.226437 0.030370 0.119881
3 0.549444 0.225245 0.027407 0.119881
3 0.580556 0.220988 0.027407 0.130779
3 0.866111 0.419881 0.029630 0.125330
3 0.858333 0.809493 0.027407 0.130779
3 0.558333 0.806769 0.028889 0.125330
1 0.575370 0.614687 0.030370 0.133504
4 0.410926 0.238697 0.040741 0.144402
4 0.714259 0.246871 0.035556 0.160749
4 0.723519 0.617412 0.039259 0.155300
4 0.417963 0.834014 0.042963 0.158025
7 0.490185 0.222350 0.014074 0.111707
7 0.692037 0.602427 0.016296 0.114432
7 0.784259 0.616049 0.017037 0.125330
7 0.387222 0.819029 0.015556 0.100809
12 0.367222 0.817667 0.022963 0.141677
37 0.335370 0.805407 0.034815 0.171648
22 0.334259 0.220988 0.020741 0.114432
22 0.627963 0.214176 0.021481 0.117156
22 0.374259 0.421243 0.020741 0.106258
22 0.396481 0.620136 0.019259 0.100809
22 0.619074 0.610600 0.022963 0.108983
35 0.452778 0.428054 0.032593 0.114432
35 0.560556 0.419881 0.036296 0.114432
35 0.484630 0.813580 0.037037 0.117156
33 0.521667 0.810856 0.038519 0.122605
34 0.357593 0.226437 0.024444 0.119881
34 0.855000 0.231886 0.028148 0.119881
34 0.686852 0.415794 0.029630 0.111707
34 0.509444 0.414432 0.025926 0.119881
34 0.400185 0.422605 0.023704 0.108982
34 0.645741 0.603789 0.024444 0.111707
34 0.652778 0.797233 0.025185 0.111707
27 0.820185 0.795871 0.041482 0.125330
24 0.783148 0.218263 0.017778 0.108983
24 0.446852 0.620136 0.016296 0.106258
24 0.326111 0.620136 0.019259 0.122605
13 0.332407 0.414432 0.024444 0.103533
13 0.713518 0.801320 0.022222 0.130779
21 0.452778 0.809493 0.026667 0.119881
21 0.761296 0.610600 0.030370 0.125330
35 0.882037 0.624223 0.037778 0.108983
17 0.605370 0.799957 0.014815 0.111707
17 0.637222 0.419881 0.014815 0.119881
17 0.766481 0.421243 0.014074 0.117156
17 0.840556 0.414432 0.014074 0.125330
17 0.600556 0.618774 0.015556 0.136228
17 0.376111 0.624223 0.015556 0.125330
17 0.353148 0.425330 0.015556 0.108983
17 0.736852 0.797233 0.017037 0.100809
17 0.650926 0.219625 0.011111 0.117156
24 0.605741 0.227799 0.018519 0.122605
18 0.423148 0.607876 0.026667 0.147126
22 0.582037 0.805407 0.024444 0.117156
36 0.685370 0.801320 0.029630 0.108983
36 0.717593 0.421243 0.033333 0.117156
36 0.881667 0.229161 0.028148 0.119881
36 0.677222 0.216901 0.028148 0.133504
25 0.483889 0.425330 0.031111 0.125330
25 0.469444 0.610600 0.028889 0.119881
25 0.807593 0.607876 0.029630 0.108983
25 0.818704 0.418519 0.029630 0.128055
10 0.745000 0.225075 0.024444 0.095360
15 0.805000 0.235973 0.021482 0.144402
32 0.829074 0.238697 0.034074 0.138953
13 0.742407 0.413069 0.026667 0.111707
10 0.495741 0.614687 0.020741 0.117156
12 0.424259 0.419881 0.018518 0.125330
11 0.785741 0.804044 0.025926 0.125330
10 0.835370 0.607876 0.020000 0.119881
24 0.853889 0.617412 0.015556 0.122605
9 0.616481 0.437591 0.016296 0.155300
28 0.594259 0.415794 0.023704 0.122605
24 0.533889 0.429417 0.018519 0.128054
25 0.625741 0.799958 0.027407 0.117156
12 0.670185 0.607876 0.020000 0.130779
32 0.661296 0.428055 0.030370 0.141677
24 0.379444 0.231886 0.014815 0.114432
24 0.471296 0.244146 0.014815 0.128054
11 0.516852 0.226437 0.025926 0.114432