33 0.292407 0.247425 0.061481 0.193444
9 0.330185 0.241975 0.017037 0.182546
9 0.446482 0.635675 0.018518 0.196169
9 0.779074 0.772712 0.020000 0.128055
7 0.349074 0.217071 0.016296 0.114432
7 0.870556 0.379012 0.017778 0.125330
7 0.547222 0.398084 0.014074 0.119881
7 0.550556 0.591528 0.014815 0.108983
25 0.373519 0.206003 0.026667 0.117156
25 0.701398 0.185075 0.028537 0.117872
25 0.825370 0.768625 0.025185 0.119881
10 0.397963 0.200553 0.023704 0.111707
10 0.731296 0.189655 0.020741 0.128054
9 0.722037 0.418519 0.015556 0.187995
24 0.421667 0.203278 0.016296 0.111707
24 0.752407 0.188293 0.015556 0.119881
24 0.852778 0.380375 0.019259 0.122605
24 0.532407 0.595615 0.018519 0.122605
24 0.655741 0.769987 0.017778 0.117156
35 0.449074 0.207365 0.032593 0.114432
35 0.777222 0.192380 0.035556 0.106258
35 0.640185 0.388548 0.032593 0.111707
3 0.483889 0.193742 0.025185 0.119881
3 0.799815 0.383099 0.028889 0.128054
3 0.672407 0.377650 0.031852 0.133504
3 0.449444 0.392635 0.027407 0.125330
3 0.417963 0.398084 0.028148 0.130779
3 0.421667 0.599702 0.026667 0.119881
3 0.736852 0.586079 0.028889 0.130779
3 0.816482 0.586079 0.026667 0.119881
3 0.629444 0.772712 0.025926 0.128054
16 0.337963 0.417156 0.026667 0.201618
12 0.509074 0.203278 0.020741 0.133504
13 0.332407 0.605151 0.020000 0.130779
13 0.446481 0.789059 0.020000 0.111707
13 0.572037 0.590166 0.023704 0.128054
13 0.835370 0.186931 0.022963 0.117156
10 0.365000 0.392635 0.018519 0.125330
10 0.853148 0.775436 0.022963 0.117156
7 0.799815 0.764538 0.014074 0.106258
1 0.559074 0.199191 0.025926 0.130779
1 0.681667 0.772712 0.025185 0.128054
28 0.532778 0.197829 0.022222 0.122605
28 0.587593 0.189655 0.028148 0.122605
28 0.641667 0.185569 0.028148 0.125330
28 0.809815 0.186931 0.026667 0.138953
28 0.471296 0.598340 0.023704 0.122605
28 0.622407 0.581992 0.025185 0.117156
28 0.420185 0.794508 0.026667 0.122605
28 0.470556 0.782248 0.023704 0.114432
28 0.572037 0.779523 0.023704 0.130779
32 0.599815 0.789059 0.033333 0.149851
32 0.599444 0.598340 0.026667 0.138953
0 0.339074 0.802682 0.025926 0.133504
17 0.367963 0.799957 0.015556 0.122605
17 0.356852 0.607876 0.015556 0.130779
22 0.477222 0.393997 0.022222 0.122605
22 0.507593 0.588804 0.023704 0.119881
11 0.864630 0.185568 0.025185 0.136228
11 0.866482 0.577906 0.028889 0.130779
11 0.665370 0.575181 0.029630 0.119881
11 0.541296 0.784972 0.028889 0.114432
4 0.390556 0.613325 0.037037 0.158025
21 0.390185 0.795871 0.027407 0.141677
21 0.609074 0.388548 0.026667 0.122605
4 0.576852 0.399447 0.039259 0.149851
12 0.527963 0.393997 0.022963 0.122605
21 0.614259 0.189655 0.023704 0.122605
13 0.699815 0.381630 0.022963 0.103320
34 0.500185 0.391273 0.029630 0.128054
27 0.702778 0.579268 0.043704 0.133504
18 0.745000 0.370839 0.027407 0.158025
36 0.670185 0.189655 0.028889 0.133504
8 0.388704 0.395360 0.021481 0.119881
5 0.770556 0.399447 0.022222 0.149851
5 0.769444 0.583355 0.030370 0.125330
5 0.841296 0.579268 0.017037 0.128054
5 0.727963 0.772712 0.017037 0.117156
17 0.709074 0.771350 0.016296 0.136228
9 0.793148 0.605151 0.018518 0.174372
7 0.886482 0.184206 0.017037 0.122605
22 0.827222 0.383099 0.024444 0.122605
4 0.505370 0.787697 0.034074 0.125330
34 0.750556 0.775436 0.025185 0.111707