11 0.142778 0.661558 0.025926 0.111707
28 0.173889 0.664283 0.025926 0.128054
14 0.209074 0.664283 0.034074 0.111707
7 0.240185 0.663729 0.014815 0.111707
4 0.269815 0.678885 0.035556 0.149851
4 0.363889 0.674628 0.038519 0.155300
3 0.409444 0.652831 0.028889 0.122605
26 0.439074 0.661005 0.024444 0.117156
22 0.465370 0.656918 0.020741 0.108983
24 0.490185 0.667816 0.014074 0.108982
18 0.513148 0.644657 0.028889 0.149851
18 0.670926 0.646020 0.028889 0.136228
8 0.543148 0.654193 0.022222 0.108983
17 0.565370 0.662367 0.017778 0.114432
21 0.588333 0.655556 0.028148 0.128054
35 0.623148 0.658280 0.035556 0.117156
9 0.647963 0.699149 0.015556 0.193444
3 0.143519 0.870796 0.022963 0.106258
26 0.174630 0.874883 0.024444 0.108983
22 0.202037 0.869434 0.020000 0.114432
17 0.224630 0.868072 0.014815 0.122605
17 0.395370 0.870796 0.014074 0.111707
13 0.371296 0.863985 0.023704 0.108983
3 0.250556 0.861260 0.028148 0.119881
5 0.277963 0.884419 0.026667 0.155300
34 0.655741 0.849000 0.023704 0.122605
34 0.309444 0.862622 0.022963 0.133504
36 0.340185 0.866709 0.028148 0.119881
32 0.430926 0.881694 0.036296 0.155300
28 0.455741 0.865347 0.028148 0.122605
3 0.487593 0.862622 0.026667 0.133504
3 0.583889 0.854449 0.028148 0.117156
33 0.526111 0.862622 0.042963 0.122605
7 0.557593 0.858536 0.015556 0.125330
4 0.620556 0.866709 0.034815 0.163474
27 0.316111 0.655556 0.046667 0.122605