13 0.140926 0.063516 0.023704 0.119881
13 0.569444 0.650660 0.021481 0.117156
0 0.564259 0.462665 0.028889 0.111707
0 0.448333 0.843550 0.028148 0.122605
14 0.268333 0.272925 0.040000 0.117156
3 0.174259 0.068412 0.029630 0.114432
3 0.245741 0.068412 0.028889 0.119881
3 0.609444 0.061601 0.027407 0.117156
3 0.616481 0.257769 0.031111 0.111707
3 0.531667 0.263218 0.028889 0.133503
3 0.404630 0.271392 0.026667 0.133504
3 0.307593 0.268668 0.028148 0.122605
3 0.229444 0.267305 0.028889 0.136228
3 0.431667 0.455300 0.025926 0.108983
3 0.498333 0.458025 0.027407 0.119881
3 0.689444 0.656918 0.027407 0.125330
3 0.182037 0.844913 0.028889 0.119881
3 0.150185 0.844913 0.030370 0.114432
0 0.643519 0.847637 0.028889 0.119881
4 0.211296 0.079310 0.041481 0.147126
4 0.645741 0.072499 0.036296 0.144402
4 0.202037 0.477097 0.040741 0.152575
4 0.201296 0.665092 0.040741 0.147126
5 0.563148 0.275479 0.031111 0.168923
5 0.437593 0.285015 0.024444 0.155300
5 0.583519 0.870796 0.027407 0.155300
12 0.140926 0.468923 0.023704 0.147126
25 0.197963 0.268668 0.031111 0.128055
25 0.457963 0.062963 0.031111 0.108983
25 0.497593 0.260494 0.028889 0.128054
25 0.463519 0.462112 0.030370 0.128054
25 0.241296 0.843550 0.030370 0.117156
25 0.289815 0.846275 0.028148 0.111707
17 0.323889 0.071137 0.016296 0.119881
17 0.510185 0.068412 0.017037 0.114432
17 0.592037 0.270030 0.016296 0.125330
17 0.439074 0.203278 0.018519 0.117156
17 0.235000 0.464836 0.014815 0.128054
17 0.426111 0.654193 0.016296 0.108983
17 0.591296 0.466198 0.013333 0.125330
17 0.592037 0.650106 0.013333 0.111707
17 0.670185 0.853086 0.011111 0.119881
17 0.266852 0.847637 0.017778 0.130779
9 0.271296 0.098382 0.014815 0.185270
9 0.493519 0.897935 0.016296 0.204129
22 0.346111 0.069774 0.020741 0.128054
22 0.487593 0.065688 0.023704 0.125330
22 0.143889 0.265943 0.023704 0.111707
22 0.284630 0.462112 0.019259 0.122605
22 0.317593 0.661005 0.020000 0.106258
22 0.144630 0.646020 0.022222 0.119881
22 0.516111 0.854449 0.018519 0.122605
22 0.611667 0.648744 0.020000 0.114432
1 0.400926 0.655556 0.026667 0.111707
24 0.340556 0.658280 0.015556 0.122605
7 0.671296 0.264581 0.017778 0.119881
27 0.687963 0.068412 0.043704 0.136228
4 0.456482 0.667816 0.038519 0.152575
10 0.490185 0.651469 0.018519 0.114432
10 0.309444 0.467561 0.018519 0.128055
21 0.374259 0.068412 0.031111 0.136228
21 0.545000 0.654193 0.030370 0.103533
27 0.546481 0.846275 0.043704 0.128055
33 0.394259 0.463474 0.042963 0.125330
11 0.296111 0.067050 0.028889 0.133504
29 0.429444 0.061601 0.028889 0.117156
29 0.210556 0.840826 0.020741 0.111707
18 0.318704 0.844913 0.026667 0.136228
18 0.372407 0.267305 0.031852 0.152576
36 0.530556 0.459387 0.028148 0.117156
11 0.340185 0.265943 0.028148 0.138953
8 0.388333 0.876245 0.041481 0.182546
33 0.619815 0.468923 0.042222 0.114432
8 0.645741 0.265943 0.022963 0.122605
32 0.549815 0.077650 0.035556 0.122605
11 0.336481 0.464836 0.026667 0.128054
35 0.367593 0.661005 0.037037 0.117156
21 0.255741 0.456662 0.025185 0.117156
28 0.577593 0.062963 0.020000 0.114432
34 0.467593 0.264581 0.025185 0.114432
34 0.420185 0.849000 0.019259 0.122605
34 0.612037 0.850362 0.025185 0.136228
18 0.637963 0.646020 0.031111 0.147126
32 0.404259 0.084759 0.034815 0.147127
34 0.167963 0.272754 0.028889 0.108982
34 0.166111 0.464836 0.022222 0.117156
34 0.235000 0.648744 0.025185 0.125330
7 0.168704 0.650106 0.014074 0.117156
7 0.475741 0.847637 0.013333 0.119881
8 0.512778 0.654193 0.022222 0.130779
3 0.658333 0.464836 0.028889 0.128055
17 0.362778 0.460749 0.015556 0.119881
17 0.295000 0.654193 0.013333 0.092635
22 0.274259 0.656918 0.023704 0.119881
9 0.664630 0.696424 0.019259 0.198893