36 0.150926 0.228353 0.031111 0.133504
2 0.524259 0.823670 0.037037 0.168923
2 0.293148 0.829119 0.037037 0.174372
36 0.400185 0.223712 0.031852 0.119881
16 0.220185 0.450021 0.024444 0.182546
33 0.230185 0.225074 0.038519 0.106258
13 0.182037 0.222350 0.019259 0.111707
13 0.559444 0.613325 0.022963 0.114432
16 0.153148 0.654193 0.028148 0.190719
4 0.156482 0.422605 0.037778 0.125330
12 0.297222 0.616049 0.018519 0.130779
4 0.491667 0.437591 0.041482 0.160749
4 0.535741 0.227799 0.036296 0.160749
7 0.262778 0.220988 0.017778 0.119881
1 0.267963 0.423968 0.029630 0.117156
18 0.183148 0.603789 0.027407 0.144402
18 0.577222 0.411707 0.030370 0.147126
34 0.392778 0.415794 0.022963 0.117156
34 0.456852 0.419881 0.025185 0.103533
34 0.567593 0.215538 0.025926 0.119881
34 0.370556 0.223712 0.027407 0.114432
34 0.323148 0.620136 0.024444 0.122605
34 0.709074 0.805407 0.028889 0.106258
25 0.172037 0.793146 0.027407 0.114432
25 0.499074 0.220988 0.026667 0.108983
25 0.597222 0.218263 0.025926 0.108983
25 0.637222 0.415794 0.025926 0.111707
21 0.210185 0.618774 0.025185 0.125330
21 0.343518 0.223712 0.026667 0.108983
21 0.533889 0.624223 0.025185 0.108983
21 0.599815 0.809493 0.025185 0.108983
20 0.256111 0.806769 0.029630 0.125330
15 0.225741 0.827203 0.020741 0.182546
3 0.451296 0.227799 0.025926 0.106258
3 0.671296 0.225075 0.024444 0.122605
3 0.529815 0.422605 0.027407 0.114432
3 0.271296 0.617412 0.028889 0.111707
3 0.354630 0.797233 0.031111 0.122605
35 0.489074 0.801320 0.031852 0.119881
24 0.426111 0.226437 0.015556 0.125330
24 0.477593 0.226437 0.017778 0.087186
17 0.513148 0.611963 0.017778 0.122605
17 0.583519 0.625585 0.020741 0.100809
17 0.620926 0.816305 0.014074 0.106258
17 0.662037 0.806769 0.014815 0.098084
17 0.648704 0.226437 0.017778 0.103533
22 0.625000 0.226437 0.025185 0.103533
22 0.424630 0.617412 0.024444 0.117156
22 0.199444 0.798595 0.021481 0.114432
24 0.145000 0.798595 0.022222 0.114432
34 0.190926 0.410345 0.023704 0.133504
0 0.387222 0.795871 0.028148 0.125330
9 0.412407 0.854449 0.014815 0.209791
9 0.375000 0.655556 0.015556 0.193444
9 0.552407 0.458025 0.014815 0.185270
9 0.245074 0.459387 0.013482 0.193444
17 0.202037 0.223712 0.013333 0.098084
32 0.286852 0.231886 0.031852 0.141677
32 0.610926 0.633759 0.029630 0.133504
30 0.638704 0.603789 0.027407 0.166198
10 0.666111 0.628310 0.021482 0.117156
11 0.669815 0.418519 0.027407 0.122605
28 0.696852 0.421243 0.023704 0.133504
28 0.448704 0.620136 0.025185 0.111707
28 0.396482 0.616049 0.027407 0.136228
28 0.433148 0.798595 0.023704 0.119881
28 0.325741 0.804044 0.022222 0.108983
28 0.324630 0.425330 0.022963 0.119881
28 0.313519 0.230524 0.024444 0.117156
22 0.431667 0.429417 0.020741 0.106258
4 0.359815 0.434866 0.040000 0.155300
22 0.296481 0.421243 0.021481 0.117156
32 0.490556 0.631034 0.033333 0.144402
22 0.459074 0.805407 0.019259 0.128054
28 0.557963 0.805406 0.021481 0.128054
24 0.577222 0.809493 0.015556 0.114432
29 0.609074 0.419881 0.024444 0.114432