26 0.155741 0.361856 0.024444 0.122605
26 0.400556 0.356407 0.023704 0.106258
17 0.248704 0.176586 0.013333 0.117156
17 0.419444 0.539762 0.017037 0.108983
17 0.373519 0.721115 0.017037 0.103533
17 0.609815 0.165134 0.014074 0.117156
26 0.551667 0.542486 0.025185 0.114432
7 0.445370 0.720945 0.015556 0.117156
7 0.582407 0.731843 0.017037 0.111707
2 0.165741 0.573819 0.037037 0.177097
9 0.425370 0.794508 0.014074 0.209791
9 0.491296 0.784972 0.014074 0.223414
37 0.657593 0.347680 0.038518 0.149851
11 0.157222 0.166496 0.028889 0.114432
3 0.188333 0.166496 0.025926 0.130779
0 0.226111 0.186931 0.034815 0.155300
4 0.275741 0.182844 0.036296 0.158025
4 0.199815 0.738655 0.035556 0.168923
4 0.685370 0.186931 0.039259 0.138953
27 0.535000 0.165134 0.042222 0.122605
12 0.179444 0.347680 0.022963 0.128055
35 0.311667 0.171946 0.035556 0.103533
34 0.232037 0.722307 0.027407 0.114432
34 0.469445 0.526139 0.026667 0.119881
11 0.342778 0.165134 0.029630 0.111707
11 0.502407 0.343593 0.027407 0.130779
11 0.223519 0.539762 0.028148 0.125330
11 0.609815 0.726394 0.031852 0.138953
36 0.676111 0.729119 0.029630 0.128054
36 0.290556 0.537037 0.033333 0.147126
3 0.306482 0.353129 0.029630 0.117156
3 0.340556 0.349042 0.028148 0.119881
3 0.371296 0.347680 0.025926 0.133504
3 0.535370 0.342231 0.028148 0.111707
3 0.563519 0.353129 0.029630 0.128054
3 0.682407 0.542486 0.028889 0.141677
3 0.642778 0.729119 0.028148 0.133504
35 0.310556 0.726394 0.034815 0.111707
1 0.346111 0.725032 0.033333 0.125330
3 0.375370 0.159685 0.029630 0.133504
3 0.431296 0.162409 0.028889 0.128054
9 0.454630 0.200553 0.019259 0.187995
0 0.450926 0.340868 0.031111 0.114432
24 0.425370 0.359940 0.018519 0.108983
24 0.477593 0.347680 0.020741 0.106258
24 0.565741 0.170583 0.019259 0.106258
24 0.575370 0.537037 0.016296 0.125330
24 0.283148 0.719583 0.017037 0.125330
22 0.259444 0.723670 0.021481 0.122605
14 0.548704 0.727757 0.040000 0.141677
18 0.512407 0.714134 0.026667 0.141677
18 0.363519 0.524776 0.028148 0.144402
18 0.319444 0.524776 0.021481 0.122605
32 0.207222 0.350404 0.031111 0.133504
13 0.400185 0.159685 0.021481 0.111707
28 0.621296 0.361303 0.025185 0.144402
28 0.626852 0.546573 0.028889 0.122605
28 0.478333 0.163772 0.023704 0.130779
3 0.256111 0.524776 0.029630 0.144402
3 0.519815 0.530226 0.029630 0.117156
3 0.160556 0.730481 0.029630 0.130779
0 0.398333 0.719583 0.031111 0.125330
5 0.395741 0.542486 0.022963 0.158025
25 0.596852 0.532950 0.026667 0.128054
22 0.587593 0.171946 0.020000 0.125330
12 0.593519 0.342231 0.018519 0.128055
13 0.465370 0.726394 0.022963 0.128054