24 0.102778 0.671094 0.034074 0.168923
24 0.526111 0.838655 0.017037 0.117156
7 0.128333 0.647935 0.015556 0.117156
7 0.526852 0.633759 0.020000 0.122605
7 0.209074 0.855981 0.018519 0.117156
7 0.547593 0.849000 0.017037 0.117156
12 0.185000 0.851724 0.020741 0.128055
0 0.157222 0.646020 0.025926 0.130779
22 0.130556 0.847637 0.022963 0.125330
17 0.178704 0.640570 0.017037 0.108983
17 0.589074 0.847637 0.018519 0.119881
21 0.201296 0.647382 0.025185 0.117156
21 0.276481 0.858535 0.028889 0.125330
24 0.390556 0.639208 0.017037 0.122605
35 0.307963 0.849000 0.038519 0.117156
35 0.417593 0.636484 0.040000 0.122605
28 0.230556 0.641933 0.024444 0.117156
28 0.276481 0.636484 0.025926 0.122605
28 0.450556 0.635121 0.022963 0.119881
36 0.311667 0.631034 0.029630 0.128054
13 0.255000 0.641933 0.021482 0.128054
3 0.344630 0.844913 0.028889 0.125330
3 0.666111 0.633759 0.031852 0.133504
3 0.659444 0.836739 0.027407 0.119881
3 0.633889 0.622861 0.031111 0.128054
3 0.478704 0.840826 0.028889 0.133504
11 0.501667 0.636484 0.025926 0.133504
13 0.472778 0.636484 0.025926 0.117156
13 0.372407 0.838101 0.023704 0.133504
4 0.242037 0.866709 0.040000 0.158025
34 0.159444 0.847637 0.025926 0.130779
18 0.416852 0.829928 0.029630 0.138953
9 0.393519 0.887143 0.012593 0.215241
4 0.622778 0.854449 0.037037 0.160749
9 0.685000 0.878970 0.017778 0.204342
16 0.553519 0.661005 0.027407 0.182546
10 0.579815 0.626948 0.020741 0.130779
8 0.604259 0.628310 0.019259 0.138953
10 0.370185 0.629672 0.020741 0.125330
25 0.344259 0.635121 0.029630 0.125330
5 0.448333 0.857173 0.025926 0.171647
13 0.570185 0.842188 0.022222 0.147127