1 0.176852 0.269221 0.028148 0.128055
9 0.127222 0.293742 0.017778 0.182546
14 0.137963 0.446318 0.039259 0.111707
14 0.423889 0.256407 0.036296 0.125330
20 0.492037 0.251128 0.028889 0.117156
20 0.459444 0.252320 0.028889 0.122605
4 0.169815 0.854449 0.036296 0.149851
28 0.241667 0.256407 0.025926 0.119881
28 0.183519 0.646020 0.025185 0.130779
28 0.640185 0.842188 0.024444 0.125330
28 0.364259 0.832652 0.026667 0.122605
27 0.208333 0.834014 0.033333 0.125330
36 0.130926 0.843550 0.031111 0.117156
36 0.397593 0.447126 0.035556 0.125330
3 0.571667 0.444402 0.026667 0.125330
3 0.459815 0.448489 0.026667 0.128055
3 0.262037 0.449851 0.028148 0.125330
3 0.311667 0.647382 0.029630 0.149851
3 0.481296 0.636484 0.026667 0.122605
3 0.651296 0.641933 0.027407 0.128054
3 0.670926 0.835377 0.031111 0.122605
3 0.557222 0.835377 0.027407 0.133504
20 0.175000 0.447126 0.030370 0.119881
24 0.235370 0.836739 0.017778 0.108983
24 0.288333 0.449851 0.018519 0.125330
24 0.629815 0.444402 0.017037 0.119881
1 0.570556 0.641933 0.033333 0.133504
34 0.540926 0.636484 0.027407 0.117156
11 0.512407 0.639208 0.028148 0.128054
11 0.342037 0.647382 0.026667 0.128055
11 0.489815 0.447126 0.028889 0.130779
11 0.539074 0.441677 0.032593 0.119881
8 0.454259 0.838101 0.025926 0.128054
0 0.392778 0.831290 0.025926 0.136228
37 0.405000 0.631035 0.034074 0.166198
7 0.307963 0.437590 0.016296 0.122605
7 0.521667 0.828565 0.017037 0.119881
32 0.499444 0.846275 0.033333 0.149851
32 0.587963 0.854449 0.034074 0.144402
32 0.315370 0.263219 0.037037 0.133504
15 0.153889 0.297275 0.028148 0.201618
15 0.206111 0.276841 0.022963 0.187995
15 0.342778 0.287740 0.023704 0.193444
15 0.257963 0.865347 0.021482 0.204342
9 0.341667 0.866709 0.017037 0.174372
9 0.415741 0.866709 0.018519 0.179821
9 0.279815 0.884419 0.016296 0.193444
13 0.212407 0.443040 0.020741 0.138953
29 0.664630 0.257769 0.027407 0.128054
18 0.550185 0.241422 0.029630 0.144402
21 0.233889 0.444402 0.022222 0.125330
24 0.339444 0.444402 0.022963 0.125330
21 0.519074 0.248233 0.026667 0.136228
34 0.635000 0.256407 0.025926 0.114432
0 0.619444 0.639208 0.030370 0.122605
36 0.605000 0.444402 0.026667 0.119881
22 0.433889 0.639208 0.022222 0.117156
22 0.369815 0.250958 0.025926 0.114432
22 0.269444 0.250958 0.020741 0.136228
22 0.613519 0.250958 0.024444 0.114432
17 0.690185 0.452576 0.013333 0.125330