20 0.138333 0.186122 0.032593 0.130779
0 0.110185 0.788250 0.041482 0.212516
3 0.601667 0.187484 0.028889 0.128055
3 0.313148 0.381737 0.029630 0.119881
3 0.626852 0.778331 0.027407 0.136228
3 0.325370 0.763176 0.028889 0.130779
3 0.196481 0.768625 0.028889 0.119881
3 0.166111 0.767263 0.030370 0.122605
9 0.139815 0.838101 0.014815 0.253384
9 0.578704 0.245509 0.021481 0.228863
9 0.502037 0.821754 0.016296 0.231588
9 0.358333 0.225074 0.020741 0.187995
2 0.178333 0.206003 0.037037 0.177097
4 0.232037 0.778161 0.039259 0.166198
29 0.358704 0.568370 0.025926 0.122605
35 0.164259 0.381737 0.034074 0.114432
21 0.488333 0.577906 0.027407 0.136228
24 0.134259 0.372201 0.020000 0.106258
24 0.366481 0.757727 0.017778 0.114432
36 0.252778 0.379012 0.028889 0.119881
36 0.631296 0.178757 0.025926 0.122605
7 0.427593 0.778161 0.018519 0.106258
7 0.383889 0.761814 0.015556 0.111707
7 0.483889 0.756364 0.018519 0.100809
7 0.206481 0.184206 0.017778 0.117156
1 0.330185 0.186931 0.029630 0.133504
32 0.491296 0.195104 0.036296 0.144402
25 0.391296 0.562920 0.030370 0.122605
10 0.420185 0.565645 0.021481 0.133504
10 0.462037 0.377650 0.020741 0.128055
10 0.420926 0.181482 0.017037 0.111707
32 0.247222 0.201916 0.032593 0.141677
27 0.176852 0.564283 0.042963 0.130779
24 0.387963 0.370839 0.017778 0.108983
13 0.294259 0.756364 0.022963 0.128054
3 0.268704 0.764538 0.025185 0.138953
22 0.306481 0.564283 0.019259 0.141677
13 0.460926 0.567007 0.024444 0.125330
33 0.457324 0.776228 0.037426 0.142392
15 0.580185 0.824479 0.024444 0.242486
25 0.516482 0.568370 0.028889 0.128054
25 0.524630 0.765900 0.031852 0.103533
25 0.435741 0.376288 0.022963 0.119881
25 0.556482 0.185568 0.031852 0.108983
28 0.515741 0.186931 0.024444 0.122605
22 0.139815 0.565645 0.026667 0.128055
22 0.252037 0.554747 0.020000 0.117156
22 0.196111 0.370839 0.023704 0.119881
22 0.553148 0.774074 0.019259 0.141677
5 0.405000 0.780885 0.025185 0.155300
10 0.548333 0.575181 0.027407 0.147126
24 0.602407 0.776799 0.017037 0.119881
20 0.658704 0.778161 0.028889 0.122605
11 0.343148 0.379012 0.030370 0.130779
34 0.300926 0.178757 0.025926 0.122605
34 0.221296 0.368114 0.026667 0.125330
34 0.278704 0.564283 0.027407 0.130779
4 0.219074 0.550660 0.034074 0.130779
22 0.398333 0.177395 0.022222 0.114432
34 0.330556 0.571094 0.030370 0.122605