29 0.389444 0.641124 0.025185 0.114432
1 0.425370 0.834568 0.030370 0.136228
9 0.456852 0.825032 0.020741 0.128054
35 0.744630 0.844913 0.039259 0.125330
1 0.816111 0.644828 0.026667 0.125330
15 0.750556 0.658280 0.027407 0.187995
15 0.637222 0.663729 0.025926 0.187995
32 0.360556 0.846275 0.034074 0.149851
18 0.392407 0.824479 0.025185 0.171648
34 0.359815 0.626948 0.025185 0.108983
34 0.517222 0.629672 0.022963 0.092635
34 0.611667 0.820392 0.026667 0.125330
22 0.334630 0.633759 0.020741 0.111707
22 0.493518 0.631034 0.020000 0.122605
21 0.562407 0.631034 0.027407 0.122605
10 0.510926 0.834014 0.020741 0.125330
4 0.543148 0.825841 0.034815 0.119881
11 0.581667 0.828565 0.031852 0.130779
11 0.781667 0.839464 0.028889 0.125330
10 0.440185 0.631034 0.024444 0.106258
0 0.647222 0.832652 0.031111 0.138953