12 0.692778 0.447680 0.022963 0.158025
5 0.815000 0.652022 0.022963 0.168923
1 0.686482 0.246062 0.028148 0.119881
12 0.376111 0.252320 0.020741 0.122605
12 0.775741 0.255215 0.021482 0.119881
15 0.657963 0.655556 0.025926 0.166198
8 0.468333 0.246871 0.022963 0.133504
8 0.518704 0.246871 0.022963 0.133504
8 0.333148 0.828565 0.022222 0.119881
35 0.391667 0.643295 0.032593 0.114432
14 0.575741 0.631034 0.036296 0.117156
14 0.755741 0.631034 0.037778 0.122605
15 0.767593 0.474372 0.024444 0.201618
18 0.885741 0.820392 0.032593 0.130779
18 0.733148 0.809493 0.032593 0.152576
18 0.651296 0.805406 0.031852 0.138953
11 0.579444 0.428055 0.024444 0.114432
36 0.391667 0.444402 0.031111 0.147126
0 0.300926 0.682801 0.037778 0.231588
32 0.542037 0.646020 0.034074 0.152576
32 0.826482 0.253682 0.031111 0.163474
33 0.713148 0.057514 0.040000 0.108983
14 0.650926 0.057514 0.040000 0.103533