5 0.860926 0.623414 0.022963 0.171648
15 0.833518 0.624777 0.024444 0.174372
16 0.395370 0.239251 0.028148 0.177097
1 0.829074 0.212814 0.028889 0.141677
35 0.856852 0.422776 0.038518 0.106258
8 0.385370 0.602427 0.022963 0.125330
1 0.785000 0.794508 0.025185 0.117156
1 0.446482 0.799957 0.026667 0.117156
33 0.482037 0.794508 0.035556 0.128054
14 0.496852 0.592891 0.040000 0.122605
20 0.692778 0.590166 0.025926 0.117156
8 0.721296 0.603789 0.023704 0.133504
0 0.536852 0.791784 0.029630 0.117156
13 0.560926 0.211452 0.018518 0.106258
0 0.459074 0.406258 0.029630 0.119881
0 0.707593 0.403533 0.027407 0.136228
13 0.773148 0.595615 0.022222 0.122605
28 0.872407 0.797233 0.022222 0.128055
32 0.758333 0.802682 0.028148 0.138953
4 0.646481 0.804044 0.037037 0.147126
10 0.530926 0.599702 0.019259 0.119881