24 0.137963 0.634313 0.018518 0.111707
24 0.138333 0.838655 0.017778 0.117156
24 0.303148 0.840017 0.021481 0.114432
24 0.436852 0.838101 0.016296 0.133504
24 0.566481 0.832822 0.019259 0.119881
24 0.652778 0.641933 0.017037 0.133504
25 0.160926 0.635121 0.028889 0.130779
25 0.336111 0.632397 0.029630 0.125330
25 0.500926 0.629672 0.028889 0.125330
25 0.674630 0.637846 0.026667 0.114432
25 0.589074 0.840826 0.027407 0.117156
1 0.610556 0.633759 0.025926 0.128055
0 0.236111 0.839464 0.029630 0.119881
9 0.262407 0.884419 0.018519 0.204342
9 0.527222 0.878970 0.014815 0.193444
8 0.239444 0.629672 0.024444 0.136228
36 0.211667 0.631034 0.032593 0.117156
36 0.642037 0.834014 0.031111 0.114432
3 0.411667 0.835377 0.029630 0.133504
3 0.204630 0.838101 0.030370 0.133504
3 0.674259 0.839464 0.030370 0.130779
13 0.286481 0.635121 0.022222 0.130779
0 0.502037 0.835377 0.031111 0.128054
21 0.328333 0.842188 0.027407 0.125330
21 0.473148 0.633759 0.029630 0.122605
4 0.436111 0.640570 0.044444 0.152576
4 0.575000 0.631034 0.036296 0.133504
35 0.168333 0.850362 0.039259 0.130779
35 0.464630 0.843550 0.037778 0.128054
20 0.397593 0.637846 0.032593 0.130779
15 0.366482 0.671903 0.026667 0.193444
10 0.529444 0.622861 0.022222 0.111707
22 0.382778 0.831290 0.022222 0.125330
7 0.544630 0.842188 0.018519 0.130779
28 0.308704 0.635121 0.026667 0.130779
17 0.184630 0.632397 0.012593 0.125330
17 0.264630 0.636484 0.014074 0.133504
17 0.282407 0.836739 0.015556 0.130779
17 0.616111 0.842188 0.017778 0.136228
17 0.635000 0.636484 0.014074 0.122605