0 0.145370 0.246062 0.030370 0.119881
0 0.267963 0.240613 0.029630 0.114432
0 0.653889 0.443593 0.026667 0.133504
0 0.283889 0.635121 0.031852 0.130779
1 0.337963 0.643465 0.028889 0.122605
3 0.621296 0.825841 0.028148 0.119881
3 0.397222 0.823116 0.028889 0.108983
4 0.150556 0.655556 0.039259 0.149851
4 0.589074 0.444402 0.040741 0.147126
5 0.135000 0.456662 0.034815 0.166198
5 0.297222 0.463474 0.031852 0.158025
5 0.494259 0.267305 0.025926 0.163474
5 0.648333 0.855811 0.036296 0.179821
7 0.190185 0.248233 0.014815 0.114432
7 0.399074 0.248233 0.019259 0.114432
7 0.559815 0.437590 0.017778 0.128055
7 0.260185 0.637846 0.020000 0.125330
7 0.465000 0.827203 0.019259 0.111707
7 0.233519 0.827203 0.018519 0.122605
7 0.185000 0.836739 0.017778 0.125330
8 0.209074 0.835377 0.024444 0.128054
8 0.519074 0.824479 0.022222 0.122605
9 0.169444 0.293189 0.017778 0.193444
9 0.370556 0.635121 0.022963 0.108983
9 0.547222 0.633759 0.020741 0.128055
8 0.407222 0.434866 0.023704 0.128054
32 0.196852 0.459387 0.032593 0.144402
32 0.490926 0.643295 0.037037 0.152575
33 0.433889 0.824479 0.041481 0.122605
33 0.369074 0.244146 0.043704 0.111707
27 0.648704 0.244146 0.045926 0.117156
27 0.403889 0.637846 0.036296 0.125330
14 0.322037 0.828565 0.035556 0.114432
14 0.528333 0.436228 0.039259 0.125330
9 0.245370 0.485270 0.018519 0.179821
27 0.460926 0.238697 0.042222 0.133504
29 0.549074 0.244146 0.027407 0.122605
11 0.609074 0.245509 0.031852 0.130779
11 0.464630 0.443040 0.033333 0.128054
11 0.231667 0.635121 0.032593 0.136228
11 0.548704 0.825841 0.026667 0.130779
11 0.258704 0.821754 0.028889 0.122605
17 0.183519 0.635121 0.020741 0.119881
27 0.585000 0.821754 0.042963 0.128055
21 0.314259 0.240060 0.028889 0.125330
21 0.679444 0.827203 0.025926 0.128054
10 0.353889 0.824479 0.026667 0.122605
22 0.591667 0.639208 0.022222 0.128054
34 0.239074 0.242784 0.028148 0.108983
32 0.214630 0.264581 0.035556 0.158025
18 0.701667 0.821754 0.028889 0.144402
15 0.625370 0.477097 0.025926 0.190719
15 0.381667 0.459387 0.025926 0.171648
15 0.433519 0.471647 0.024444 0.196169
34 0.458333 0.637846 0.026667 0.136228
13 0.354630 0.433504 0.026667 0.119881
28 0.523518 0.648744 0.026667 0.114432
28 0.494259 0.449851 0.024444 0.114432
28 0.292407 0.832652 0.028148 0.122605