8 0.198704 0.224266 0.022963 0.130779
8 0.624259 0.420434 0.023704 0.130779
8 0.384630 0.406811 0.022963 0.119881
8 0.143519 0.809493 0.023704 0.130779
0 0.302778 0.218433 0.026667 0.106258
0 0.631296 0.222350 0.024444 0.133504
0 0.282778 0.810856 0.026667 0.128055
2 0.459444 0.631034 0.037778 0.182546
2 0.278704 0.633759 0.036296 0.182546
21 0.647222 0.422605 0.026667 0.130779
21 0.170185 0.804044 0.028148 0.119881
21 0.404259 0.794508 0.025185 0.133504
21 0.548704 0.411707 0.029630 0.130779
21 0.226111 0.413069 0.027407 0.117156
12 0.360556 0.415794 0.022222 0.133504
14 0.439074 0.216901 0.037037 0.133504
21 0.161667 0.617412 0.025926 0.128054
35 0.239074 0.613325 0.035556 0.108983
35 0.579815 0.414432 0.037037 0.119881
35 0.420926 0.610600 0.034815 0.119881
32 0.349444 0.812218 0.032593 0.141677
33 0.457593 0.805407 0.041482 0.111707
27 0.676482 0.618774 0.042222 0.130779
36 0.576481 0.805406 0.030370 0.117156
7 0.487593 0.801320 0.014074 0.119881
7 0.326852 0.802682 0.020000 0.106258
7 0.623518 0.816305 0.016296 0.138953
7 0.468333 0.220988 0.017037 0.114432
7 0.523148 0.419881 0.018519 0.119881
13 0.196111 0.799957 0.022222 0.111707
13 0.490926 0.211452 0.023704 0.117156
22 0.279074 0.406258 0.020741 0.119881
22 0.440556 0.411707 0.025185 0.125330
22 0.208333 0.609238 0.022963 0.111707
9 0.306482 0.839464 0.016296 0.185270
3 0.255741 0.225074 0.030370 0.117156
3 0.468704 0.404896 0.028148 0.117156
3 0.334630 0.407620 0.026667 0.133504
3 0.343518 0.605151 0.026667 0.119881
3 0.543519 0.804044 0.028148 0.125330
3 0.252778 0.797233 0.028889 0.122605
3 0.665741 0.806769 0.025185 0.125330
11 0.375741 0.218263 0.027407 0.114432
11 0.512778 0.806769 0.027407 0.136228
11 0.524259 0.601064 0.028148 0.122605
34 0.597963 0.611962 0.028889 0.122605
34 0.693518 0.215538 0.028889 0.125330
5 0.565000 0.229161 0.020741 0.147126
34 0.303889 0.407620 0.027407 0.128054
34 0.373889 0.794508 0.028148 0.133504
22 0.221296 0.804044 0.023704 0.125330
22 0.137593 0.622861 0.022222 0.128054
22 0.277593 0.219625 0.017778 0.117156
22 0.327222 0.223712 0.019259 0.114432
25 0.389815 0.607876 0.027407 0.119881
25 0.498333 0.407620 0.025185 0.122605
25 0.639444 0.607876 0.030370 0.114432
28 0.223519 0.216901 0.023704 0.122605
28 0.253889 0.408983 0.020741 0.125330
28 0.405370 0.219625 0.024444 0.106258
24 0.544259 0.220988 0.016296 0.119881
24 0.669815 0.220988 0.017037 0.114432
13 0.674630 0.411707 0.023704 0.125330