14 0.252880 0.379072 0.043352 0.123321
14 0.247593 0.563474 0.039259 0.128054
5 0.151296 0.775990 0.027407 0.155300
5 0.432037 0.398084 0.024444 0.158025
15 0.525741 0.614857 0.025185 0.201618
15 0.399074 0.784972 0.023704 0.190720
1 0.306852 0.188293 0.028889 0.119881
33 0.497963 0.373563 0.040741 0.114432
33 0.557963 0.571094 0.039259 0.122605
33 0.431296 0.759089 0.039259 0.122605
33 0.606852 0.772712 0.040741 0.122605
35 0.507963 0.200553 0.035556 0.106258
11 0.150556 0.373563 0.025926 0.114432
11 0.152407 0.564283 0.028148 0.119881
11 0.245000 0.189655 0.029630 0.122605
11 0.539444 0.189655 0.028889 0.111707
11 0.486482 0.759089 0.029630 0.133504
11 0.430185 0.567007 0.028148 0.119881
11 0.359074 0.560196 0.026667 0.117156
11 0.231296 0.759089 0.028889 0.122605
27 0.395741 0.565645 0.042222 0.117156
27 0.647593 0.573819 0.039259 0.117156
13 0.598704 0.188293 0.022963 0.108983
34 0.324259 0.748191 0.026667 0.100809
34 0.701667 0.586079 0.025926 0.114432
34 0.333889 0.189655 0.028148 0.111707
34 0.460556 0.383099 0.028148 0.106258
34 0.216111 0.376288 0.029630 0.114432
32 0.599815 0.392635 0.032593 0.136228
11 0.611296 0.572456 0.025926 0.114432
25 0.639074 0.779523 0.031111 0.136228
22 0.667222 0.772712 0.025185 0.111707
22 0.299815 0.748191 0.019259 0.122605
22 0.195370 0.192380 0.023704 0.122605
9 0.143889 0.214176 0.015556 0.155300
9 0.176481 0.817667 0.020000 0.228863
26 0.478704 0.579268 0.024444 0.117156
7 0.176481 0.374925 0.012593 0.117156
7 0.176852 0.567007 0.020741 0.119881
7 0.526111 0.384462 0.015556 0.103533
7 0.586481 0.583355 0.014815 0.125330
8 0.572407 0.768625 0.020741 0.136228
36 0.543519 0.768625 0.028148 0.130779
0 0.414259 0.185568 0.025926 0.119881
0 0.658704 0.199191 0.030370 0.119881
0 0.662037 0.381737 0.031111 0.114432
21 0.372037 0.757727 0.027407 0.114432
24 0.349815 0.752278 0.015556 0.103533
24 0.197222 0.573819 0.020000 0.128054
24 0.503519 0.564283 0.014815 0.119881
4 0.326111 0.379012 0.040741 0.125330
28 0.288333 0.373563 0.024444 0.136228
28 0.286482 0.567007 0.029630 0.119881
3 0.328333 0.567007 0.024444 0.108983
3 0.404259 0.377650 0.028148 0.122605
4 0.469444 0.197829 0.041481 0.149851
3 0.382407 0.189655 0.030370 0.122605
3 0.570556 0.192380 0.027407 0.128055
3 0.706111 0.206003 0.031852 0.122605
30 0.368333 0.364027 0.025926 0.138953