16 0.320926 0.274670 0.028889 0.182546
18 0.550556 0.233802 0.031852 0.166198
1 0.466852 0.453129 0.028889 0.141677
1 0.409444 0.636484 0.028148 0.133504
1 0.699815 0.242954 0.026667 0.122605
32 0.283889 0.858535 0.042222 0.190719
15 0.373889 0.870796 0.022222 0.209791
15 0.545000 0.868071 0.022222 0.209791
29 0.691667 0.444402 0.025185 0.119881
14 0.351296 0.445764 0.039259 0.117156
28 0.748333 0.252320 0.027407 0.133504
28 0.625000 0.640570 0.026667 0.136228
9 0.653148 0.640570 0.023704 0.136228
27 0.689815 0.643295 0.042222 0.130779
32 0.473148 0.654193 0.035556 0.147126
32 0.616852 0.844913 0.031111 0.147127
32 0.596111 0.650106 0.031111 0.155300
29 0.287963 0.444402 0.028148 0.130779
0 0.353148 0.641933 0.031111 0.128054
0 0.582778 0.249596 0.026667 0.128055
35 0.429074 0.253682 0.039259 0.130779
35 0.798704 0.651469 0.039259 0.125330
35 0.760556 0.448489 0.038519 0.111707
36 0.474630 0.832652 0.032593 0.122605
36 0.715741 0.834014 0.033333 0.125330
27 0.525000 0.447126 0.041481 0.119881
10 0.770926 0.832652 0.019259 0.122605
10 0.816111 0.451213 0.019259 0.117156
10 0.876482 0.246871 0.021482 0.133504
8 0.657881 0.833865 0.026689 0.113110
21 0.520556 0.253683 0.026667 0.125330
26 0.588333 0.460749 0.034815 0.119881
21 0.763889 0.658280 0.031852 0.128054
10 0.568704 0.631034 0.020741 0.138953
11 0.845000 0.842188 0.032593 0.125330
4 0.340185 0.853086 0.037778 0.141677
4 0.787963 0.257769 0.041481 0.149851
4 0.665000 0.237335 0.031111 0.119881
4 0.513519 0.839464 0.039259 0.147126
20 0.385370 0.438953 0.025926 0.103533
32 0.614259 0.253682 0.031852 0.158025
8 0.618704 0.448489 0.025926 0.122605
21 0.645370 0.449851 0.027407 0.125330
0 0.572407 0.831290 0.026667 0.119881
22 0.430556 0.824478 0.021481 0.117156
25 0.403518 0.825841 0.026667 0.103533
25 0.865741 0.624223 0.025185 0.136228
13 0.735741 0.647382 0.025926 0.128054
28 0.441667 0.648744 0.025926 0.130779
25 0.538704 0.643295 0.031852 0.119881
0 0.417593 0.443040 0.028148 0.122605
3 0.322407 0.643295 0.027407 0.130779
3 0.507222 0.643295 0.031111 0.141677
17 0.383148 0.643295 0.021482 0.119881