8 0.314630 0.419072 0.020741 0.122605
8 0.443889 0.800511 0.025926 0.122605
21 0.312778 0.224266 0.024444 0.119881
21 0.802407 0.806769 0.022963 0.119881
21 0.606482 0.809664 0.026667 0.122605
9 0.288333 0.805406 0.022963 0.138953
8 0.692778 0.610600 0.024444 0.125330
8 0.774630 0.806769 0.025185 0.119881
1 0.373889 0.621498 0.031111 0.130779
1 0.626852 0.225075 0.028889 0.122605
37 0.560556 0.601064 0.038519 0.171648
29 0.333889 0.812218 0.025185 0.114432
1 0.660556 0.804044 0.026667 0.119881
36 0.838704 0.625585 0.031852 0.117156
12 0.620185 0.426692 0.024444 0.144402
12 0.466111 0.613325 0.022963 0.119881
0 0.371296 0.413069 0.030370 0.128055
13 0.443519 0.222350 0.022222 0.117156
33 0.479815 0.230524 0.040000 0.117156
14 0.745000 0.425330 0.038518 0.125330
13 0.746482 0.607876 0.026667 0.119881
13 0.497593 0.809493 0.023704 0.119881
27 0.545370 0.229161 0.039259 0.114432
25 0.763518 0.225075 0.031111 0.117156
17 0.839445 0.051767 0.028889 0.103533
17 0.868704 0.240060 0.026667 0.108983
35 0.838704 0.237335 0.037778 0.119881
32 0.434259 0.426692 0.031852 0.149851
10 0.408333 0.230524 0.022963 0.117156
10 0.777222 0.419881 0.021481 0.119881
20 0.662037 0.423968 0.034074 0.133504
4 0.496852 0.629672 0.037037 0.147126
35 0.538704 0.425330 0.031852 0.108983
13 0.705000 0.414432 0.025185 0.119881
25 0.805741 0.422605 0.028148 0.141677
10 0.408704 0.816305 0.022222 0.122605
10 0.311667 0.622861 0.022222 0.117156
32 0.282778 0.631035 0.042963 0.155300
28 0.366481 0.225075 0.025185 0.117156
28 0.667963 0.618774 0.026667 0.125330
17 0.618704 0.617412 0.018519 0.111707
17 0.687593 0.805407 0.015556 0.122605
17 0.736111 0.810856 0.017778 0.111707
22 0.580556 0.802682 0.020741 0.128055
22 0.524259 0.804044 0.022222 0.130779
21 0.656852 0.227799 0.023704 0.111707
11 0.776852 0.616049 0.026667 0.114432
21 0.717593 0.616049 0.025185 0.119881
21 0.877222 0.823116 0.030370 0.114432
13 0.826852 0.810856 0.018518 0.111707
22 0.849815 0.806769 0.024444 0.125330
22 0.425370 0.616049 0.020000 0.125330
9 0.394259 0.458025 0.014074 0.207067
9 0.513519 0.452576 0.014074 0.212516
34 0.458704 0.411707 0.025926 0.119881
0 0.586111 0.222350 0.030370 0.133504
0 0.572407 0.411707 0.028148 0.119881
25 0.382407 0.817667 0.030370 0.119881
11 0.705000 0.226437 0.026667 0.130779
24 0.811667 0.230524 0.016296 0.122605
25 0.487222 0.414432 0.032593 0.125330