15 0.473148 0.220179 0.023704 0.171648
15 0.648704 0.592082 0.025185 0.185270
4 0.276482 0.229715 0.046667 0.201618
4 0.546481 0.775436 0.041481 0.160749
4 0.817222 0.767433 0.033333 0.130779
4 0.506482 0.400809 0.037037 0.158025
4 0.570185 0.402171 0.041481 0.155300
4 0.554630 0.208727 0.037037 0.160749
4 0.387593 0.220988 0.042222 0.168923
16 0.366111 0.067050 0.022963 0.122605
35 0.762037 0.203278 0.038519 0.122605
14 0.382037 0.588804 0.040000 0.114432
14 0.403148 0.396722 0.037778 0.122605
14 0.503148 0.577906 0.037778 0.125330
13 0.445000 0.201916 0.025185 0.130779
26 0.714259 0.381737 0.024444 0.114432
5 0.567222 0.591528 0.031111 0.158025
18 0.468704 0.369476 0.028148 0.160749
18 0.654630 0.377650 0.031111 0.144402
18 0.402037 0.757727 0.028148 0.141677
9 0.379815 0.839464 0.017778 0.239762
9 0.339074 0.244146 0.019259 0.193444
0 0.762778 0.388548 0.026667 0.117156
0 0.678333 0.567007 0.029630 0.130779
27 0.364259 0.406258 0.040000 0.114432
8 0.650926 0.755002 0.022222 0.125330
13 0.621667 0.567007 0.021481 0.125330
13 0.703889 0.753640 0.024444 0.117156
4 0.732778 0.579268 0.036296 0.160749
4 0.847593 0.577906 0.037778 0.158025
13 0.495000 0.768625 0.022963 0.130779
7 0.472407 0.776799 0.019259 0.130779
21 0.607593 0.199191 0.025926 0.114432
34 0.711296 0.197829 0.028889 0.122605
34 0.597593 0.568370 0.026667 0.128055
28 0.622037 0.757727 0.022222 0.125330
32 0.346481 0.596977 0.032593 0.136228
24 0.310556 0.404896 0.014074 0.122605
24 0.452407 0.768625 0.019259 0.114432
24 0.741296 0.761814 0.017778 0.117156
21 0.781667 0.573819 0.025926 0.128054
10 0.538333 0.370839 0.019259 0.152576
10 0.417222 0.204640 0.022963 0.125330
10 0.876482 0.764538 0.021482 0.133504
24 0.786481 0.388548 0.016296 0.117156
11 0.810185 0.391273 0.028148 0.128054
11 0.439444 0.391273 0.027407 0.133504
11 0.443519 0.590166 0.031111 0.122605
25 0.765741 0.757727 0.028148 0.125330
17 0.585000 0.197829 0.016296 0.117156
17 0.723519 0.761814 0.013333 0.138953
17 0.702407 0.579268 0.014074 0.122605
17 0.790926 0.765900 0.013333 0.114432
17 0.761296 0.569732 0.016296 0.119881
17 0.515000 0.775436 0.014074 0.144402
4 0.322407 0.802682 0.039259 0.149851
3 0.314630 0.215539 0.026667 0.130779
30 0.314630 0.575181 0.028148 0.152576
10 0.413889 0.580630 0.017778 0.130779
28 0.470926 0.577905 0.022222 0.130779