30 0.131296 0.653384 0.031852 0.149851
30 0.500926 0.631588 0.028889 0.155300
30 0.279444 0.852278 0.030370 0.155300
3 0.640556 0.850362 0.026667 0.130779
24 0.156481 0.657088 0.014074 0.122605
25 0.181296 0.654193 0.028148 0.114432
27 0.217222 0.654193 0.037778 0.136228
5 0.250556 0.682801 0.028889 0.166198
34 0.279074 0.656918 0.023704 0.114432
16 0.311667 0.688250 0.028148 0.182546
9 0.336852 0.703235 0.016296 0.223414
1 0.362037 0.654193 0.028148 0.125330
22 0.387222 0.653980 0.023704 0.119881
22 0.311296 0.858536 0.018519 0.108983
28 0.413889 0.662367 0.031111 0.130779
22 0.597222 0.654193 0.022963 0.119881
5 0.440926 0.678714 0.027407 0.168923
34 0.469815 0.651469 0.027407 0.125330
34 0.412407 0.863985 0.025185 0.136228
13 0.441296 0.855811 0.023704 0.130779
15 0.672037 0.716858 0.022963 0.267007
1 0.640185 0.654193 0.027407 0.130779
26 0.533148 0.667816 0.026667 0.119881
24 0.557963 0.652831 0.017037 0.117156
17 0.573889 0.662367 0.014815 0.119881
17 0.583519 0.853086 0.014815 0.125330
17 0.618333 0.656918 0.017778 0.130779
17 0.521296 0.861260 0.016296 0.119881
0 0.132037 0.863985 0.028889 0.119881
0 0.496111 0.847637 0.026667 0.125330
21 0.163889 0.869434 0.025926 0.130779
21 0.608704 0.857173 0.026667 0.117156
18 0.356111 0.850149 0.029630 0.147126
7 0.189444 0.873521 0.016296 0.133504
11 0.215741 0.861260 0.028889 0.130779
3 0.246852 0.851724 0.025926 0.133504
24 0.333963 0.869221 0.019407 0.114432
5 0.387593 0.882844 0.027407 0.168923
15 0.468704 0.895317 0.023704 0.198893
4 0.552778 0.880332 0.037778 0.179821