0 0.304259 0.661558 0.028148 0.122605
0 0.270556 0.657471 0.030370 0.119881
0 0.231296 0.848191 0.025926 0.119881
3 0.499074 0.064325 0.026667 0.128055
3 0.562778 0.459557 0.028148 0.119881
2 0.525741 0.489357 0.037037 0.187995
3 0.166111 0.267305 0.028889 0.119881
3 0.329074 0.261856 0.025926 0.119881
3 0.458333 0.259132 0.025185 0.114432
30 0.257222 0.445764 0.027407 0.155300
3 0.226481 0.462112 0.026667 0.128055
4 0.185370 0.090209 0.037778 0.163474
4 0.327593 0.077948 0.040741 0.149851
4 0.437593 0.076586 0.038518 0.152576
4 0.398333 0.280928 0.041481 0.152576
4 0.295370 0.473010 0.040000 0.149851
4 0.571667 0.671903 0.035556 0.160749
4 0.483519 0.674627 0.038519 0.155300
4 0.139444 0.479821 0.043704 0.152576
5 0.244259 0.087484 0.032593 0.147126
5 0.405370 0.489357 0.027407 0.160749
5 0.173519 0.686888 0.027407 0.163474
7 0.407593 0.058876 0.015556 0.117156
7 0.564630 0.062814 0.018519 0.125628
7 0.451667 0.661005 0.016296 0.111707
7 0.390926 0.839464 0.016296 0.108983
7 0.642778 0.850362 0.017778 0.125330
8 0.195370 0.456662 0.022222 0.122605
9 0.271296 0.101107 0.017037 0.185270
9 0.659074 0.101107 0.017778 0.196169
5 0.629444 0.285015 0.028148 0.171648
9 0.582037 0.310898 0.014815 0.196169
9 0.255000 0.885781 0.015556 0.190719
9 0.410185 0.884419 0.017778 0.187995
10 0.217593 0.062963 0.017778 0.125330
10 0.429815 0.265943 0.024444 0.117156
10 0.169444 0.467561 0.022222 0.122605
10 0.328704 0.456662 0.023704 0.122605
10 0.671667 0.648744 0.017778 0.125330
10 0.430185 0.843550 0.023704 0.106258
11 0.295370 0.256407 0.029630 0.130779
11 0.634259 0.456662 0.025926 0.122605
11 0.363519 0.656918 0.025185 0.136228
11 0.132407 0.853086 0.023704 0.130779
3 0.206111 0.663729 0.025926 0.128054
9 0.153889 0.715496 0.013333 0.237037
12 0.293889 0.849000 0.019259 0.128054
13 0.193519 0.267305 0.024444 0.125330
14 0.422407 0.661005 0.036296 0.133504
18 0.263519 0.248233 0.028148 0.125330
18 0.333519 0.646020 0.027407 0.141677
13 0.185741 0.849000 0.022222 0.106258
15 0.338704 0.880332 0.021481 0.196169
17 0.218333 0.268668 0.017778 0.122605
17 0.429815 0.462112 0.015556 0.106258
17 0.609815 0.464836 0.015556 0.117156
17 0.654259 0.274117 0.022963 0.100809
20 0.133148 0.264581 0.029630 0.125330
4 0.570926 0.847637 0.035556 0.114432
17 0.272778 0.854449 0.015556 0.128054
28 0.130185 0.659642 0.025185 0.136228
28 0.603519 0.256407 0.023704 0.119881
28 0.530185 0.843550 0.023704 0.117156
33 0.609815 0.846275 0.040741 0.133504
33 0.532037 0.065687 0.042222 0.119881
35 0.485370 0.458025 0.033333 0.130779
32 0.452778 0.470285 0.028889 0.144402
36 0.359815 0.261856 0.032593 0.125330
36 0.237593 0.651469 0.029630 0.119881
29 0.617222 0.658280 0.024444 0.128055
24 0.124630 0.067050 0.020000 0.100809
24 0.483148 0.257769 0.020000 0.111707
27 0.527222 0.654193 0.044444 0.130779
25 0.555741 0.255045 0.030370 0.122605
25 0.476482 0.842188 0.027407 0.108983
25 0.368435 0.845781 0.030019 0.115147
34 0.380185 0.451213 0.027407 0.117156
34 0.505370 0.261856 0.024444 0.130779
22 0.356111 0.458025 0.025185 0.136228
26 0.671296 0.850362 0.030370 0.130779
27 0.667963 0.462112 0.032593 0.138953