4 0.328611 0.640166 0.035555 0.138953
4 0.626389 0.658557 0.044445 0.159387
22 0.364722 0.650383 0.025556 0.110345
22 0.691389 0.852874 0.025555 0.130779
22 0.512500 0.852107 0.023333 0.143040
8 0.322500 0.847765 0.025555 0.130779
34 0.483056 0.635249 0.026667 0.122605
34 0.875278 0.849808 0.024444 0.126692
34 0.716944 0.868199 0.027778 0.130779
21 0.347500 0.847765 0.026667 0.138953
15 0.821944 0.896807 0.024444 0.179821
15 0.541945 0.684291 0.024445 0.196169
0 0.568056 0.649553 0.030000 0.126692
17 0.397500 0.853895 0.017778 0.134866
17 0.536389 0.860026 0.020000 0.147126
17 0.658056 0.651597 0.023333 0.147126
11 0.394722 0.643423 0.027778 0.122605
11 0.601944 0.847765 0.031111 0.114432
4 0.748056 0.645466 0.045556 0.167561
3 0.631944 0.851852 0.026667 0.122605
3 0.663611 0.855939 0.032222 0.138953
3 0.710833 0.647510 0.028889 0.114432
9 0.415278 0.889655 0.020000 0.204342
12 0.741389 0.864113 0.025556 0.163474
34 0.766389 0.860026 0.024444 0.155300
28 0.436944 0.853895 0.025556 0.143040
13 0.375833 0.853895 0.025555 0.118518
5 0.455833 0.637293 0.023333 0.126692
3 0.423611 0.637292 0.027778 0.126692
13 0.513056 0.645466 0.026667 0.134866
24 0.464167 0.853895 0.020000 0.126692
25 0.487500 0.857982 0.028889 0.126692
7 0.573611 0.860026 0.021111 0.106258
9 0.553611 0.899362 0.018889 0.201277
17 0.593611 0.655683 0.018889 0.114432
32 0.794722 0.870243 0.034444 0.159387