28 0.165833 0.725990 0.030000 0.138953
28 0.310278 0.719860 0.030000 0.126692
28 0.291389 0.924202 0.025556 0.110345
28 0.605278 0.919285 0.022222 0.126692
28 0.655278 0.915453 0.024444 0.114432
11 0.196389 0.714943 0.033333 0.126692
11 0.265278 0.929502 0.026667 0.122605
33 0.452500 0.921328 0.041111 0.098084
33 0.571389 0.912133 0.036667 0.126692
8 0.220833 0.921328 0.024444 0.114432
25 0.228611 0.712899 0.031111 0.130779
3 0.194722 0.923372 0.027778 0.126692
3 0.579167 0.710856 0.032222 0.159387
0 0.361944 0.708812 0.028889 0.138953
14 0.325833 0.921328 0.036667 0.138953
7 0.240278 0.927458 0.023333 0.102171
4 0.436389 0.721073 0.040000 0.147126
28 0.290278 0.926437 0.025556 0.130779
3 0.259722 0.731290 0.026667 0.134866
10 0.351944 0.915198 0.017778 0.118518
36 0.378055 0.915198 0.032222 0.118519
13 0.405833 0.915198 0.023333 0.134866
17 0.468056 0.706769 0.021111 0.134866
17 0.393056 0.694508 0.022222 0.151213
7 0.699722 0.921328 0.022222 0.138953
8 0.679167 0.915198 0.021111 0.126692
7 0.526944 0.911111 0.021111 0.118519
7 0.480833 0.919285 0.017778 0.126692
25 0.520833 0.700639 0.037778 0.130779
32 0.502500 0.921328 0.032222 0.130779