5 0.320833 0.748467 0.044445 0.183908
9 0.349722 0.750511 0.017778 0.179821
28 0.369722 0.699425 0.026667 0.126692
28 0.755833 0.721073 0.021111 0.122605
28 0.603611 0.930524 0.027778 0.114432
28 0.533056 0.925415 0.031111 0.122605
11 0.405833 0.714943 0.025556 0.151213
8 0.651389 0.710856 0.023333 0.143039
27 0.829722 0.932056 0.046667 0.127714
21 0.324167 0.917241 0.028889 0.130779
3 0.434167 0.702682 0.035556 0.126692
3 0.479722 0.723116 0.028889 0.126692
3 0.560278 0.712899 0.027778 0.122605
18 0.351389 0.919285 0.027778 0.134866
24 0.506389 0.698595 0.017778 0.118518
21 0.589167 0.706769 0.030000 0.134866
4 0.570278 0.915709 0.041111 0.168582
2 0.722500 0.749681 0.041111 0.196168
35 0.681389 0.727203 0.038889 0.126692
20 0.621389 0.714942 0.032222 0.126692
0 0.381389 0.921328 0.030000 0.138953
4 0.787500 0.727203 0.035556 0.134866
8 0.819167 0.721073 0.027778 0.130779
17 0.406389 0.917241 0.020000 0.122605
17 0.680833 0.919285 0.017778 0.118518
17 0.756389 0.925415 0.017778 0.114432
25 0.792500 0.923372 0.030000 0.118519
25 0.631389 0.913155 0.025556 0.114432
25 0.428611 0.919285 0.028889 0.126692
21 0.842500 0.729247 0.027778 0.130779
13 0.866389 0.723116 0.022222 0.110345
13 0.738056 0.929502 0.023333 0.114432
17 0.882500 0.735377 0.021111 0.110345
36 0.710278 0.922350 0.034445 0.122605
5 0.486944 0.919796 0.030000 0.160409