27 0.351945 0.744381 0.044445 0.126692
27 0.194167 0.948723 0.042222 0.102171
8 0.157500 0.938602 0.022222 0.122797
27 0.583528 0.931290 0.044833 0.119029
29 0.513611 0.931801 0.027778 0.122605
4 0.170278 0.759898 0.038889 0.151213
25 0.228611 0.944317 0.028889 0.111367
25 0.252500 0.743550 0.030000 0.134866
25 0.400833 0.939719 0.028889 0.102171
3 0.204167 0.751724 0.026667 0.143040
3 0.281389 0.739464 0.030000 0.126692
3 0.258611 0.934100 0.026667 0.131801
3 0.326389 0.937676 0.026667 0.106258
3 0.620833 0.929502 0.026667 0.106258
3 0.609167 0.727203 0.027778 0.151213
4 0.646944 0.739464 0.043333 0.167561
34 0.427500 0.727203 0.028889 0.118519
34 0.681389 0.729247 0.023333 0.130779
34 0.433611 0.921328 0.023333 0.138953
33 0.296389 0.942273 0.031111 0.115453
11 0.314167 0.753768 0.026667 0.155300
22 0.398056 0.727203 0.018889 0.143040
22 0.455278 0.935632 0.024444 0.118518
22 0.357500 0.935632 0.022222 0.118519
35 0.536389 0.739464 0.035556 0.134866
2 0.576945 0.759898 0.041111 0.175734
18 0.484167 0.924393 0.031111 0.134866
11 0.542500 0.936143 0.025555 0.127714
17 0.475278 0.733333 0.015555 0.138953
5 0.454167 0.741507 0.026667 0.171648
32 0.498056 0.731290 0.034445 0.126692