0 0.207963 0.703789 0.026667 0.125330
0 0.227593 0.909493 0.025926 0.111707
3 0.152037 0.906769 0.027407 0.117156
3 0.259444 0.703235 0.024444 0.119881
3 0.333148 0.699319 0.026667 0.125330
4 0.426111 0.720945 0.040741 0.149851
13 0.147593 0.696424 0.020000 0.122605
13 0.493148 0.700511 0.022222 0.119881
13 0.637593 0.899404 0.020741 0.108983
13 0.408333 0.913027 0.018519 0.114432
11 0.180185 0.911665 0.025926 0.133504
11 0.359074 0.908940 0.026667 0.122605
11 0.361296 0.700511 0.028148 0.130779
11 0.612407 0.695062 0.025185 0.108983
12 0.284630 0.700511 0.022963 0.136228
28 0.518704 0.902129 0.027407 0.114432
28 0.466852 0.907578 0.024444 0.119881
28 0.390185 0.700511 0.025185 0.125330
28 0.638333 0.697786 0.025185 0.119881
13 0.662778 0.693699 0.017778 0.117156
17 0.170926 0.701873 0.014815 0.122605
17 0.250185 0.910302 0.016296 0.114432
17 0.427593 0.914389 0.015556 0.122605
17 0.589815 0.915752 0.015556 0.130779
17 0.657695 0.909732 0.015944 0.115147
17 0.680556 0.699149 0.014815 0.111707
36 0.612407 0.910302 0.025185 0.119881
7 0.311296 0.910302 0.014074 0.125330
7 0.202778 0.907578 0.014815 0.114432
18 0.538704 0.690975 0.027407 0.138953
14 0.576111 0.703235 0.038519 0.125330
25 0.272037 0.908940 0.025926 0.117156
25 0.545370 0.902129 0.030370 0.114432
22 0.570185 0.904853 0.017778 0.114432
35 0.463519 0.705960 0.035556 0.119881
28 0.384630 0.910302 0.024444 0.114432
8 0.492037 0.907578 0.022963 0.125330
9 0.232037 0.738655 0.017037 0.196168
9 0.307963 0.734568 0.014815 0.187995
9 0.514630 0.741379 0.013333 0.201618
8 0.331667 0.906215 0.020741 0.122605