8 0.519074 0.921754 0.025185 0.125330
8 0.811667 0.718774 0.022222 0.122605
21 0.319815 0.713325 0.026667 0.117156
21 0.797222 0.923925 0.024444 0.114432
21 0.589074 0.924095 0.025926 0.111707
14 0.381667 0.921201 0.034815 0.119881
36 0.614259 0.719583 0.027407 0.114432
36 0.852037 0.920988 0.024444 0.114432
28 0.348704 0.918476 0.023704 0.125330
28 0.430556 0.714134 0.024444 0.119881
28 0.532778 0.712771 0.024444 0.117156
28 0.615000 0.921201 0.022963 0.130779
22 0.638704 0.919838 0.024444 0.111707
22 0.689815 0.921201 0.021482 0.114432
22 0.560926 0.725032 0.022963 0.114432
12 0.453889 0.719583 0.020741 0.125330
27 0.691296 0.712771 0.043704 0.122605
27 0.764259 0.921201 0.038519 0.125330
28 0.583148 0.722307 0.028889 0.125330
34 0.479074 0.715496 0.025185 0.111707
34 0.712778 0.922563 0.025926 0.122605
28 0.825370 0.922563 0.025926 0.122605
35 0.349444 0.718221 0.034074 0.111707
3 0.384259 0.719583 0.025185 0.125330
11 0.320926 0.915751 0.027407 0.130779
30 0.729074 0.704598 0.027407 0.144402
5 0.766852 0.731843 0.025926 0.149851
24 0.736111 0.927799 0.014815 0.117156
24 0.569074 0.922563 0.015556 0.117156
7 0.835741 0.719583 0.018518 0.125330
7 0.789444 0.715496 0.014815 0.122605
4 0.650185 0.725032 0.032593 0.147126
32 0.506111 0.731843 0.027407 0.144402
25 0.470926 0.921201 0.028148 0.119881
10 0.412407 0.917114 0.020741 0.111707
3 0.441296 0.922563 0.025185 0.133504
9 0.408704 0.750915 0.014815 0.187995
17 0.495741 0.931886 0.014074 0.125330
18 0.545741 0.913027 0.028148 0.141677
15 0.665000 0.928012 0.022222 0.138953