0 0.292899 0.642925 0.034086 0.108679
0 0.425629 0.782547 0.036152 0.101132
17 0.321046 0.637642 0.016010 0.098113
17 0.397999 0.630094 0.016010 0.107170
17 0.740671 0.791792 0.014461 0.105660
1 0.345320 0.635377 0.031504 0.114717
28 0.372950 0.628585 0.027889 0.113208
28 0.356940 0.784057 0.026856 0.098113
28 0.705294 0.945236 0.024274 0.109528
11 0.422789 0.636132 0.030471 0.116226
11 0.545965 0.778774 0.030988 0.117736
11 0.326210 0.782547 0.032537 0.122264
11 0.351775 0.942972 0.028922 0.114057
11 0.490704 0.942972 0.030988 0.114057
11 0.751259 0.942547 0.030471 0.098113
3 0.451711 0.627830 0.027372 0.105660
3 0.577986 0.786321 0.032021 0.129811
25 0.483473 0.622547 0.033054 0.116227
28 0.802389 0.623302 0.024274 0.138868
10 0.508005 0.623302 0.022208 0.138868
10 0.377082 0.946745 0.020658 0.106509
13 0.554229 0.627075 0.036152 0.101132
13 0.644868 0.786321 0.029438 0.111698
13 0.647966 0.944811 0.028405 0.108679
33 0.600968 0.627830 0.041833 0.126792
32 0.637121 0.627076 0.028405 0.137359
32 0.671207 0.944481 0.023241 0.111038
34 0.662944 0.625566 0.025307 0.131321
34 0.785345 0.778774 0.025307 0.114717
34 0.778373 0.944481 0.019626 0.111038
37 0.389994 0.771981 0.037185 0.143396
15 0.454551 0.805189 0.027889 0.161509
15 0.520400 0.934670 0.026340 0.130660
22 0.402647 0.953538 0.021175 0.092924
22 0.580826 0.944811 0.022208 0.093585
2 0.488380 0.788585 0.037702 0.125283
7 0.519626 0.781792 0.017560 0.108679
7 0.625759 0.941462 0.016010 0.117075
18 0.689025 0.775755 0.025823 0.117736
18 0.429503 0.934245 0.031504 0.126792
5 0.715623 0.789340 0.028405 0.160000
20 0.551388 0.939953 0.031504 0.120094
36 0.614138 0.778774 0.032021 0.126792
24 0.605617 0.936509 0.020142 0.116226
18 0.770884 0.619528 0.027373 0.137359
18 0.736281 0.629340 0.051130 0.141887
9 0.669658 0.805943 0.020142 0.172076
29 0.462557 0.940283 0.032537 0.114717
12 0.321304 0.941462 0.030988 0.117075