12 0.158333 0.664283 0.020741 0.128054
16 0.567222 0.879523 0.029630 0.166198
27 0.243889 0.658834 0.040741 0.122605
27 0.433519 0.859898 0.039259 0.122605
27 0.372407 0.654364 0.038519 0.111707
29 0.277963 0.665091 0.025926 0.119881
29 0.459815 0.648744 0.023704 0.103533
26 0.434630 0.661005 0.023704 0.117156
28 0.181296 0.658280 0.022222 0.122605
28 0.161296 0.858536 0.026667 0.114432
28 0.570185 0.650106 0.026667 0.122605
3 0.617963 0.643295 0.027407 0.125330
3 0.649074 0.643295 0.028889 0.119881
3 0.666213 0.855317 0.028537 0.117871
3 0.695741 0.857173 0.027407 0.122605
25 0.305000 0.658280 0.029630 0.111707
25 0.354630 0.870796 0.025185 0.117156
25 0.543148 0.647382 0.030370 0.111707
25 0.612037 0.858536 0.027407 0.114432
4 0.241667 0.866709 0.036296 0.141677
35 0.275000 0.862622 0.034815 0.111707
9 0.593148 0.696424 0.013333 0.209791
9 0.589074 0.869434 0.014074 0.141677
9 0.674259 0.684164 0.014074 0.196169
17 0.212037 0.862622 0.015556 0.111707
11 0.207963 0.658280 0.026667 0.128054
11 0.309815 0.863985 0.025926 0.119881
11 0.337593 0.658280 0.025185 0.128054
10 0.489815 0.857173 0.021482 0.122605
10 0.379444 0.862622 0.018519 0.117156
0 0.190185 0.865347 0.028148 0.117156
34 0.536852 0.854449 0.025185 0.122605
13 0.466111 0.859898 0.021481 0.133504
3 0.409444 0.658280 0.028148 0.128054
7 0.481667 0.654193 0.017037 0.103533
7 0.692778 0.647382 0.017037 0.128054
7 0.332778 0.870796 0.017037 0.128054
22 0.515741 0.857173 0.020000 0.117156
22 0.639815 0.855811 0.017778 0.119881
22 0.403148 0.861260 0.020000 0.114432
24 0.517222 0.655556 0.018518 0.128054
32 0.130185 0.899298 0.044444 0.195956