32 0.706583 0.715556 0.032241 0.147842
3 0.387963 0.695615 0.026667 0.125330
3 0.326482 0.696977 0.026667 0.122605
3 0.751667 0.906215 0.028148 0.111707
3 0.720185 0.906386 0.028889 0.125330
3 0.481667 0.903491 0.028889 0.117156
33 0.533148 0.700511 0.042963 0.119881
27 0.825370 0.699149 0.040741 0.122605
27 0.671296 0.704598 0.040741 0.117156
7 0.447222 0.697786 0.016296 0.125330
7 0.563889 0.707322 0.017037 0.122605
7 0.663148 0.915751 0.017037 0.125330
24 0.300556 0.700511 0.020741 0.114432
24 0.505741 0.906215 0.016296 0.128055
14 0.446482 0.910302 0.038518 0.119881
14 0.632037 0.906215 0.036296 0.111707
25 0.355370 0.693699 0.028148 0.122605
25 0.420185 0.699149 0.027407 0.138953
25 0.607222 0.695062 0.031111 0.114432
22 0.637963 0.690975 0.024444 0.111707
18 0.596852 0.895317 0.029630 0.138953
18 0.496111 0.682801 0.028148 0.149851
26 0.355000 0.903491 0.025926 0.128054
34 0.527593 0.903491 0.025926 0.117156
34 0.809815 0.906215 0.027407 0.128055
34 0.309444 0.903491 0.032593 0.128054
13 0.555000 0.910302 0.022963 0.130779
5 0.734259 0.718220 0.024444 0.149851
5 0.779444 0.923819 0.030370 0.152363
28 0.412778 0.914389 0.025926 0.111707
11 0.384630 0.906215 0.027407 0.122605
8 0.469444 0.692337 0.019259 0.125330
9 0.582778 0.749553 0.013333 0.207067
11 0.789444 0.697786 0.026667 0.136228
11 0.688704 0.907578 0.025185 0.125330
22 0.759815 0.703235 0.023704 0.119881