4 0.338347 0.114623 0.050613 0.144906
4 0.561975 0.288962 0.041317 0.119245
4 0.507489 0.606698 0.042866 0.147925
4 0.409877 0.925189 0.044932 0.123774
17 0.374241 0.119340 0.017043 0.131321
17 0.456359 0.122170 0.017043 0.150943
17 0.415817 0.282170 0.020658 0.111698
17 0.396966 0.757642 0.019109 0.102642
17 0.625500 0.918396 0.017560 0.095094
0 0.426921 0.117641 0.036669 0.120755
0 0.486572 0.107075 0.034086 0.123774
0 0.374758 0.437642 0.031504 0.105660
0 0.740930 0.438396 0.028405 0.092076
3 0.543383 0.109340 0.030988 0.128302
3 0.693415 0.109340 0.032537 0.134340
3 0.726727 0.109340 0.030988 0.128302
3 0.522208 0.288962 0.034086 0.137358
3 0.690058 0.284434 0.032021 0.125283
3 0.423305 0.437642 0.031504 0.120755
3 0.526856 0.438396 0.025823 0.113208
3 0.561459 0.445189 0.027889 0.108679
3 0.679987 0.602925 0.028405 0.122264
3 0.427179 0.756132 0.034086 0.141887
3 0.519109 0.753868 0.033054 0.104151
3 0.782763 0.923679 0.027372 0.114717
9 0.514461 0.131226 0.019626 0.141887
9 0.496127 0.299528 0.018076 0.173585
9 0.766236 0.461038 0.019109 0.161509
9 0.401097 0.453491 0.018076 0.179623
9 0.540284 0.613491 0.018593 0.152453
29 0.576953 0.111604 0.027889 0.138868
28 0.610006 0.123679 0.028922 0.138868
28 0.801614 0.280660 0.022724 0.117736
28 0.470562 0.273113 0.021691 0.096604
28 0.794900 0.756132 0.028922 0.111698
28 0.763654 0.756887 0.025307 0.143396
28 0.486314 0.759906 0.025307 0.125283
28 0.370626 0.919151 0.026340 0.123774
28 0.514203 0.918396 0.025307 0.122264
28 0.571272 0.919151 0.032021 0.111698
24 0.633505 0.119151 0.013944 0.135849
24 0.474177 0.589340 0.020658 0.119245
24 0.588315 0.444434 0.014461 0.125283
28 0.364945 0.282925 0.027373 0.107170
25 0.658554 0.105566 0.029955 0.132830
25 0.494835 0.436887 0.038218 0.116226
25 0.609490 0.427830 0.028922 0.110189
25 0.597095 0.270849 0.029955 0.092075
25 0.567140 0.590849 0.032021 0.110189
25 0.457134 0.746321 0.026856 0.116226
25 0.334474 0.753868 0.035636 0.107170
29 0.788961 0.433868 0.025307 0.122264
32 0.438541 0.290472 0.028922 0.140377
32 0.733699 0.771981 0.033570 0.164528
13 0.390768 0.285189 0.029438 0.144906
13 0.659070 0.276887 0.029955 0.107170
13 0.601485 0.916887 0.023241 0.155472
35 0.628341 0.277641 0.033570 0.111698
7 0.744287 0.276887 0.018593 0.119245
7 0.455584 0.602925 0.019626 0.134340
7 0.707876 0.756132 0.019109 0.123773
26 0.341704 0.442170 0.031504 0.123774
30 0.459458 0.437642 0.030471 0.096604
30 0.634022 0.750094 0.039768 0.114717
11 0.772692 0.283679 0.029955 0.150943
11 0.598903 0.596887 0.031504 0.137358
11 0.711491 0.603679 0.030471 0.105660
11 0.772950 0.596132 0.035636 0.111698
11 0.552679 0.754623 0.030988 0.117736
11 0.338606 0.919151 0.030471 0.114717
11 0.482957 0.912358 0.032021 0.125283
11 0.748935 0.924434 0.027889 0.116226
30 0.712266 0.911604 0.035119 0.144906
32 0.650807 0.919151 0.032021 0.150943
34 0.637637 0.437642 0.024274 0.102642
34 0.709425 0.444434 0.023241 0.116226
34 0.401356 0.597641 0.032021 0.105660
34 0.450420 0.906321 0.024790 0.116226
34 0.583150 0.755377 0.026856 0.113208
34 0.632473 0.594623 0.027372 0.114717
34 0.804713 0.596887 0.020658 0.143396
5 0.370626 0.617264 0.031504 0.153962
5 0.679212 0.451226 0.030988 0.129811
33 0.671465 0.756887 0.042350 0.143396
8 0.432343 0.586321 0.026856 0.131321
8 0.721046 0.272359 0.025823 0.125283
8 0.542608 0.912358 0.025307 0.131321
8 0.742479 0.606698 0.022208 0.135849
22 0.373467 0.765189 0.024790 0.099623