0 0.326482 0.698340 0.026667 0.125330
3 0.654630 0.909493 0.026667 0.117156
3 0.542407 0.904044 0.027407 0.117156
3 0.346852 0.908940 0.025926 0.117156
17 0.353519 0.695232 0.018519 0.111707
17 0.437963 0.693699 0.018519 0.122605
17 0.734630 0.910302 0.016296 0.114432
20 0.486111 0.918476 0.031852 0.130779
4 0.406852 0.715496 0.040741 0.155300
4 0.579444 0.918476 0.036296 0.147126
16 0.735741 0.742742 0.028889 0.198893
12 0.543148 0.699149 0.024444 0.128054
7 0.430185 0.904853 0.016296 0.125330
7 0.797222 0.913027 0.018519 0.114432
22 0.486111 0.695062 0.024444 0.119881
22 0.629444 0.696424 0.025185 0.117156
22 0.712778 0.908940 0.021482 0.111707
8 0.512407 0.904853 0.022222 0.114432
27 0.618704 0.900766 0.039259 0.128054
34 0.655000 0.703235 0.025926 0.119881
34 0.512778 0.695062 0.028889 0.119881
9 0.682037 0.757727 0.017778 0.207067
24 0.386852 0.906215 0.015556 0.111707
32 0.571296 0.716858 0.034815 0.147126
32 0.832407 0.929268 0.032592 0.141465
15 0.706482 0.745466 0.022222 0.209791
29 0.772407 0.914389 0.025185 0.117156
21 0.453148 0.902129 0.023704 0.108982
18 0.766481 0.695062 0.032593 0.136228
18 0.599815 0.692337 0.029630 0.141677
28 0.856111 0.913027 0.026667 0.114432
5 0.404259 0.921201 0.023704 0.147126
25 0.684630 0.906215 0.028889 0.106258