25 0.467593 0.679268 0.027407 0.108983
25 0.642037 0.677906 0.026667 0.117156
3 0.336111 0.679268 0.025185 0.125330
3 0.553519 0.686888 0.027407 0.119881
3 0.743148 0.881865 0.027407 0.130779
11 0.366111 0.682801 0.025926 0.128054
11 0.829815 0.689613 0.025926 0.119881
11 0.494259 0.880332 0.025926 0.114432
11 0.435741 0.884419 0.025926 0.111707
7 0.390926 0.681439 0.017778 0.119881
7 0.620556 0.688250 0.017778 0.122605
7 0.706111 0.880332 0.018518 0.119881
7 0.410926 0.883057 0.019259 0.125330
7 0.352037 0.878970 0.017037 0.122605
32 0.327963 0.877608 0.035556 0.141677
32 0.784630 0.704598 0.033333 0.138953
37 0.417222 0.666454 0.030370 0.160749
7 0.658704 0.885781 0.017037 0.108983
32 0.683889 0.898041 0.031852 0.144402
35 0.735370 0.689613 0.035556 0.125330
16 0.773148 0.910196 0.026667 0.179608
15 0.496852 0.715496 0.020741 0.187995
33 0.379815 0.876245 0.035556 0.122605
28 0.465000 0.876245 0.023704 0.111707
12 0.614630 0.878757 0.023704 0.117156
8 0.522037 0.878970 0.020741 0.128054
17 0.862778 0.887144 0.017778 0.111707
17 0.806852 0.695062 0.015556 0.108983
17 0.690185 0.693700 0.016296 0.117156
17 0.543889 0.878970 0.015556 0.111707
22 0.578704 0.684163 0.024444 0.119881
22 0.668333 0.684164 0.021481 0.119881
22 0.638704 0.878970 0.018519 0.128054
22 0.844630 0.885781 0.024444 0.119881
25 0.818333 0.883057 0.031111 0.114432
34 0.590167 0.877114 0.029037 0.123320
22 0.566111 0.881694 0.021482 0.117156
0 0.522778 0.686888 0.026667 0.130779
24 0.446111 0.688250 0.018519 0.122605
9 0.793148 0.915645 0.016296 0.168710