0 0.143148 0.706513 0.028889 0.125330
0 0.204259 0.703789 0.028148 0.125330
0 0.432037 0.699702 0.028889 0.128054
2 0.289444 0.729119 0.037037 0.171648
2 0.527963 0.719753 0.037037 0.166198
2 0.370926 0.919732 0.037037 0.160536
2 0.231667 0.919732 0.040000 0.155087
20 0.253519 0.701873 0.027407 0.122605
20 0.492407 0.700511 0.026667 0.108983
20 0.194630 0.911664 0.029630 0.128054
7 0.320185 0.699149 0.015556 0.117156
7 0.556852 0.701873 0.017778 0.117156
7 0.400556 0.898042 0.014815 0.122605
7 0.260185 0.896679 0.015556 0.125330
22 0.140556 0.902129 0.020741 0.114432
22 0.338704 0.696424 0.024444 0.111707
22 0.579074 0.692337 0.023704 0.108983
18 0.173148 0.696424 0.028148 0.138953
4 0.455741 0.913027 0.042222 0.163474
3 0.286852 0.898042 0.027407 0.128054
3 0.462037 0.690975 0.025185 0.122605
3 0.603148 0.892593 0.030370 0.122605
12 0.387963 0.695062 0.019259 0.125330
12 0.627963 0.692337 0.020741 0.141677
28 0.164259 0.900766 0.026667 0.122605
28 0.571667 0.893955 0.025185 0.130779
13 0.314630 0.900766 0.023704 0.111707
21 0.335000 0.900766 0.028889 0.117156
27 0.660926 0.688250 0.040741 0.111707
25 0.541667 0.895317 0.028889 0.117156
17 0.226481 0.711409 0.017778 0.108983
17 0.407963 0.697786 0.016296 0.108983
17 0.489444 0.899404 0.016296 0.125330
34 0.364259 0.696424 0.026667 0.117156
34 0.602778 0.685526 0.023704 0.117156