34 0.418333 0.684717 0.025185 0.125330
0 0.764630 0.694253 0.027407 0.122605
0 0.482407 0.890422 0.028889 0.122605
3 0.513519 0.692337 0.027407 0.119881
3 0.733148 0.692508 0.026667 0.117156
3 0.399444 0.887144 0.025926 0.122605
11 0.432407 0.888506 0.029630 0.130779
11 0.596481 0.889868 0.025926 0.133504
27 0.876482 0.701873 0.037778 0.133504
27 0.631296 0.892593 0.037778 0.128054
4 0.337222 0.896680 0.039259 0.168923
4 0.551667 0.707322 0.037037 0.155300
4 0.671296 0.705960 0.039259 0.158025
4 0.672037 0.900766 0.037778 0.149851
4 0.843148 0.908940 0.040741 0.155300
1 0.777593 0.902129 0.025185 0.147126
8 0.389815 0.685526 0.022963 0.122605
18 0.360556 0.678715 0.034074 0.141677
21 0.332037 0.690975 0.027407 0.117156
9 0.788704 0.734568 0.014815 0.193444
9 0.729519 0.918369 0.016444 0.141464
9 0.527222 0.914389 0.016296 0.166199
28 0.371296 0.891230 0.022963 0.130779
28 0.586111 0.689613 0.028889 0.119881
28 0.701667 0.697786 0.024444 0.130779
28 0.706482 0.902128 0.028148 0.119881
28 0.875370 0.895317 0.025185 0.117156
28 0.807222 0.888506 0.026667 0.119881
15 0.751296 0.914283 0.024444 0.171435
29 0.811667 0.700511 0.023704 0.119881
29 0.566482 0.884419 0.023704 0.117156
26 0.489444 0.688250 0.016296 0.133504
26 0.507593 0.893955 0.015556 0.125330
26 0.546481 0.898042 0.016296 0.122605
7 0.457963 0.893955 0.017037 0.125330
22 0.467593 0.685526 0.022963 0.122605
24 0.443889 0.684164 0.014074 0.125330
24 0.607593 0.690975 0.018518 0.111707
25 0.633889 0.689613 0.026667 0.125330
25 0.839815 0.701873 0.029630 0.122605