14 0.164630 0.759643 0.037778 0.117156
3 0.657963 0.743295 0.027407 0.122605
3 0.350556 0.744657 0.027407 0.125330
4 0.499444 0.746829 0.034815 0.119881
4 0.624630 0.738825 0.034815 0.128054
27 0.262037 0.750915 0.041481 0.117156
27 0.585000 0.738655 0.037037 0.119881
27 0.510185 0.938804 0.040000 0.122392
27 0.275000 0.945615 0.042222 0.108770
10 0.197222 0.748191 0.021481 0.122605
29 0.600185 0.936079 0.025926 0.122392
0 0.434259 0.937548 0.027407 0.119881
35 0.399444 0.946977 0.034815 0.106045
11 0.380556 0.742742 0.029630 0.117156
11 0.240556 0.941528 0.026667 0.116943
20 0.679074 0.936186 0.028148 0.117156
25 0.297593 0.745466 0.028148 0.122605
25 0.549444 0.738655 0.029630 0.125330
25 0.627593 0.938804 0.030370 0.122393
25 0.346111 0.940166 0.028889 0.119668
22 0.211296 0.942997 0.022963 0.108983
12 0.480556 0.941528 0.025185 0.116943
34 0.573889 0.933355 0.029630 0.122393
34 0.411667 0.746828 0.028148 0.130779
11 0.225000 0.752278 0.025185 0.130779
28 0.322407 0.745466 0.022963 0.117156
7 0.233620 0.185075 0.031500 0.057931
7 0.472407 0.745466 0.020741 0.117156
7 0.459074 0.923925 0.019259 0.114432
17 0.652778 0.940272 0.018519 0.108983
24 0.452037 0.735930 0.020000 0.125330
24 0.527222 0.744104 0.017778 0.119881
24 0.551667 0.934823 0.019259 0.125330