33 0.337593 0.761005 0.040000 0.108982
3 0.372778 0.756918 0.027407 0.122605
3 0.469074 0.944530 0.025926 0.110941
22 0.402407 0.750915 0.020000 0.117156
17 0.423889 0.767433 0.015556 0.119881
17 0.665370 0.763176 0.020000 0.114432
25 0.446852 0.756364 0.027407 0.117156
34 0.477963 0.755002 0.022963 0.125330
34 0.735000 0.760451 0.025926 0.114432
11 0.507963 0.755002 0.028148 0.114432
21 0.803519 0.764538 0.026667 0.122605
12 0.757963 0.757727 0.021481 0.119881
28 0.536111 0.753640 0.022222 0.122605
28 0.828704 0.755002 0.023704 0.119881
13 0.780556 0.761814 0.023704 0.117156
14 0.569444 0.759089 0.035556 0.117156
10 0.600556 0.757727 0.022222 0.119881
0 0.638704 0.757727 0.031852 0.125330
22 0.710185 0.759089 0.023704 0.122605
1 0.620556 0.945722 0.022222 0.103534
27 0.536482 0.947084 0.040741 0.100809