15 0.213148 0.755556 0.022222 0.174372
8 0.236852 0.737846 0.022222 0.128054
8 0.520185 0.933248 0.022963 0.133504
1 0.340185 0.730481 0.025926 0.125330
2 0.630926 0.751086 0.035556 0.179821
0 0.390556 0.733206 0.030370 0.125330
22 0.172407 0.928012 0.022222 0.106258
22 0.468704 0.923925 0.022222 0.125330
22 0.284259 0.731843 0.022222 0.133504
17 0.193148 0.744104 0.017778 0.130779
17 0.262037 0.733206 0.017778 0.141677
17 0.363889 0.738655 0.014074 0.125330
17 0.599444 0.922563 0.017037 0.117156
24 0.195370 0.928012 0.017778 0.122605
7 0.434630 0.737293 0.017778 0.133503
7 0.538333 0.733206 0.019259 0.141677
21 0.310926 0.740017 0.026667 0.117156
21 0.512408 0.731843 0.026667 0.128054
21 0.548333 0.926650 0.027407 0.125330
4 0.697222 0.716858 0.031852 0.119881
28 0.665370 0.719583 0.022963 0.108983
28 0.599444 0.727756 0.028889 0.108982
28 0.355741 0.929374 0.025926 0.114432
34 0.294259 0.930737 0.025926 0.117156
34 0.426111 0.922563 0.021481 0.122605
34 0.483889 0.731843 0.025926 0.117156
13 0.577963 0.923925 0.021482 0.125330
9 0.413889 0.782248 0.016296 0.212516
18 0.220556 0.908940 0.029630 0.166198
11 0.326111 0.936186 0.027407 0.117156
28 0.693889 0.917114 0.026667 0.122605
12 0.648333 0.913027 0.021481 0.125330
32 0.460185 0.742742 0.027407 0.138953
3 0.623148 0.922563 0.025926 0.117156
3 0.566111 0.730481 0.037778 0.125330