18 0.679863 0.143085 0.026876 0.029498
32 0.159239 0.148622 0.034683 0.035008
8 0.565012 0.145126 0.022757 0.025632
20 0.623005 0.145460 0.028443 0.025913
32 0.652797 0.147527 0.031863 0.029912
28 0.538241 0.145774 0.025028 0.025897
3 0.477616 0.146250 0.027559 0.025366
11 0.508920 0.146182 0.028588 0.025152
25 0.271285 0.145896 0.029935 0.024501
29 0.196893 0.147013 0.029177 0.026445
0 0.344150 0.146893 0.027945 0.025881
33 0.441647 0.146281 0.037529 0.024648
28 0.225046 0.146857 0.024997 0.025149
3 0.302713 0.146911 0.027326 0.025247
17 0.414769 0.146719 0.015249 0.024534
17 0.368449 0.147070 0.015606 0.025118
21 0.391379 0.146996 0.026281 0.024638
24 0.247883 0.147044 0.016404 0.024596
18 0.651647 0.184796 0.031156 0.030616
3 0.550138 0.187010 0.029019 0.026383
11 0.517687 0.187512 0.029998 0.027375
25 0.618205 0.186722 0.031183 0.025747
21 0.682095 0.187290 0.027656 0.026591
36 0.585195 0.187589 0.031324 0.026585
7 0.489287 0.187542 0.021109 0.026003
4 0.423850 0.190253 0.040663 0.030653
0 0.295906 0.188639 0.029943 0.026455
4 0.166276 0.190914 0.040628 0.030752
34 0.263643 0.189095 0.027909 0.026832
21 0.367274 0.189109 0.027165 0.026471
17 0.391760 0.189229 0.016862 0.025997
9 0.322522 0.197662 0.016652 0.042483
22 0.236540 0.188916 0.024722 0.024922
4 0.557058 0.231815 0.039191 0.033068
25 0.273012 0.228653 0.029088 0.025554
13 0.328993 0.228550 0.022552 0.025036
11 0.641447 0.229544 0.031801 0.026758
21 0.352613 0.228970 0.024901 0.025560
0 0.436215 0.229236 0.028632 0.026065
3 0.674156 0.229553 0.028702 0.026646
0 0.119124 0.235701 0.041884 0.038723
17 0.525812 0.228336 0.014577 0.023917
28 0.302814 0.229284 0.027393 0.025435
21 0.592910 0.229605 0.026034 0.025999
9 0.461571 0.236497 0.017894 0.039755
7 0.616908 0.229600 0.016480 0.025362
28 0.226426 0.229756 0.024899 0.025438
12 0.170209 0.230360 0.022444 0.026404
11 0.198136 0.229563 0.027300 0.024722
22 0.379217 0.229107 0.022741 0.023635
7 0.479775 0.229499 0.016021 0.024291
24 0.248732 0.229796 0.015748 0.024644
18 0.240683 0.269183 0.028179 0.028867
3 0.508532 0.269602 0.029087 0.026548
8 0.270086 0.270042 0.023415 0.025531
15 0.344787 0.275300 0.025142 0.035991
4 0.605811 0.273018 0.039860 0.030934
28 0.464328 0.270553 0.026018 0.025809
29 0.372436 0.270745 0.025989 0.026029
3 0.693365 0.270865 0.027814 0.025991
34 0.640241 0.270713 0.026328 0.025372
13 0.666723 0.270656 0.022574 0.025162
1 0.435123 0.271409 0.027611 0.026451
28 0.297397 0.270830 0.025935 0.025212
3 0.154417 0.271058 0.030351 0.025651
11 0.403351 0.271155 0.029124 0.025772
17 0.321316 0.271123 0.015255 0.025583
11 0.541317 0.271468 0.026311 0.025541
5 0.185871 0.275396 0.026616 0.032578
21 0.212386 0.271303 0.024557 0.024276
28 0.569144 0.271623 0.024433 0.024794
18 0.198375 0.310018 0.029159 0.027389
4 0.387609 0.313514 0.040347 0.032600
13 0.150876 0.310288 0.025777 0.025381
11 0.649556 0.310786 0.027579 0.026130
28 0.677302 0.310795 0.024278 0.025224
28 0.492510 0.310560 0.022998 0.024643
0 0.575331 0.310905 0.028082 0.025278
7 0.551998 0.310922 0.015738 0.025253
12 0.621311 0.312084 0.023091 0.027467
33 0.523126 0.310595 0.035683 0.024310
32 0.464314 0.313279 0.034334 0.029216
1 0.333857 0.311557 0.026938 0.025261
17 0.599410 0.311377 0.015806 0.024264
3 0.303471 0.312158 0.028406 0.025623
14 0.235977 0.311843 0.037176 0.024960
11 0.272225 0.312406 0.027405 0.025231
18 0.591396 0.349007 0.025201 0.030195
18 0.506005 0.348369 0.026056 0.028477
25 0.154247 0.349081 0.028404 0.024464
11 0.564027 0.350229 0.028156 0.025887
3 0.186270 0.350205 0.028181 0.025336
29 0.533901 0.350258 0.025618 0.025248
25 0.216690 0.349755 0.026572 0.023594
3 0.453159 0.350976 0.027716 0.025444
22 0.481821 0.350155 0.023065 0.023650
11 0.422109 0.350835 0.027567 0.024877
12 0.395987 0.351429 0.021506 0.025521
3 0.369078 0.350833 0.027223 0.024279
3 0.620714 0.351747 0.027664 0.025863
34 0.300321 0.350529 0.024684 0.022667
33 0.332678 0.351195 0.037877 0.023876
35 0.244498 0.351131 0.033267 0.022997
0 0.650618 0.389001 0.029322 0.026274
17 0.675801 0.389396 0.016777 0.025760
32 0.148737 0.391955 0.036746 0.030509
3 0.604059 0.389545 0.029117 0.025667
3 0.428671 0.389819 0.026703 0.025873
3 0.258440 0.389979 0.031226 0.026011
24 0.578250 0.389540 0.016385 0.025008
0 0.313058 0.390269 0.029799 0.026317
28 0.554174 0.389938 0.024795 0.025539
11 0.396396 0.390283 0.029159 0.026025
10 0.178192 0.389976 0.021342 0.024894
24 0.285555 0.390555 0.018186 0.025572
29 0.529043 0.390664 0.025411 0.025245
21 0.363779 0.390470 0.028374 0.024717
26 0.457311 0.390540 0.024187 0.024637
17 0.338741 0.390820 0.015292 0.024858
29 0.484931 0.390575 0.024682 0.024040
7 0.506824 0.390984 0.015516 0.023237
18 0.190806 0.425638 0.028263 0.029406
18 0.548767 0.427163 0.028085 0.028329
29 0.674591 0.427730 0.024913 0.026791
24 0.118376 0.427929 0.019851 0.026999
7 0.695563 0.427054 0.016661 0.024935
3 0.645146 0.428072 0.028567 0.025058
4 0.155992 0.430163 0.040383 0.029151
13 0.478244 0.428191 0.021159 0.023948
11 0.285088 0.428580 0.027971 0.024653
25 0.519626 0.428059 0.026121 0.023599
14 0.227787 0.428599 0.037277 0.024446
0 0.381310 0.429127 0.029971 0.025406
25 0.428236 0.428523 0.026359 0.023434
3 0.316541 0.428949 0.027156 0.024282
28 0.453244 0.428889 0.023352 0.023988
21 0.577416 0.429260 0.025282 0.024647
7 0.258855 0.428748 0.016996 0.023524
28 0.604942 0.428896 0.024446 0.023671
36 0.348311 0.429763 0.028962 0.023960
25 0.165860 0.463992 0.028866 0.024928
11 0.198297 0.465005 0.029546 0.025399
14 0.536530 0.464781 0.037039 0.024781
11 0.475634 0.464742 0.027077 0.024692
28 0.503892 0.464285 0.023482 0.023688
34 0.228952 0.464805 0.027115 0.024593
13 0.422093 0.464624 0.021344 0.023759
7 0.567612 0.464818 0.016645 0.024030
28 0.667809 0.465400 0.025321 0.024841
13 0.590300 0.465181 0.023872 0.024156
28 0.446811 0.465544 0.025318 0.024720
1 0.310403 0.465551 0.027728 0.024058
24 0.645660 0.465556 0.016433 0.023874
22 0.376999 0.465592 0.022075 0.023512
7 0.400207 0.465490 0.017618 0.022813
17 0.612379 0.465816 0.014761 0.023232
17 0.355600 0.465889 0.015071 0.023105
25 0.507477 0.501966 0.027081 0.024925
5 0.141088 0.507310 0.032841 0.034488
3 0.204436 0.503165 0.031107 0.026135
13 0.536479 0.502934 0.023701 0.024972
28 0.170043 0.502720 0.024830 0.024329
0 0.260400 0.503666 0.030474 0.026173
11 0.393339 0.503642 0.028986 0.025749
4 0.671176 0.506075 0.039166 0.030425
3 0.425172 0.503650 0.028164 0.025308
28 0.636889 0.503209 0.024654 0.024283
11 0.340114 0.503831 0.028030 0.025218
1 0.456541 0.503387 0.028761 0.024213
36 0.456543 0.503506 0.028702 0.024208
17 0.559917 0.504630 0.014997 0.026237
7 0.366457 0.503862 0.017227 0.024475
21 0.309029 0.504018 0.026107 0.024215
32 0.582361 0.506686 0.031988 0.029253
24 0.484505 0.503929 0.016721 0.023622
5 0.610562 0.507387 0.026119 0.030422
17 0.286124 0.503978 0.014767 0.023070
18 0.545091 0.542115 0.027591 0.029497
4 0.637348 0.545422 0.039054 0.030829
13 0.500509 0.543248 0.023551 0.026146
11 0.203200 0.543095 0.027017 0.024299
3 0.472426 0.543861 0.028456 0.025617
25 0.314455 0.543529 0.028734 0.024749
34 0.602081 0.543400 0.025311 0.024462
9 0.523095 0.546996 0.016446 0.031623
33 0.257540 0.544140 0.039292 0.025474
5 0.573052 0.547488 0.028519 0.032051
10 0.289420 0.543698 0.020436 0.024285
28 0.368417 0.543833 0.024336 0.024370
28 0.414458 0.543996 0.024180 0.024364
32 0.442537 0.546422 0.031672 0.029033
17 0.227528 0.543555 0.014707 0.023269
22 0.342749 0.544108 0.021881 0.023758
37 0.287650 0.580059 0.034385 0.027253
3 0.201163 0.580073 0.028240 0.025768
4 0.449379 0.583614 0.040502 0.031300
11 0.233498 0.580700 0.027061 0.024985
7 0.258927 0.580996 0.016544 0.025078
3 0.681278 0.580830 0.028268 0.024612
11 0.505819 0.581330 0.029160 0.025142
1 0.610333 0.580957 0.028960 0.024178
9 0.362567 0.587024 0.018514 0.036198
12 0.382522 0.581775 0.022212 0.025449
7 0.341465 0.581364 0.016964 0.024417
21 0.580428 0.581184 0.026599 0.024036
13 0.654368 0.581031 0.022014 0.023258
7 0.531212 0.581792 0.016766 0.024592
7 0.480171 0.581625 0.016891 0.024155
22 0.553400 0.581314 0.022051 0.023505
17 0.633747 0.581306 0.014554 0.022730
18 0.469098 0.617044 0.026851 0.027269
8 0.198109 0.617071 0.022868 0.025277
15 0.701533 0.623715 0.023752 0.036809
0 0.543564 0.618231 0.028547 0.025559
5 0.620954 0.622249 0.028986 0.033394
7 0.222356 0.618004 0.016585 0.024901
20 0.593244 0.618024 0.028222 0.024874
3 0.593199 0.618372 0.028295 0.025568
8 0.496839 0.618362 0.023054 0.025298
11 0.439774 0.618473 0.027242 0.024621
3 0.309484 0.618832 0.028250 0.025299
4 0.253674 0.621442 0.039674 0.030162
33 0.671120 0.618557 0.035755 0.024182
11 0.364953 0.618824 0.027634 0.024144
34 0.394421 0.618739 0.026987 0.023901
17 0.518886 0.618837 0.015223 0.023623
17 0.284499 0.619276 0.015855 0.023379
1 0.203842 0.654154 0.028167 0.025402
4 0.621160 0.657571 0.037321 0.031215
11 0.565703 0.655056 0.028733 0.026009
29 0.445774 0.659070 0.024896 0.033282
34 0.233636 0.654734 0.027426 0.024448
8 0.535045 0.655066 0.023006 0.025053
4 0.411993 0.658195 0.039921 0.031121
15 0.445753 0.659392 0.024363 0.033287
11 0.506969 0.655737 0.028934 0.025730
29 0.263702 0.655691 0.026082 0.025542
3 0.474895 0.655729 0.028673 0.025408
11 0.357533 0.655721 0.026274 0.024725
36 0.295197 0.655752 0.028991 0.024656
17 0.592008 0.655168 0.015849 0.023353
32 0.327305 0.658515 0.032807 0.029963
17 0.381002 0.656452 0.014705 0.024393
3 0.201360 0.689627 0.027945 0.025830
25 0.144518 0.690315 0.027209 0.024513
28 0.171116 0.691077 0.025501 0.025708
11 0.233754 0.690743 0.027811 0.024976
10 0.261044 0.690887 0.020547 0.024489
15 0.363304 0.697566 0.024061 0.037047
25 0.305822 0.690843 0.028264 0.023242
32 0.595565 0.693840 0.031931 0.028948
11 0.404855 0.692056 0.028052 0.025207
7 0.572450 0.691919 0.017584 0.024564
1 0.491615 0.692071 0.027531 0.024688
24 0.282032 0.691464 0.015771 0.023059
25 0.660160 0.691982 0.026204 0.023899
22 0.336387 0.692058 0.023238 0.023616
33 0.543346 0.692336 0.037606 0.023595
7 0.428990 0.692426 0.016005 0.023274
17 0.515751 0.692487 0.014930 0.022944
24 0.637453 0.692974 0.015619 0.023784
3 0.144595 0.726483 0.028242 0.025839
11 0.176391 0.726541 0.026930 0.025330
34 0.205651 0.726373 0.026477 0.024912
11 0.615600 0.727396 0.029044 0.025918
34 0.251591 0.727159 0.026764 0.024506
11 0.566667 0.728130 0.028546 0.025935
24 0.229093 0.727339 0.016514 0.024314
28 0.644812 0.727697 0.024710 0.025009
4 0.290618 0.729595 0.045041 0.028679
7 0.321984 0.727922 0.016971 0.024422
28 0.484810 0.728180 0.025985 0.024927
24 0.507418 0.728323 0.015538 0.024842
28 0.393501 0.728664 0.024544 0.025290
11 0.454619 0.728603 0.028150 0.025059
20 0.422278 0.728742 0.027781 0.025167
9 0.344167 0.732675 0.017887 0.032957
7 0.526915 0.728234 0.017684 0.024004
17 0.590944 0.728350 0.016283 0.023990
24 0.365830 0.728859 0.021144 0.024012
18 0.357183 0.764184 0.030372 0.029738
25 0.146138 0.763616 0.029133 0.024861
22 0.176515 0.764600 0.023329 0.025433
15 0.582404 0.775193 0.025182 0.046082
9 0.332406 0.775196 0.016557 0.046023
34 0.280489 0.764878 0.027798 0.024858
22 0.254201 0.764697 0.022521 0.024333
12 0.309482 0.766266 0.025717 0.026645
20 0.224752 0.765075 0.029743 0.024135
1 0.551599 0.766302 0.030612 0.026188
3 0.518646 0.766293 0.029743 0.025745
34 0.413254 0.766480 0.027669 0.025854
34 0.667781 0.766512 0.028446 0.025180
22 0.387380 0.766165 0.023609 0.024477
21 0.489180 0.766709 0.026119 0.025141
22 0.442131 0.766515 0.023145 0.024716
20 0.611982 0.766624 0.029004 0.024639
7 0.464284 0.766814 0.017184 0.024490
8 0.641680 0.767173 0.023101 0.024134