18 0.795192 0.139531 0.028834 0.030486
18 0.592305 0.139765 0.026239 0.028834
11 0.324540 0.139248 0.027005 0.024902
28 0.352156 0.139567 0.024195 0.024881
34 0.396642 0.139680 0.026823 0.023761
24 0.374506 0.139684 0.015336 0.023449
3 0.441819 0.140366 0.026811 0.024105
4 0.719404 0.144215 0.036575 0.031135
10 0.750858 0.141526 0.021513 0.025581
33 0.477672 0.140963 0.040513 0.024257
24 0.771935 0.141911 0.016108 0.025831
9 0.570664 0.147220 0.015557 0.035184
32 0.826588 0.144128 0.030728 0.028938
17 0.634820 0.141844 0.015181 0.023899
13 0.530103 0.141686 0.022648 0.023489
7 0.508569 0.141736 0.016210 0.023091
17 0.551628 0.142412 0.015550 0.024385
35 0.862591 0.142969 0.034984 0.024459
26 0.656058 0.143034 0.023153 0.022887
18 0.444629 0.179835 0.027301 0.029378
3 0.324433 0.179622 0.027771 0.025541
3 0.370912 0.179700 0.026985 0.025322
32 0.421056 0.182472 0.031670 0.029871
4 0.559034 0.183609 0.038272 0.031496
3 0.593479 0.180628 0.026134 0.025318
4 0.796585 0.183456 0.038390 0.030926
3 0.760232 0.180954 0.028404 0.025537
3 0.700516 0.181030 0.027217 0.025531
32 0.729396 0.183534 0.032528 0.030094
34 0.829302 0.180902 0.025874 0.024555
22 0.671784 0.181080 0.023230 0.024745
11 0.623550 0.181129 0.027480 0.024646
11 0.495000 0.181178 0.028456 0.024111
24 0.468832 0.181313 0.015573 0.023404
28 0.524769 0.181400 0.024567 0.023416
32 0.500710 0.222713 0.033487 0.031598
8 0.546481 0.219994 0.023799 0.025699
0 0.450702 0.219967 0.030782 0.025544
3 0.383311 0.220107 0.027613 0.025718
34 0.338133 0.220066 0.026404 0.024855
27 0.348623 0.220511 0.039223 0.025610
11 0.767264 0.220737 0.028146 0.025389
24 0.424317 0.220417 0.016869 0.024238
24 0.314639 0.220710 0.015903 0.024557
20 0.815086 0.221389 0.027964 0.025764
17 0.524721 0.221774 0.015265 0.026196
32 0.606538 0.223655 0.028845 0.029223
28 0.712918 0.221762 0.025275 0.025349
22 0.739078 0.221113 0.021552 0.024049
33 0.678160 0.221633 0.039394 0.024806
17 0.791854 0.221861 0.014220 0.024585
9 0.647628 0.229036 0.017041 0.038490
7 0.629916 0.222342 0.017063 0.024903
15 0.488359 0.266515 0.025515 0.040139
25 0.727029 0.259825 0.030781 0.026119
25 0.322646 0.259852 0.030801 0.025996
1 0.517286 0.260322 0.028418 0.025500
3 0.759049 0.260762 0.028383 0.026052
36 0.403197 0.260247 0.030421 0.024464
11 0.790970 0.260802 0.028825 0.025492
28 0.698910 0.260663 0.025045 0.025053
20 0.437580 0.260280 0.031188 0.024097
9 0.464949 0.265940 0.016239 0.035343
0 0.620336 0.261145 0.028807 0.025664
22 0.355058 0.260301 0.024075 0.023721
36 0.570688 0.260993 0.029573 0.024887
17 0.544310 0.260902 0.016219 0.024607
28 0.819743 0.261256 0.025298 0.025186
17 0.645611 0.262959 0.014990 0.028368
17 0.377228 0.260423 0.015608 0.022872
32 0.669528 0.264368 0.033613 0.029387
18 0.761931 0.299202 0.029055 0.029320
25 0.475091 0.299841 0.030576 0.024852
13 0.532529 0.300105 0.024323 0.024485
29 0.444158 0.300900 0.026370 0.026056
9 0.420759 0.307022 0.015702 0.037936
0 0.394591 0.301006 0.030929 0.025814
34 0.362360 0.300899 0.027325 0.025554
28 0.817145 0.300850 0.025998 0.025352
25 0.579702 0.300711 0.029377 0.024983
4 0.327405 0.304179 0.041126 0.031880
28 0.505255 0.301214 0.025394 0.025926
25 0.730508 0.300779 0.030130 0.024949
13 0.684959 0.301099 0.023204 0.025404
21 0.790382 0.300857 0.025718 0.024592
36 0.655459 0.301041 0.029788 0.024913
17 0.555957 0.300880 0.015660 0.023819
22 0.608336 0.301404 0.021406 0.024488
17 0.629795 0.301587 0.014762 0.024307
17 0.707418 0.301817 0.016103 0.024438
18 0.838274 0.338299 0.030229 0.029605
1 0.501387 0.338824 0.029246 0.025214
22 0.572983 0.339315 0.024854 0.025342
3 0.763715 0.339728 0.028977 0.026147
34 0.732144 0.339323 0.026354 0.025317
11 0.384365 0.340461 0.030299 0.027431
34 0.414285 0.339744 0.026790 0.025701
11 0.631629 0.339839 0.029284 0.025582
4 0.697905 0.343424 0.038934 0.032474
9 0.529448 0.345197 0.017842 0.035994
25 0.351543 0.339925 0.029127 0.025208
28 0.662298 0.340507 0.026699 0.025713
7 0.597426 0.339997 0.018009 0.024665
29 0.321782 0.340748 0.026938 0.025928
24 0.815312 0.339923 0.016989 0.024246
22 0.793246 0.340209 0.022549 0.023727
25 0.571649 0.378328 0.029734 0.025992
4 0.508407 0.380810 0.040389 0.030653
34 0.542252 0.378565 0.026622 0.025002
3 0.646454 0.379149 0.027265 0.025762
32 0.453269 0.381503 0.034089 0.030202
21 0.390817 0.379354 0.027263 0.025806
22 0.600277 0.378913 0.022312 0.024755
4 0.682664 0.382110 0.039049 0.030953
34 0.717756 0.380315 0.027891 0.027032
17 0.622246 0.379581 0.015186 0.025195
7 0.477896 0.379705 0.017903 0.025263
34 0.360518 0.379469 0.026701 0.024700
4 0.326444 0.383106 0.040257 0.031318
10 0.785216 0.379998 0.021840 0.024874
4 0.815561 0.379950 0.033681 0.024457
32 0.756622 0.383223 0.035542 0.030985
18 0.789683 0.413853 0.029277 0.029394
18 0.410627 0.413804 0.028164 0.028141
34 0.845158 0.415294 0.027433 0.025410
4 0.449088 0.418531 0.039480 0.031182
8 0.818664 0.415829 0.022924 0.025084
34 0.707531 0.416052 0.026174 0.024504
4 0.375236 0.419857 0.040230 0.032097
34 0.481871 0.415878 0.025587 0.024044
0 0.521196 0.417204 0.030188 0.025974
5 0.734523 0.420027 0.027817 0.031534
34 0.594816 0.416678 0.027092 0.024745
12 0.620786 0.417785 0.020697 0.026385
4 0.674231 0.420082 0.040965 0.030979
11 0.338222 0.417290 0.028501 0.025135
21 0.761846 0.416771 0.025442 0.023671
22 0.569254 0.417228 0.022434 0.024572
7 0.643027 0.416733 0.016792 0.023432
22 0.286859 0.418088 0.026044 0.025686
17 0.547192 0.417229 0.015561 0.023667
17 0.313433 0.418060 0.014682 0.023541
3 0.289875 0.453445 0.027648 0.024629
29 0.835251 0.456721 0.024720 0.030474
1 0.320468 0.453716 0.027536 0.024416
25 0.367021 0.453328 0.026558 0.023509
25 0.557118 0.453754 0.027986 0.024180
4 0.702337 0.458422 0.035762 0.033232
24 0.533252 0.454277 0.017393 0.024616
25 0.472974 0.454041 0.033472 0.024027
28 0.584225 0.454402 0.023463 0.024724
25 0.667382 0.454213 0.029131 0.023611
24 0.642946 0.454518 0.015607 0.024102
9 0.780664 0.461191 0.016508 0.037337
1 0.805406 0.454468 0.028611 0.023856
9 0.425906 0.460975 0.017134 0.035893
7 0.446463 0.454684 0.016991 0.022907
35 0.397035 0.454900 0.034655 0.023264
3 0.540638 0.492818 0.029250 0.026015
0 0.372272 0.493277 0.030385 0.026550
25 0.595227 0.493117 0.030283 0.025721
0 0.489193 0.493086 0.031613 0.025590
0 0.656003 0.493242 0.029978 0.025868
1 0.740851 0.493309 0.029495 0.025668
15 0.627047 0.499631 0.024759 0.038289
0 0.321251 0.493355 0.029190 0.025539
24 0.568922 0.493160 0.019291 0.025034
34 0.768138 0.493151 0.025895 0.024528
7 0.449047 0.493674 0.019517 0.025074
25 0.796458 0.492943 0.028247 0.023596
17 0.345855 0.493857 0.014768 0.024806
17 0.398805 0.493845 0.015572 0.024722
22 0.422721 0.493933 0.025134 0.024735
10 0.712464 0.493778 0.020937 0.024006
35 0.846534 0.494922 0.031191 0.023710
0 0.878724 0.495627 0.027456 0.024718
18 0.451830 0.530544 0.030833 0.028595
25 0.845606 0.530465 0.029252 0.025758
15 0.872584 0.539249 0.024190 0.042769
3 0.785396 0.531275 0.029336 0.025512
29 0.815527 0.531271 0.026223 0.025354
25 0.693075 0.531613 0.029496 0.025243
7 0.595670 0.531588 0.016535 0.025032
15 0.722856 0.535344 0.024169 0.032516
34 0.643101 0.531965 0.027554 0.025544
25 0.484942 0.531788 0.029715 0.025163
29 0.569733 0.532106 0.027998 0.025563
20 0.752226 0.531927 0.028875 0.024493
36 0.752315 0.531981 0.029076 0.024536
22 0.618324 0.532170 0.022976 0.024610
28 0.511625 0.532198 0.024501 0.024592
28 0.393969 0.532420 0.025043 0.024880
26 0.540223 0.532211 0.026453 0.024250
11 0.321240 0.532946 0.028009 0.025137
24 0.667710 0.532431 0.016729 0.023732
21 0.421871 0.532775 0.025220 0.024371
13 0.368747 0.532854 0.022983 0.024464
17 0.346479 0.533643 0.015022 0.024797
25 0.616092 0.569201 0.029504 0.025975
15 0.672655 0.574545 0.025423 0.034897
4 0.549307 0.572471 0.040004 0.030623
28 0.840001 0.570105 0.025939 0.025316
25 0.702038 0.570117 0.030285 0.025189
11 0.451822 0.570827 0.029303 0.026500
36 0.780892 0.570350 0.028439 0.025452
29 0.387937 0.570847 0.026530 0.026436
3 0.357454 0.570656 0.028906 0.025872
25 0.418900 0.570371 0.029625 0.025254
32 0.811031 0.572733 0.031855 0.029681
22 0.731388 0.570250 0.023004 0.024253
21 0.587044 0.570745 0.026506 0.024736
22 0.646627 0.570856 0.022724 0.024613
20 0.322882 0.571062 0.031040 0.025004
17 0.755799 0.570460 0.015647 0.023729
18 0.787568 0.607294 0.029642 0.028941
25 0.819042 0.608560 0.029668 0.026375
4 0.617910 0.611709 0.041056 0.030949
13 0.702757 0.609007 0.024357 0.025359
28 0.847063 0.608835 0.026246 0.024822
4 0.469038 0.611834 0.040659 0.030811
21 0.757548 0.609379 0.027112 0.025652
28 0.728345 0.609496 0.025011 0.025837
11 0.655649 0.609488 0.028864 0.025807
15 0.340200 0.615839 0.025994 0.038486
28 0.582378 0.609316 0.024816 0.024775
3 0.369765 0.610400 0.027562 0.026881
34 0.505031 0.609215 0.027775 0.024331
11 0.402005 0.610170 0.029261 0.026018
17 0.679882 0.609805 0.015065 0.025258
28 0.432073 0.609949 0.024445 0.025440
11 0.551843 0.610137 0.029198 0.025361
18 0.821427 0.644842 0.032020 0.030723
3 0.463655 0.646303 0.028574 0.025732
34 0.765610 0.647096 0.027887 0.026972
27 0.425868 0.646972 0.042828 0.026509
11 0.387027 0.646757 0.029682 0.025994
25 0.353336 0.646012 0.029955 0.024504
34 0.417531 0.646701 0.026259 0.025063
29 0.523234 0.646601 0.025583 0.024786
25 0.733908 0.646886 0.029508 0.025347
22 0.793833 0.647008 0.024015 0.025323
11 0.613628 0.647056 0.027562 0.024499
29 0.323277 0.646710 0.025664 0.023442
7 0.679869 0.647409 0.017505 0.024481
26 0.704554 0.648140 0.025231 0.025856
7 0.547871 0.647116 0.017176 0.023715
33 0.648831 0.647447 0.039507 0.024348
26 0.577867 0.647935 0.031961 0.025291
26 0.495620 0.647818 0.025418 0.024484
3 0.489377 0.683820 0.030026 0.026813
25 0.429663 0.683580 0.030734 0.026312
10 0.460126 0.683787 0.021600 0.025834
3 0.833069 0.684221 0.030281 0.026604
34 0.565385 0.683686 0.028946 0.025396
1 0.602143 0.684499 0.031638 0.026220
2 0.329690 0.690055 0.039304 0.037082
11 0.691859 0.684137 0.028463 0.025120
33 0.796411 0.684152 0.038293 0.025129
0 0.660191 0.683977 0.028317 0.024711
34 0.761959 0.684592 0.029327 0.025907
15 0.632790 0.690771 0.023958 0.038009
36 0.397816 0.685228 0.031695 0.026428
28 0.365431 0.685131 0.025824 0.025699
24 0.738217 0.685053 0.016595 0.024790
17 0.718029 0.684974 0.016062 0.024397
3 0.520171 0.721292 0.032440 0.025766
10 0.591038 0.721328 0.022198 0.025312
14 0.480894 0.721686 0.039057 0.025622
22 0.320512 0.721561 0.024600 0.024927
25 0.367955 0.721723 0.029991 0.025025
32 0.562419 0.725035 0.036517 0.031339
32 0.713276 0.724372 0.033915 0.029658
21 0.831123 0.722681 0.027936 0.026201
0 0.778344 0.722823 0.029900 0.026443
28 0.445383 0.722444 0.026133 0.025473
33 0.675650 0.722296 0.039003 0.025109
22 0.416665 0.722379 0.023329 0.024083
17 0.806011 0.722815 0.016436 0.024693
17 0.343518 0.722657 0.015368 0.024216
17 0.394386 0.722747 0.016809 0.024176
7 0.739094 0.722528 0.018543 0.023643
25 0.781250 0.760242 0.030714 0.026064
10 0.810372 0.760669 0.021848 0.026294
0 0.588426 0.760818 0.029379 0.026306
15 0.405507 0.772618 0.026250 0.049820
4 0.713353 0.764037 0.040620 0.032467
3 0.554467 0.760873 0.028560 0.026076
11 0.838145 0.760795 0.028418 0.025756
28 0.865755 0.761175 0.023941 0.026045
21 0.658772 0.761248 0.027905 0.026090
9 0.614705 0.770202 0.017138 0.043994
7 0.634436 0.760918 0.016908 0.025232
3 0.750619 0.761483 0.027932 0.026110
0 0.495047 0.761386 0.030270 0.025540
33 0.321855 0.760908 0.040005 0.024167
28 0.452567 0.761287 0.025989 0.024705
9 0.427420 0.771767 0.018238 0.045026
17 0.522108 0.761381 0.017465 0.024084
28 0.356570 0.762127 0.025616 0.025501
17 0.682629 0.761327 0.016346 0.023612