34 0.864116 0.100396 0.025410 0.065820
2 0.621750 0.115891 0.036597 0.095866
25 0.483007 0.100229 0.030014 0.064142
5 0.837932 0.110576 0.025544 0.084678
25 0.889576 0.100994 0.026146 0.064150
3 0.656084 0.101683 0.025755 0.065233
25 0.734296 0.100758 0.026374 0.063369
3 0.810366 0.102565 0.028065 0.066819
9 0.552907 0.117375 0.015326 0.095954
5 0.682105 0.110761 0.024480 0.081117
28 0.912901 0.102810 0.024972 0.065162
17 0.533454 0.102435 0.015273 0.064384
22 0.512027 0.100672 0.022383 0.060350
22 0.761882 0.102382 0.022677 0.063423
17 0.784591 0.102232 0.014975 0.063038
34 0.708479 0.102613 0.024447 0.063168
22 0.437442 0.102249 0.022680 0.061525
3 0.410635 0.102963 0.025849 0.061610
17 0.459597 0.102813 0.015255 0.060815
3 0.339387 0.105171 0.026957 0.064568
33 0.376149 0.104814 0.039219 0.061321
35 0.581783 0.103532 0.036815 0.056924
5 0.474082 0.211528 0.026043 0.081846
3 0.445295 0.205045 0.028251 0.067460
25 0.822986 0.205818 0.031104 0.068205
33 0.508633 0.203282 0.042100 0.062784
3 0.791073 0.206598 0.029837 0.069228
32 0.618747 0.211194 0.029149 0.077609
3 0.340488 0.206233 0.028365 0.066889
28 0.587355 0.205442 0.025811 0.064990
3 0.648061 0.206239 0.027916 0.066214
34 0.399742 0.205339 0.026309 0.064353
4 0.705630 0.214459 0.041135 0.082556
25 0.760111 0.206408 0.027015 0.066233
7 0.540268 0.206297 0.016197 0.065950
11 0.371918 0.207248 0.027928 0.066499
22 0.852838 0.207113 0.023000 0.066119
9 0.560330 0.225050 0.016517 0.101884
24 0.674702 0.207335 0.016728 0.065741
36 0.900218 0.207756 0.029469 0.065782
9 0.737622 0.226780 0.017853 0.103650
17 0.874508 0.209043 0.015328 0.065724
25 0.829701 0.310306 0.032287 0.067948
3 0.579053 0.312660 0.031275 0.071405
34 0.798712 0.311067 0.026644 0.067967
11 0.544998 0.312394 0.030033 0.070574
8 0.699923 0.312340 0.024138 0.070339
22 0.411796 0.309142 0.023203 0.062806
34 0.438099 0.310463 0.029061 0.064989
3 0.382413 0.311197 0.028808 0.066336
1 0.491848 0.311512 0.031609 0.066715
22 0.859190 0.312424 0.022318 0.067937
3 0.922476 0.314586 0.028817 0.071601
9 0.723777 0.334302 0.017639 0.110084
24 0.464512 0.311802 0.017722 0.064833
9 0.519294 0.334177 0.016541 0.107620
12 0.773906 0.316519 0.022138 0.072129
28 0.748899 0.316295 0.024947 0.069341
9 0.898520 0.333344 0.016441 0.102959
26 0.670624 0.317660 0.027968 0.065599
18 0.866433 0.417901 0.030734 0.083393
3 0.379718 0.420285 0.028997 0.068675
25 0.345352 0.419093 0.031349 0.065506
0 0.411640 0.421553 0.030041 0.069194
34 0.570061 0.422443 0.028826 0.070169
34 0.788156 0.424735 0.026122 0.072384
7 0.458702 0.424666 0.017070 0.070432
21 0.540960 0.423693 0.027962 0.068254
3 0.656081 0.424649 0.029008 0.069209
36 0.603565 0.425256 0.030690 0.070354
32 0.483279 0.428732 0.031984 0.076841
11 0.688056 0.425784 0.028648 0.070892
9 0.438879 0.443986 0.017071 0.106972
25 0.834677 0.424698 0.029783 0.065930
4 0.754782 0.432823 0.040332 0.082173
24 0.630775 0.424615 0.017312 0.064660
28 0.717567 0.427191 0.026289 0.068876
28 0.512709 0.426250 0.025007 0.066167
5 0.894026 0.436252 0.027087 0.085703
34 0.920578 0.427294 0.024409 0.067192
25 0.776910 0.531536 0.031813 0.068803
9 0.340951 0.557942 0.016463 0.119383
3 0.745867 0.535325 0.029037 0.072161
3 0.427355 0.534516 0.029555 0.070047
3 0.460995 0.535724 0.030431 0.070958
25 0.679609 0.533516 0.031112 0.065202
32 0.396769 0.540718 0.029889 0.079474
22 0.808144 0.534314 0.023857 0.066202
11 0.494538 0.535506 0.029184 0.068546
11 0.713036 0.536040 0.029131 0.069423
3 0.891096 0.535776 0.027446 0.068532
28 0.365344 0.535768 0.026878 0.068196
34 0.572966 0.535820 0.028629 0.067867
36 0.857390 0.535857 0.029704 0.067257
17 0.831380 0.535288 0.016851 0.065220
28 0.526221 0.536798 0.026787 0.067444
34 0.628776 0.537376 0.030039 0.068098
24 0.655019 0.536667 0.017096 0.066577
22 0.602312 0.536917 0.023360 0.066077
24 0.550177 0.537096 0.016949 0.065354
34 0.875037 0.636146 0.025888 0.068520
3 0.817939 0.637150 0.028676 0.067887
5 0.847424 0.646653 0.026984 0.085320
2 0.781120 0.656084 0.038831 0.101759
11 0.511937 0.640736 0.029315 0.070858
34 0.368396 0.641258 0.028565 0.071654
5 0.396970 0.649142 0.027647 0.087384
3 0.655711 0.639606 0.027189 0.068053
3 0.511907 0.640938 0.029551 0.070393
25 0.900283 0.638361 0.026951 0.064966
9 0.422386 0.663038 0.016878 0.113425
11 0.686420 0.640296 0.027450 0.067048
34 0.926268 0.640101 0.023893 0.065427
4 0.619490 0.645434 0.039232 0.075991
28 0.448535 0.640587 0.027762 0.065756
11 0.479885 0.641805 0.028578 0.068109
28 0.713896 0.640460 0.024637 0.064440
20 0.743632 0.640698 0.029442 0.064735
0 0.564173 0.642223 0.029211 0.067560
24 0.343252 0.643156 0.017325 0.065179
17 0.590674 0.642995 0.015388 0.064489
18 0.842650 0.737233 0.029976 0.078471
8 0.815103 0.743592 0.022906 0.070702
3 0.633248 0.745359 0.029392 0.072742
3 0.913884 0.745423 0.027653 0.072380
3 0.734700 0.744874 0.029034 0.070971
15 0.696150 0.760034 0.028170 0.101214
22 0.349276 0.743934 0.022504 0.068305
33 0.877438 0.745184 0.041954 0.069775
8 0.427686 0.745446 0.023626 0.069498
25 0.765995 0.743798 0.028843 0.065804
11 0.664893 0.746595 0.028313 0.071087
21 0.456660 0.746160 0.026218 0.068763
7 0.792146 0.745055 0.017689 0.066545
13 0.484485 0.745897 0.023160 0.067450
20 0.397752 0.746114 0.030042 0.067786
25 0.529861 0.745707 0.030118 0.066721
10 0.558000 0.746833 0.021182 0.068820
26 0.372119 0.745851 0.015222 0.066334
17 0.372076 0.745759 0.015605 0.065680
17 0.608049 0.747635 0.016536 0.067505
22 0.583958 0.747713 0.024173 0.066634
24 0.505940 0.746917 0.015791 0.064864
15 0.701143 0.858093 0.023763 0.093260
22 0.349580 0.845694 0.023861 0.068428
4 0.879399 0.853838 0.039342 0.084496
15 0.912741 0.876846 0.024710 0.129402
4 0.733838 0.854389 0.040452 0.083796
7 0.765431 0.846319 0.017637 0.067156
14 0.385445 0.847854 0.039865 0.069334
3 0.528922 0.848651 0.029704 0.069814
15 0.487324 0.868262 0.025813 0.108460
14 0.817075 0.847060 0.039323 0.065614
4 0.450903 0.856552 0.040895 0.084276
27 0.647374 0.849345 0.041192 0.069757
11 0.611846 0.849201 0.027547 0.069291
9 0.786013 0.868992 0.017353 0.108468
34 0.639793 0.848109 0.026447 0.066569
7 0.419039 0.848637 0.017789 0.065710
28 0.581984 0.849810 0.025647 0.067706
7 0.848599 0.847579 0.018574 0.063023
12 0.557482 0.852142 0.022930 0.071405
17 0.679250 0.849455 0.017220 0.064266