0 0.298136 0.146915 0.031976 0.031080
15 0.770952 0.150573 0.024040 0.036604
3 0.422634 0.145437 0.028563 0.025499
3 0.390570 0.145393 0.027985 0.025228
1 0.358111 0.145371 0.028848 0.024861
4 0.579225 0.148671 0.039347 0.031030
0 0.798797 0.145614 0.028512 0.024761
28 0.327368 0.145900 0.024554 0.025303
3 0.616105 0.145537 0.027668 0.024539
13 0.745330 0.145387 0.022673 0.024104
0 0.454701 0.145493 0.026898 0.024141
10 0.720512 0.145543 0.020686 0.024019
4 0.689335 0.148294 0.036944 0.029149
28 0.482873 0.145729 0.023934 0.023772
3 0.542500 0.146190 0.027783 0.024645
1 0.511241 0.146121 0.027479 0.024059
17 0.824391 0.146460 0.016103 0.024052
17 0.660418 0.146440 0.015516 0.023295
17 0.848272 0.146881 0.017064 0.022421
4 0.422009 0.188179 0.040735 0.031193
3 0.572869 0.186353 0.030619 0.025791
25 0.512221 0.186267 0.031047 0.025038
28 0.540586 0.186701 0.025732 0.025845
17 0.454794 0.186596 0.016412 0.024597
14 0.780116 0.186745 0.036188 0.023824
13 0.866205 0.186658 0.020721 0.023280
28 0.813311 0.187063 0.023974 0.022852
8 0.702352 0.224661 0.024352 0.026563
3 0.672249 0.224133 0.028832 0.025485
25 0.579598 0.223614 0.027184 0.024390
4 0.545925 0.227107 0.040068 0.031128
13 0.643354 0.224506 0.022520 0.024768
3 0.770101 0.224929 0.027619 0.025546
34 0.877185 0.225064 0.024643 0.025205
3 0.509791 0.225045 0.027948 0.024576
35 0.611509 0.225086 0.036738 0.024115
21 0.799495 0.225348 0.026243 0.024322
7 0.725562 0.225374 0.017311 0.024342
34 0.824212 0.225417 0.023243 0.024076
24 0.745613 0.225290 0.016748 0.023765
24 0.857238 0.225532 0.017586 0.024011
32 0.432024 0.227579 0.031163 0.027972
13 0.388087 0.225976 0.024132 0.023186
13 0.581566 0.263152 0.022062 0.024395
11 0.629842 0.263809 0.030271 0.025522
3 0.462484 0.263329 0.026233 0.024233
8 0.434201 0.263653 0.024495 0.024817
34 0.658168 0.263899 0.024574 0.025283
27 0.665295 0.263997 0.039115 0.025314
28 0.556693 0.263659 0.024359 0.023850
17 0.603905 0.263692 0.015324 0.023766
14 0.523516 0.263950 0.037971 0.024162
28 0.862290 0.264806 0.026179 0.025243
7 0.745524 0.266026 0.019245 0.027514
0 0.700992 0.264857 0.027275 0.024887
32 0.766296 0.266992 0.031754 0.028755
34 0.791246 0.265008 0.026361 0.024126
25 0.836462 0.264614 0.027860 0.023134
0 0.340710 0.265234 0.028082 0.024246
24 0.814847 0.264978 0.016229 0.023649
32 0.388510 0.267138 0.034851 0.027493
4 0.637327 0.304489 0.038628 0.032082
3 0.401806 0.301456 0.028860 0.025646
15 0.669993 0.305630 0.023472 0.033162
25 0.369632 0.301344 0.030016 0.024256
11 0.433870 0.302211 0.029214 0.025678
25 0.697460 0.301655 0.028238 0.024447
11 0.504339 0.302105 0.027265 0.025024
25 0.600706 0.301491 0.028777 0.023779
4 0.815550 0.304887 0.039437 0.030516
34 0.461546 0.301975 0.024911 0.024084
36 0.776388 0.302257 0.030881 0.024399
17 0.748673 0.301847 0.014970 0.022988
15 0.851655 0.308602 0.024871 0.036257
24 0.576729 0.302418 0.016572 0.023607
35 0.538048 0.303221 0.034596 0.023736
11 0.588493 0.341313 0.027562 0.025798
15 0.681099 0.345362 0.024646 0.033490
1 0.650931 0.341365 0.028244 0.024965
25 0.511647 0.341950 0.028161 0.025163
7 0.561980 0.342016 0.018716 0.025063
3 0.723703 0.342200 0.029335 0.025368
0 0.756165 0.342212 0.028789 0.025299
28 0.863595 0.341988 0.027016 0.024804
22 0.539753 0.341994 0.021510 0.024486
9 0.779898 0.348997 0.014418 0.038113
0 0.834977 0.342321 0.027492 0.024649
27 0.484144 0.342694 0.025071 0.025328
3 0.804459 0.342762 0.026863 0.024570
34 0.484604 0.342784 0.026258 0.024595
9 0.462528 0.348777 0.016055 0.035693
7 0.443610 0.343049 0.018040 0.024217
33 0.412826 0.343475 0.038576 0.023849
4 0.649060 0.381635 0.038051 0.031237
35 0.614230 0.378507 0.025430 0.024173
25 0.709511 0.378780 0.028395 0.024376
25 0.587571 0.378521 0.026457 0.023831
34 0.681860 0.379363 0.024632 0.025359
3 0.785271 0.379872 0.028900 0.025233
22 0.737671 0.379033 0.020770 0.023280
2 0.470666 0.384533 0.036952 0.033942
4 0.822585 0.382918 0.039481 0.030625
3 0.377225 0.380053 0.028872 0.024876
32 0.523839 0.382038 0.032798 0.028769
17 0.758999 0.379660 0.015250 0.023905
34 0.436764 0.379848 0.026188 0.023741
34 0.855960 0.380538 0.025727 0.025088
1 0.408485 0.380430 0.027423 0.024402
7 0.501069 0.380196 0.015971 0.023686
17 0.566634 0.380141 0.015198 0.023501
25 0.344795 0.380294 0.029180 0.023469
9 0.548529 0.383888 0.015494 0.029915
18 0.579170 0.414252 0.029981 0.029138
11 0.676164 0.415483 0.027208 0.024577
3 0.707265 0.415565 0.028198 0.024729
14 0.617734 0.415947 0.039153 0.025179
3 0.739505 0.416127 0.028831 0.024662
13 0.532007 0.416854 0.022526 0.025652
34 0.504464 0.416617 0.026917 0.024581
7 0.650240 0.416285 0.018091 0.023676
9 0.554296 0.422771 0.017321 0.036590
5 0.768708 0.420944 0.028316 0.032408
34 0.797076 0.417198 0.025355 0.024728
3 0.840014 0.417381 0.028464 0.025088
3 0.456023 0.417410 0.026950 0.024598
24 0.480851 0.417329 0.016640 0.023437
11 0.356216 0.418352 0.028366 0.025066
28 0.385161 0.418148 0.025106 0.024604
26 0.868006 0.417753 0.023723 0.023294
14 0.420345 0.417956 0.038391 0.023679
26 0.325519 0.419366 0.026473 0.026080
18 0.653304 0.450130 0.027017 0.028277
25 0.744589 0.451204 0.028740 0.024905
22 0.772758 0.452572 0.022793 0.025001
3 0.800723 0.453432 0.028251 0.025555
10 0.719781 0.452855 0.019439 0.024398
11 0.580764 0.453315 0.027449 0.025060
33 0.688536 0.452657 0.038557 0.023598
22 0.628890 0.452442 0.021060 0.022684
3 0.831687 0.454401 0.028532 0.025406
34 0.550240 0.453796 0.024779 0.023252
34 0.886253 0.454696 0.024904 0.024664
5 0.860765 0.458260 0.025180 0.031728
1 0.455469 0.455018 0.026953 0.024292
34 0.481799 0.455279 0.025271 0.024334
32 0.386296 0.457802 0.031806 0.029173
21 0.325948 0.455948 0.025288 0.023808
36 0.355710 0.455622 0.027786 0.022912
24 0.430537 0.455463 0.015960 0.022229
15 0.673698 0.493811 0.023968 0.031939
25 0.622083 0.490438 0.025444 0.023380
11 0.700207 0.490960 0.025882 0.024381
22 0.648295 0.490771 0.022544 0.023520
4 0.561225 0.494603 0.038428 0.030596
28 0.727636 0.491957 0.023984 0.024674
21 0.596122 0.491697 0.025954 0.023841
3 0.842860 0.493166 0.028670 0.025249
14 0.761043 0.492310 0.035857 0.023286
4 0.445054 0.496091 0.037784 0.030139
3 0.480010 0.493488 0.026303 0.024315
8 0.506412 0.493559 0.021613 0.024190
3 0.408974 0.493704 0.026862 0.024352
20 0.795983 0.493426 0.028284 0.023690
3 0.378211 0.494204 0.027287 0.024500
0 0.328913 0.494616 0.028181 0.024602
7 0.530242 0.493783 0.016598 0.022392
9 0.354286 0.503395 0.015320 0.040788
3 0.639035 0.527597 0.026853 0.023806
11 0.669047 0.528066 0.025792 0.023488
25 0.591939 0.527977 0.025528 0.022977
17 0.615098 0.528430 0.014910 0.023095
34 0.697428 0.528394 0.026114 0.022775
34 0.759972 0.529861 0.026308 0.025111
8 0.735955 0.529871 0.023376 0.024377
24 0.569528 0.529836 0.015444 0.023434
4 0.524958 0.532729 0.040727 0.028604
27 0.767422 0.531205 0.044722 0.025174
34 0.489356 0.530357 0.023843 0.023314
11 0.463295 0.531085 0.026438 0.024351
3 0.433721 0.531335 0.026750 0.024384
25 0.803953 0.531392 0.026628 0.024021
3 0.834069 0.531903 0.027577 0.024145
9 0.408734 0.539976 0.016732 0.039354
17 0.390586 0.533231 0.015388 0.023960
25 0.342423 0.532912 0.026845 0.022607
22 0.369063 0.533710 0.020084 0.023166
24 0.319993 0.533747 0.016547 0.023036
18 0.620167 0.562273 0.026964 0.027031
4 0.654707 0.566965 0.036648 0.029254
8 0.593588 0.563990 0.021318 0.022782
25 0.551094 0.564111 0.025783 0.022991
7 0.572645 0.564337 0.015433 0.022421
28 0.704694 0.565252 0.025679 0.023470
21 0.704965 0.565272 0.026282 0.023468
3 0.523669 0.564928 0.025564 0.022629
25 0.495378 0.564933 0.025366 0.022624
3 0.467952 0.565834 0.025661 0.023877
17 0.682605 0.565216 0.014972 0.021964
7 0.729094 0.565747 0.015482 0.022782
11 0.752841 0.566165 0.025290 0.023427
3 0.781164 0.567062 0.025807 0.024375
24 0.444022 0.566876 0.015544 0.023049
3 0.845304 0.567613 0.026316 0.023907
36 0.812447 0.567519 0.031481 0.022617
3 0.374728 0.567787 0.025436 0.023082
9 0.352245 0.574235 0.015273 0.035635
11 0.403472 0.567987 0.025693 0.022934
0 0.327331 0.568717 0.028794 0.023991
17 0.426724 0.568054 0.014418 0.022345
25 0.626914 0.601106 0.027427 0.024529
34 0.681034 0.601854 0.026059 0.024193
22 0.655932 0.602132 0.023049 0.024463
8 0.722500 0.602354 0.023550 0.024632
34 0.600263 0.601821 0.026113 0.023477
33 0.530909 0.601966 0.038561 0.023369
7 0.560598 0.602177 0.016457 0.023386
7 0.746026 0.602645 0.015802 0.024112
17 0.578965 0.603715 0.014854 0.025733
3 0.495968 0.602980 0.026568 0.023905
7 0.766318 0.603399 0.016313 0.024005
24 0.766145 0.603475 0.016346 0.023771
27 0.450890 0.603282 0.044210 0.023112
25 0.388878 0.603664 0.028506 0.023325
1 0.791465 0.604214 0.026606 0.024229
22 0.818914 0.604090 0.021797 0.023920
22 0.416644 0.603720 0.019898 0.022054
4 0.329114 0.607970 0.034748 0.030544
7 0.840188 0.604846 0.016923 0.023708
21 0.361598 0.605391 0.025204 0.023100
3 0.564419 0.637866 0.027482 0.024634
28 0.492136 0.637566 0.024411 0.023604
0 0.624148 0.638054 0.028059 0.024446
3 0.673916 0.638458 0.027980 0.025170
34 0.534634 0.638004 0.024417 0.023822
9 0.647709 0.646357 0.018069 0.040475
11 0.462752 0.638442 0.027872 0.024607
24 0.513506 0.638354 0.015619 0.023319
11 0.705038 0.638965 0.026891 0.024355
26 0.594833 0.638538 0.025432 0.022774
17 0.729326 0.639767 0.014699 0.023921
26 0.431077 0.640112 0.028542 0.024170
24 0.747028 0.640468 0.015846 0.023226
35 0.774004 0.641032 0.035494 0.024006
27 0.382625 0.640866 0.047927 0.023612
11 0.343677 0.641249 0.027421 0.023802
2 0.813902 0.646919 0.036664 0.035055
3 0.849796 0.642282 0.028197 0.024916
3 0.566133 0.674505 0.027934 0.024918
15 0.693483 0.679264 0.024180 0.033606
34 0.618844 0.674805 0.026861 0.024518
0 0.426731 0.674746 0.029186 0.024126
8 0.594298 0.674583 0.021646 0.023609
33 0.529824 0.675173 0.039901 0.024237
21 0.473437 0.674780 0.027169 0.023246
21 0.666839 0.675406 0.025792 0.023816
24 0.643856 0.674729 0.017051 0.022268
25 0.810219 0.676571 0.028282 0.025111
7 0.400170 0.675955 0.018710 0.023711
33 0.724391 0.676105 0.040088 0.023695
8 0.757404 0.676299 0.022479 0.023974
33 0.368581 0.676270 0.040812 0.023401
22 0.838102 0.678099 0.021918 0.023022
21 0.512803 0.711346 0.026489 0.024821
5 0.626387 0.715486 0.027111 0.032892
3 0.482189 0.711266 0.026937 0.024128
28 0.653530 0.711726 0.025439 0.023933
32 0.594035 0.713982 0.031690 0.027545
3 0.375399 0.712111 0.029422 0.023584
20 0.408056 0.712067 0.028593 0.023418
25 0.683104 0.711778 0.027880 0.022279
36 0.758939 0.713199 0.028331 0.024786
22 0.713356 0.712920 0.021743 0.023355
17 0.734832 0.713511 0.015240 0.023577
24 0.349730 0.713441 0.016642 0.022593
13 0.792527 0.714736 0.024226 0.024353
25 0.856358 0.715037 0.027615 0.024167
17 0.879395 0.715997 0.015717 0.024960
24 0.833530 0.715010 0.015365 0.022627
17 0.814414 0.715535 0.015208 0.023233
13 0.318984 0.748472 0.025329 0.024320
3 0.606233 0.749378 0.027088 0.025202
11 0.555346 0.749395 0.028101 0.024831
28 0.462742 0.750406 0.025640 0.026476
11 0.390522 0.749785 0.029324 0.025119
11 0.638503 0.750070 0.030782 0.025575
12 0.441017 0.750785 0.023434 0.026967
12 0.488739 0.749869 0.020754 0.024825
7 0.666007 0.750350 0.018138 0.025441
9 0.341868 0.759456 0.019692 0.043654
9 0.528934 0.762445 0.018488 0.049375
17 0.509487 0.750367 0.015318 0.024323
7 0.418508 0.750421 0.017869 0.024346
17 0.580769 0.750064 0.016309 0.023312
0 0.693669 0.750852 0.029998 0.024673
29 0.782259 0.752557 0.027215 0.026407
11 0.814308 0.752351 0.029048 0.025601
17 0.718083 0.752376 0.016170 0.024773
9 0.737214 0.759600 0.017404 0.038734
17 0.840109 0.753032 0.015883 0.024656
17 0.757524 0.753377 0.016347 0.025197