18 0.419840 0.144181 0.028294 0.032129
18 0.655235 0.143385 0.028803 0.029416
3 0.362094 0.146097 0.028016 0.028275
4 0.554842 0.148342 0.039442 0.032002
11 0.451722 0.146248 0.029571 0.027349
32 0.393604 0.147912 0.030488 0.030262
10 0.588053 0.145632 0.022402 0.025627
30 0.515299 0.145966 0.030082 0.025857
4 0.251442 0.150027 0.041966 0.033695
24 0.609066 0.146336 0.016631 0.025907
10 0.287203 0.147023 0.023706 0.027260
3 0.482591 0.146637 0.027571 0.026273
22 0.630521 0.145860 0.022260 0.024660
36 0.515416 0.146375 0.029972 0.025349
22 0.334433 0.146118 0.022335 0.024697
24 0.310594 0.147040 0.018490 0.025587
27 0.205614 0.147916 0.044159 0.025841
34 0.197260 0.148016 0.026404 0.024893
25 0.167060 0.148201 0.028233 0.025082
29 0.138644 0.149322 0.024708 0.025816
3 0.639936 0.185470 0.029297 0.027824
25 0.610094 0.185289 0.028640 0.025912
28 0.581823 0.186324 0.026377 0.026146
22 0.555235 0.186234 0.022433 0.025045
11 0.224384 0.186683 0.028600 0.025902
27 0.520615 0.186338 0.041343 0.025150
34 0.512999 0.186657 0.026870 0.025167
28 0.256263 0.187041 0.027181 0.025794
3 0.190407 0.186847 0.028935 0.025304
0 0.407376 0.187045 0.029957 0.025467
14 0.291946 0.187191 0.039477 0.025626
12 0.487764 0.188447 0.023445 0.027384
25 0.157417 0.186842 0.029474 0.024107
3 0.460395 0.187592 0.028485 0.025383
7 0.324326 0.187577 0.018039 0.024522
24 0.133195 0.187907 0.018520 0.024385
18 0.682240 0.224374 0.029316 0.030834
4 0.495132 0.229057 0.039240 0.031877
4 0.650636 0.229300 0.039053 0.032096
3 0.614023 0.226542 0.028221 0.026151
11 0.551406 0.226601 0.030729 0.026242
7 0.524960 0.226547 0.016460 0.025906
1 0.358241 0.226572 0.030626 0.025757
28 0.389791 0.226576 0.026208 0.025601
25 0.140510 0.226763 0.029704 0.025675
28 0.583484 0.226771 0.026522 0.025531
11 0.212328 0.227113 0.029715 0.026147
22 0.273015 0.226534 0.023918 0.024673
22 0.417705 0.226698 0.021531 0.024735
28 0.244716 0.227203 0.026750 0.025660
24 0.295334 0.227071 0.016951 0.025255
9 0.440284 0.233716 0.017194 0.037921
7 0.460902 0.227697 0.018527 0.024745
35 0.322860 0.227905 0.035975 0.024361
35 0.174215 0.228490 0.038526 0.024974
11 0.689116 0.265345 0.028022 0.025545
28 0.570695 0.265952 0.026572 0.026594
4 0.654316 0.268313 0.036793 0.030870
25 0.158965 0.265485 0.030895 0.025078
0 0.300221 0.266360 0.029079 0.026047
15 0.397930 0.272030 0.023948 0.037295
11 0.539947 0.266200 0.029283 0.025329
34 0.618224 0.266359 0.027526 0.025071
28 0.269738 0.266621 0.024382 0.025227
28 0.189573 0.266877 0.027051 0.025659
4 0.503622 0.266595 0.035391 0.024838
24 0.595320 0.266565 0.016921 0.024659
28 0.468361 0.266930 0.025167 0.024879
21 0.369348 0.267280 0.027089 0.025493
32 0.236613 0.269333 0.036330 0.029276
17 0.325485 0.267086 0.015462 0.024719
24 0.133984 0.267327 0.017064 0.025198
24 0.345089 0.267257 0.017028 0.024674
14 0.432500 0.267251 0.039980 0.024538
8 0.328219 0.304613 0.024066 0.026421
34 0.299629 0.304399 0.027875 0.025587
4 0.568926 0.307952 0.040481 0.032258
3 0.243090 0.305421 0.029566 0.027000
15 0.356337 0.310319 0.025303 0.036645
34 0.604541 0.305124 0.027639 0.025793
22 0.273021 0.305069 0.023807 0.025208
14 0.435899 0.305466 0.039668 0.025045
28 0.534026 0.306076 0.024532 0.025626
3 0.473385 0.305960 0.027580 0.025354
0 0.648851 0.305854 0.028099 0.025069
11 0.505623 0.305892 0.027612 0.025081
25 0.208678 0.305953 0.030850 0.025138
32 0.382109 0.308254 0.032184 0.029372
7 0.406234 0.305899 0.015979 0.024630
26 0.673049 0.306384 0.015496 0.024628
17 0.673152 0.306437 0.015334 0.024259
24 0.183399 0.306828 0.016841 0.024799
21 0.136329 0.307528 0.027304 0.025660
17 0.162364 0.307526 0.015713 0.024735
25 0.297963 0.343774 0.030447 0.024771
9 0.354467 0.349194 0.025180 0.035269
4 0.387404 0.347258 0.040837 0.030855
22 0.327457 0.344434 0.023146 0.025107
25 0.451413 0.344705 0.029061 0.024678
10 0.272324 0.344689 0.019219 0.024622
36 0.591711 0.345624 0.029181 0.025767
25 0.513656 0.344913 0.030097 0.023966
28 0.422684 0.345651 0.026393 0.025340
33 0.239432 0.345291 0.041593 0.024567
22 0.543246 0.345668 0.023218 0.024886
3 0.482147 0.346360 0.027752 0.026224
11 0.183232 0.346497 0.028778 0.026032
17 0.566132 0.346268 0.016255 0.024153
17 0.209173 0.346848 0.015785 0.024246
0 0.381261 0.381961 0.028948 0.025334
15 0.353351 0.386917 0.023575 0.034773
3 0.412521 0.382498 0.027609 0.025919
12 0.241783 0.383425 0.026603 0.027488
25 0.323269 0.382117 0.030204 0.024610
28 0.272265 0.382885 0.026803 0.025719
24 0.297710 0.383543 0.017702 0.026338
3 0.513422 0.383252 0.027368 0.025519
24 0.436681 0.383057 0.016979 0.025008
0 0.462675 0.383339 0.028771 0.025385
24 0.488180 0.383771 0.016561 0.024416
0 0.556225 0.384611 0.028842 0.025365
7 0.599115 0.384522 0.018887 0.024330
32 0.129368 0.388173 0.035753 0.029677
36 0.464484 0.419254 0.029314 0.025617
8 0.404820 0.419478 0.023734 0.025621
28 0.433696 0.419538 0.025440 0.025425
10 0.523540 0.419710 0.020967 0.025169
0 0.312107 0.419588 0.029131 0.024819
25 0.496044 0.419797 0.028831 0.025037
25 0.549753 0.419883 0.028577 0.025097
32 0.361440 0.421959 0.029702 0.028863
1 0.258454 0.420144 0.029358 0.025220
3 0.582470 0.421377 0.028568 0.027121
17 0.285602 0.420804 0.017265 0.023564
17 0.179667 0.420997 0.015563 0.023160
22 0.611314 0.421593 0.021660 0.024026
32 0.133574 0.424200 0.034779 0.028228
35 0.660110 0.422806 0.034059 0.023569
4 0.357643 0.459610 0.038223 0.031482
0 0.230429 0.456926 0.028903 0.025895
15 0.548824 0.461427 0.024341 0.034516
3 0.394117 0.456885 0.026726 0.025031
3 0.197786 0.457190 0.027760 0.025261
4 0.466156 0.460596 0.038988 0.031991
13 0.522219 0.457374 0.023303 0.025436
1 0.290218 0.457094 0.028144 0.024564
28 0.261086 0.457189 0.023852 0.024718
0 0.104842 0.460431 0.032498 0.030403
3 0.321884 0.457440 0.028034 0.024221
1 0.165543 0.457465 0.027507 0.024205
9 0.418472 0.464719 0.017409 0.038609
10 0.498591 0.457561 0.019730 0.024144
0 0.577104 0.458356 0.029583 0.025376
17 0.436348 0.458398 0.015470 0.023828
4 0.631307 0.462394 0.038712 0.030276
17 0.601879 0.460573 0.015501 0.025149
18 0.310258 0.492748 0.027880 0.030017
18 0.497631 0.494456 0.027368 0.030254
11 0.278778 0.495146 0.029366 0.026053
4 0.347831 0.498260 0.039101 0.032093
4 0.412626 0.497970 0.038372 0.030908
14 0.238635 0.495316 0.040508 0.025409
10 0.380478 0.495204 0.020245 0.025026
11 0.448066 0.495954 0.027313 0.025585
3 0.447908 0.495843 0.027045 0.024701
9 0.473514 0.499798 0.016963 0.031907
0 0.576571 0.498090 0.029701 0.028156
34 0.184085 0.496028 0.029506 0.023969
22 0.156543 0.496369 0.022638 0.024114
26 0.108378 0.499551 0.034052 0.030215
26 0.525712 0.497657 0.025227 0.025569
24 0.133980 0.497811 0.016665 0.024555
24 0.550288 0.498038 0.017299 0.024785
11 0.627572 0.498552 0.028089 0.025026
18 0.233667 0.531885 0.028221 0.028832
3 0.420802 0.533526 0.028312 0.026089
13 0.330229 0.533125 0.023956 0.024521
4 0.383246 0.536571 0.039933 0.030914
4 0.146642 0.537002 0.038078 0.031414
7 0.306983 0.533663 0.017717 0.024493
3 0.183032 0.534888 0.028068 0.026468
22 0.262686 0.534028 0.022695 0.024590
9 0.446617 0.537922 0.017526 0.032018
9 0.208316 0.537667 0.016524 0.030791
24 0.286461 0.534420 0.017308 0.024074
28 0.470252 0.534872 0.024504 0.024974
17 0.106803 0.536631 0.031413 0.027931
17 0.353840 0.534075 0.014639 0.022612
8 0.525742 0.535613 0.023700 0.025529
26 0.498700 0.535837 0.026496 0.024387
13 0.579735 0.536511 0.022331 0.024369
21 0.552337 0.537175 0.026857 0.025279
18 0.368557 0.569174 0.025754 0.028763
18 0.633546 0.572492 0.027554 0.029629
5 0.251705 0.574598 0.028149 0.032584
4 0.193432 0.573771 0.038544 0.030383
4 0.335921 0.574245 0.037368 0.030897
4 0.444104 0.573601 0.037243 0.029181
28 0.301202 0.571528 0.023854 0.024967
9 0.277715 0.581296 0.022607 0.044329
17 0.108561 0.574207 0.031013 0.028556
7 0.414497 0.571962 0.016946 0.023961
10 0.475197 0.572283 0.021044 0.024281
25 0.156861 0.572003 0.028609 0.023583
3 0.503523 0.572843 0.027291 0.025139
24 0.133742 0.573246 0.015746 0.025298
33 0.539098 0.573598 0.037627 0.023607
7 0.567557 0.573970 0.014913 0.023763
12 0.608110 0.574091 0.022110 0.023827
24 0.585960 0.574274 0.016514 0.024042
9 0.657877 0.580764 0.016669 0.035634
25 0.308660 0.607882 0.027687 0.024442
3 0.339989 0.608307 0.028159 0.024587
8 0.193943 0.608654 0.023399 0.024976
3 0.278929 0.608740 0.028314 0.024760
3 0.143178 0.609793 0.027874 0.026466
28 0.222134 0.609254 0.026023 0.024965
22 0.249346 0.609050 0.022690 0.024385
4 0.487904 0.613035 0.040178 0.031328
12 0.169713 0.610028 0.019674 0.025249
17 0.111073 0.611676 0.031842 0.028117
11 0.425763 0.609848 0.026759 0.024222
24 0.364899 0.609044 0.014533 0.022220
34 0.522210 0.610279 0.025771 0.024621
28 0.454121 0.610446 0.023904 0.024496
35 0.391266 0.610408 0.034495 0.022917
22 0.584290 0.611198 0.022355 0.023847
24 0.605613 0.611611 0.014697 0.023478
1 0.664362 0.612552 0.027880 0.025299
35 0.630632 0.612617 0.034563 0.024187
4 0.243622 0.646833 0.039413 0.030278
0 0.165138 0.644256 0.028770 0.024615
3 0.389925 0.645197 0.028964 0.025852
25 0.329535 0.644664 0.030888 0.024581
28 0.359136 0.645926 0.026820 0.026113
3 0.281759 0.680937 0.027355 0.024906
4 0.318801 0.684098 0.038571 0.030727
3 0.250681 0.681174 0.026649 0.024538
1 0.220825 0.681487 0.025874 0.023701
11 0.355125 0.682303 0.026813 0.024409
17 0.379114 0.682897 0.015448 0.024005
32 0.492066 0.685675 0.029454 0.028703
13 0.399446 0.683434 0.021829 0.023785
11 0.587273 0.685265 0.026988 0.026567
3 0.587426 0.685473 0.027384 0.026801
28 0.423341 0.684078 0.024507 0.023998
34 0.515066 0.684052 0.024274 0.023793
25 0.556235 0.684437 0.027709 0.023808
0 0.618841 0.685551 0.029222 0.025864
9 0.643894 0.693834 0.015265 0.039424
3 0.667120 0.687107 0.027104 0.025215
18 0.525862 0.719919 0.027491 0.029917
4 0.345727 0.722687 0.037355 0.031476
28 0.278617 0.719172 0.022837 0.023293
32 0.250177 0.721600 0.031256 0.027919
36 0.307574 0.719868 0.028703 0.024295
0 0.191549 0.720003 0.027106 0.024317
34 0.378862 0.720367 0.025312 0.024012
28 0.220342 0.720536 0.025016 0.024335
3 0.422684 0.721018 0.026484 0.024531
25 0.451026 0.721074 0.027520 0.024623
8 0.498899 0.721776 0.023602 0.024542
4 0.619289 0.725949 0.040186 0.031558
35 0.578811 0.723436 0.035066 0.024415
11 0.696933 0.724098 0.026355 0.025417
21 0.668365 0.724316 0.026230 0.024562
17 0.649122 0.724264 0.014250 0.023626
8 0.257345 0.758101 0.022009 0.024708
34 0.229865 0.758227 0.024911 0.024791
3 0.376300 0.759007 0.027989 0.025498
13 0.315395 0.758982 0.023235 0.025424
29 0.405512 0.759805 0.024373 0.026780
3 0.345112 0.759442 0.027937 0.025650
21 0.287151 0.759327 0.026938 0.024422
21 0.432016 0.760129 0.027174 0.024508
1 0.488505 0.760857 0.028940 0.025913
22 0.459661 0.760122 0.022082 0.023956
8 0.599077 0.761370 0.021955 0.025967
20 0.570133 0.761040 0.028735 0.024582
21 0.538293 0.761763 0.027875 0.025664
29 0.626826 0.762170 0.025308 0.025805
7 0.650603 0.763207 0.017107 0.025381