0 0.261499 0.147154 0.029507 0.025984
8 0.499102 0.147130 0.021394 0.025193
27 0.527635 0.147109 0.033564 0.025031
25 0.562391 0.146608 0.026119 0.023901
3 0.308535 0.147050 0.027115 0.024383
9 0.285102 0.153438 0.015448 0.037052
26 0.667200 0.147568 0.025603 0.025268
28 0.216845 0.147375 0.025591 0.024390
28 0.474602 0.147741 0.023781 0.025046
3 0.375552 0.147131 0.025669 0.023819
22 0.588330 0.147648 0.022146 0.024772
11 0.404145 0.147573 0.025833 0.024616
12 0.334324 0.147366 0.020105 0.024100
17 0.609058 0.147706 0.015409 0.024502
5 0.191686 0.150601 0.025291 0.030148
9 0.453272 0.152893 0.014803 0.034720
28 0.431702 0.147904 0.024224 0.024607
28 0.166421 0.148349 0.023958 0.023855
3 0.545659 0.187078 0.028188 0.026039
27 0.306959 0.187158 0.041391 0.026010
3 0.514392 0.187461 0.027877 0.026320
34 0.299198 0.187240 0.026637 0.025728
22 0.572265 0.187358 0.022014 0.025612
1 0.439827 0.187249 0.026561 0.024645
14 0.607083 0.187696 0.038705 0.024710
0 0.392827 0.187617 0.028604 0.024308
11 0.270673 0.187754 0.027237 0.024542
17 0.417345 0.187807 0.014590 0.024080
14 0.216774 0.188389 0.037221 0.025023
13 0.133076 0.188375 0.024381 0.024988
21 0.467908 0.188209 0.025389 0.024464
7 0.246222 0.187994 0.016524 0.024012
17 0.490425 0.188044 0.014996 0.024028
4 0.670473 0.188212 0.031113 0.023937
28 0.640491 0.188603 0.024565 0.024418
28 0.182625 0.188779 0.025739 0.024750
21 0.156005 0.189217 0.026575 0.024493
18 0.208365 0.224166 0.027685 0.029284
3 0.450126 0.228743 0.028806 0.030210
34 0.261564 0.226429 0.024975 0.025042
7 0.161446 0.226549 0.017063 0.025180
0 0.499860 0.226836 0.029541 0.025182
22 0.237554 0.226397 0.021913 0.024271
8 0.182515 0.226763 0.022680 0.024991
25 0.137507 0.226227 0.026867 0.023638
3 0.619720 0.227238 0.029792 0.025502
27 0.261689 0.226807 0.024198 0.024158
8 0.590070 0.227120 0.022253 0.024772
22 0.353688 0.226827 0.021607 0.024168
4 0.306143 0.226772 0.032737 0.023919
24 0.332211 0.226883 0.016098 0.023941
17 0.374754 0.227002 0.014629 0.023726
24 0.474579 0.227393 0.015511 0.024340
17 0.526062 0.229336 0.017625 0.027761
32 0.543438 0.230217 0.036881 0.029291
18 0.583307 0.263886 0.028615 0.028742
3 0.614449 0.266068 0.028441 0.026975
3 0.223214 0.265555 0.028735 0.025876
8 0.376544 0.265136 0.022418 0.024127
3 0.659754 0.266293 0.030047 0.026313
25 0.444537 0.265368 0.029983 0.024168
11 0.191345 0.266217 0.028648 0.025827
34 0.335765 0.265737 0.024698 0.024205
1 0.310481 0.265961 0.027992 0.024586
8 0.135395 0.266211 0.023918 0.024968
3 0.506112 0.266115 0.027637 0.024497
3 0.475415 0.266115 0.027880 0.024024
0 0.254537 0.266343 0.028113 0.024270
28 0.282052 0.266784 0.023572 0.024221
25 0.552956 0.266274 0.027942 0.022777
24 0.530224 0.266978 0.015083 0.023464
18 0.594060 0.301585 0.029885 0.030147
18 0.364581 0.301988 0.028217 0.028154
37 0.137191 0.303616 0.032237 0.028267
3 0.510278 0.303564 0.030297 0.025752
11 0.627128 0.303681 0.030262 0.025829
3 0.658622 0.303811 0.028123 0.025669
5 0.393162 0.307442 0.028089 0.032897
34 0.461503 0.303606 0.027012 0.024850
9 0.340433 0.309889 0.020474 0.036708
32 0.568035 0.306366 0.032997 0.029523
22 0.437500 0.303898 0.021607 0.024055
13 0.320622 0.303707 0.022490 0.023577
11 0.228891 0.304780 0.028640 0.025676
26 0.541560 0.305018 0.025715 0.026101
17 0.416975 0.304312 0.015598 0.024496
3 0.261185 0.304871 0.029183 0.025334
28 0.199775 0.304438 0.025244 0.024064
20 0.292108 0.304716 0.027059 0.024044
32 0.170374 0.307434 0.032287 0.028886
18 0.332938 0.341077 0.030999 0.029117
11 0.366931 0.342746 0.029438 0.025558
11 0.422737 0.342835 0.027791 0.025594
20 0.138158 0.343349 0.030585 0.026136
29 0.452267 0.348516 0.025570 0.035857
11 0.171613 0.343856 0.029300 0.025899
21 0.302519 0.343482 0.026202 0.024833
3 0.224365 0.343811 0.029665 0.025424
7 0.197739 0.344068 0.016500 0.024606
25 0.274973 0.343949 0.030817 0.024213
9 0.519614 0.349360 0.015035 0.034953
32 0.608169 0.347221 0.033510 0.030507
0 0.493468 0.344167 0.029157 0.024264
3 0.641083 0.344822 0.029973 0.025339
3 0.544425 0.344837 0.028438 0.025132
24 0.250213 0.344472 0.015305 0.024089
36 0.575679 0.344990 0.029204 0.024809
18 0.337885 0.378968 0.027882 0.028017
18 0.504739 0.380111 0.026478 0.027936
8 0.413673 0.380051 0.022726 0.024920
3 0.369293 0.380345 0.026460 0.024615
11 0.477419 0.380736 0.026360 0.024523
9 0.453057 0.387808 0.016342 0.037989
24 0.392473 0.380658 0.015429 0.023635
30 0.204689 0.381750 0.034166 0.025444
3 0.535045 0.381369 0.027672 0.024492
3 0.169983 0.381966 0.028877 0.025685
36 0.204176 0.381768 0.033569 0.025161
11 0.138317 0.382244 0.029276 0.026050
34 0.263511 0.381428 0.026407 0.024208
17 0.436484 0.381364 0.014025 0.023784
1 0.236952 0.381629 0.026676 0.023684
24 0.286581 0.382158 0.015514 0.024269
10 0.665817 0.382848 0.021242 0.025540
21 0.580373 0.382043 0.023794 0.023701
0 0.609461 0.382338 0.029328 0.024164
21 0.639436 0.382654 0.026361 0.024683
3 0.394949 0.416124 0.028880 0.026314
3 0.346519 0.416262 0.028773 0.025850
9 0.451470 0.419340 0.015136 0.031510
0 0.426163 0.416296 0.029102 0.024996
16 0.242521 0.421808 0.027609 0.034934
18 0.182943 0.417682 0.027164 0.026611
22 0.318578 0.416704 0.022200 0.022962
29 0.502234 0.417716 0.023853 0.024771
9 0.266558 0.424358 0.016834 0.037987
1 0.291257 0.417377 0.028155 0.023991
3 0.474512 0.417605 0.027147 0.024358
3 0.212781 0.418024 0.026256 0.024278
3 0.561855 0.418572 0.028444 0.025180
25 0.530699 0.418246 0.029270 0.023520
1 0.630492 0.419305 0.028510 0.025058
34 0.658223 0.419391 0.027839 0.024840
25 0.154312 0.419075 0.028107 0.023385
24 0.130753 0.419958 0.017799 0.024640
25 0.386112 0.452453 0.029309 0.024599
15 0.358318 0.457424 0.024542 0.033608
4 0.323451 0.455961 0.041112 0.030113
4 0.500864 0.456879 0.039373 0.031719
8 0.186753 0.454433 0.024789 0.025780
22 0.416230 0.453644 0.022044 0.023900
15 0.534099 0.459620 0.023922 0.035800
17 0.293069 0.454344 0.014647 0.024402
28 0.237087 0.454497 0.026028 0.024339
36 0.463229 0.454170 0.029171 0.023348
17 0.438807 0.453894 0.015874 0.022433
28 0.605272 0.456527 0.027838 0.027101
12 0.162388 0.456192 0.019135 0.026034
25 0.577228 0.455367 0.027835 0.024384
3 0.137066 0.455401 0.026688 0.024295
24 0.555074 0.455751 0.014596 0.023992
32 0.632969 0.458648 0.028643 0.029060
3 0.403618 0.491656 0.029677 0.026048
4 0.278024 0.494536 0.037689 0.031253
15 0.373160 0.495856 0.025715 0.033805
3 0.313880 0.491319 0.029681 0.024652
34 0.452628 0.491795 0.026731 0.023935
24 0.429527 0.491213 0.015939 0.022756
21 0.344706 0.492125 0.026451 0.024501
0 0.221914 0.492758 0.030371 0.025205
3 0.189025 0.492873 0.027505 0.025061
5 0.480632 0.496921 0.028486 0.033124
11 0.559004 0.493371 0.028450 0.025461
9 0.506305 0.499373 0.016228 0.037044
0 0.138940 0.493352 0.028998 0.024910
17 0.248812 0.492873 0.015698 0.023716
3 0.591310 0.493776 0.028182 0.025256
24 0.163592 0.493470 0.016226 0.024099
11 0.623574 0.494125 0.028972 0.024866
28 0.528374 0.493966 0.024987 0.024317
27 0.654070 0.494501 0.026339 0.024613
3 0.309516 0.528532 0.028464 0.025075
3 0.341648 0.528562 0.028266 0.024888
11 0.277556 0.529081 0.028449 0.025854
13 0.369674 0.528597 0.023277 0.022838
28 0.420456 0.529355 0.025290 0.024257
14 0.220834 0.529802 0.039067 0.024671
21 0.393791 0.529400 0.024426 0.023436
7 0.252433 0.529374 0.016664 0.023160
34 0.469448 0.529750 0.025528 0.023480
22 0.445697 0.529481 0.020127 0.022636
28 0.186222 0.530720 0.025205 0.024944
22 0.490954 0.530175 0.014952 0.023537
13 0.134032 0.531524 0.023930 0.026111
21 0.157809 0.531222 0.026578 0.025339
22 0.510181 0.530281 0.020552 0.023337
28 0.535327 0.531128 0.025861 0.024173
14 0.569921 0.531212 0.036968 0.023059
28 0.604097 0.531518 0.026458 0.023576
17 0.679690 0.532605 0.016598 0.024934
4 0.336616 0.567934 0.040123 0.029938
3 0.373530 0.565860 0.028846 0.025076
28 0.302393 0.566061 0.024566 0.024862
11 0.273976 0.566195 0.027330 0.024406
21 0.421918 0.566702 0.026392 0.025254
28 0.449274 0.566558 0.023287 0.024246
22 0.474437 0.565974 0.022755 0.022978
3 0.223041 0.567456 0.028353 0.025373
24 0.398645 0.566530 0.016537 0.023386
0 0.592132 0.567576 0.029922 0.025035
10 0.563130 0.567364 0.021576 0.024173
25 0.535586 0.566983 0.027965 0.023389
24 0.248536 0.567215 0.016577 0.023850
35 0.505610 0.567195 0.034508 0.022308
25 0.190603 0.568291 0.028428 0.023783
3 0.161816 0.569266 0.026176 0.024882
9 0.617757 0.574046 0.016246 0.034332
29 0.659625 0.569002 0.025072 0.024229
7 0.636642 0.568768 0.016966 0.023250
32 0.104846 0.574538 0.036329 0.033459
28 0.134126 0.570192 0.024106 0.024458
18 0.580780 0.603476 0.025088 0.026689
11 0.416372 0.603114 0.028146 0.024781
14 0.361271 0.602935 0.037781 0.024385
3 0.447336 0.602996 0.026329 0.024365
13 0.277601 0.603764 0.021722 0.025171
28 0.327418 0.603304 0.024858 0.024157
3 0.477357 0.603720 0.027634 0.024412
21 0.299981 0.603620 0.025526 0.023884
7 0.391308 0.603037 0.015840 0.022584
3 0.530029 0.604769 0.028319 0.025736
32 0.558125 0.605841 0.027225 0.027833
1 0.199578 0.605340 0.027983 0.025536
3 0.168240 0.605541 0.028590 0.025798
25 0.609597 0.604447 0.027843 0.022962
17 0.224860 0.605396 0.016280 0.024057
7 0.633772 0.605571 0.017475 0.024227
26 0.250789 0.605413 0.025708 0.023542
18 0.479941 0.637511 0.025552 0.026412
3 0.343223 0.638674 0.027625 0.025345
3 0.374973 0.638579 0.027197 0.024339
25 0.506415 0.638271 0.026209 0.023483
32 0.455061 0.640977 0.029942 0.027660
3 0.311629 0.639727 0.027879 0.024691
11 0.280030 0.640357 0.027478 0.025349
7 0.534279 0.639473 0.017490 0.023173
7 0.253195 0.641075 0.018276 0.023429
21 0.162257 0.641848 0.025747 0.024396
13 0.139234 0.642147 0.022372 0.024985
14 0.222508 0.641923 0.036625 0.024263
28 0.189654 0.642058 0.023102 0.023347
18 0.658193 0.674151 0.027474 0.028057
3 0.515230 0.674326 0.027931 0.025503
3 0.452328 0.674066 0.026965 0.024239
3 0.483364 0.674904 0.028029 0.024979
3 0.570879 0.675029 0.028787 0.024401
11 0.421695 0.675192 0.027112 0.024386
12 0.543404 0.675667 0.021739 0.025333
25 0.687549 0.675543 0.028784 0.024961
14 0.367767 0.675405 0.037903 0.024130
32 0.633952 0.677030 0.028250 0.027081
7 0.397265 0.675106 0.016111 0.022788
28 0.332911 0.675943 0.024350 0.023737
13 0.281269 0.676447 0.021112 0.023796
1 0.203864 0.677939 0.031435 0.024942
3 0.171792 0.678241 0.028265 0.025058
17 0.231155 0.677512 0.015415 0.023236
26 0.254801 0.677613 0.024726 0.022307
11 0.530387 0.711461 0.029029 0.026048
13 0.384332 0.711527 0.023728 0.026011
34 0.560639 0.711314 0.024474 0.025221
14 0.471805 0.711277 0.038930 0.025051
7 0.504404 0.710925 0.017772 0.024163
21 0.409788 0.711835 0.026261 0.025240
28 0.437266 0.712020 0.025122 0.025119
3 0.664830 0.712183 0.030115 0.025369
26 0.355875 0.713332 0.025011 0.025710
25 0.264048 0.713310 0.027373 0.024345
17 0.689539 0.713090 0.016208 0.023801
1 0.235710 0.713894 0.028534 0.025367
3 0.204143 0.714570 0.029240 0.025716
11 0.172730 0.715445 0.028495 0.027208
17 0.290411 0.714081 0.016594 0.024009
28 0.143827 0.717149 0.024208 0.026067
32 0.113449 0.723550 0.038447 0.035958
18 0.320579 0.749230 0.031043 0.029903
13 0.681289 0.748642 0.022430 0.023746
34 0.479541 0.749173 0.027931 0.024646
5 0.446078 0.754951 0.034330 0.035831
11 0.609750 0.749181 0.028049 0.022484
11 0.374054 0.750806 0.030083 0.025342
9 0.349128 0.762707 0.018661 0.048801
34 0.403956 0.750491 0.027584 0.024096
9 0.657656 0.755434 0.018351 0.033383
22 0.294144 0.751608 0.023961 0.025215
3 0.214525 0.753201 0.029899 0.026375
1 0.246352 0.752953 0.030218 0.025274
17 0.272026 0.752990 0.015391 0.024363
21 0.182800 0.754866 0.028332 0.025825
36 0.149948 0.755539 0.032540 0.026085