0 0.638083 0.151568 0.029664 0.026441
28 0.536920 0.151296 0.024088 0.024913
34 0.476820 0.151049 0.026251 0.023894
25 0.446664 0.151106 0.027353 0.023814
3 0.373350 0.151437 0.027734 0.024248
11 0.508200 0.151635 0.027607 0.024601
22 0.709729 0.152336 0.023694 0.025483
14 0.569982 0.151942 0.035158 0.024396
28 0.829767 0.152263 0.024491 0.025022
34 0.734720 0.152079 0.026180 0.024379
22 0.401132 0.151348 0.020229 0.022881
10 0.601061 0.151616 0.020837 0.023319
17 0.422914 0.152098 0.015256 0.023557
33 0.336717 0.152177 0.040098 0.023100
21 0.803503 0.152889 0.025326 0.024394
17 0.665301 0.152686 0.016107 0.022981
34 0.690258 0.191273 0.028541 0.026047
3 0.470204 0.191308 0.027897 0.025468
21 0.594585 0.191391 0.024884 0.025324
1 0.623149 0.191285 0.026915 0.024819
32 0.398914 0.193359 0.030993 0.028909
11 0.500467 0.191546 0.027467 0.025263
32 0.719810 0.194164 0.033415 0.030220
7 0.741274 0.191715 0.017659 0.025129
17 0.646557 0.191493 0.014767 0.024387
8 0.441738 0.191854 0.023233 0.025066
24 0.665589 0.191679 0.017609 0.024511
10 0.780127 0.191702 0.019584 0.024009
12 0.801386 0.191775 0.019933 0.024115
11 0.826962 0.192381 0.026281 0.025117
22 0.568580 0.192124 0.021551 0.024035
0 0.352313 0.192115 0.027848 0.023756
17 0.850825 0.192737 0.015836 0.024954
4 0.486232 0.233535 0.039986 0.030847
3 0.413011 0.230967 0.029033 0.025075
22 0.330573 0.231060 0.022381 0.024524
10 0.519003 0.231299 0.020701 0.024975
11 0.563250 0.231615 0.028109 0.025471
36 0.446917 0.231326 0.031000 0.024401
7 0.353496 0.231418 0.017983 0.024537
11 0.379967 0.231500 0.029035 0.024644
15 0.660190 0.236129 0.024862 0.033891
11 0.748895 0.231814 0.029576 0.024825
7 0.722512 0.231632 0.017527 0.023869
10 0.864877 0.232239 0.021997 0.024886
24 0.636948 0.232224 0.016657 0.024767
10 0.776299 0.231928 0.018095 0.023972
11 0.802106 0.232491 0.027529 0.025052
7 0.588393 0.232105 0.017002 0.024122
33 0.691791 0.231899 0.039789 0.023538
26 0.613204 0.232234 0.025506 0.024043
24 0.844151 0.232869 0.016222 0.024860
17 0.826084 0.232929 0.014308 0.023512
18 0.374646 0.269044 0.027453 0.027624
4 0.339371 0.273339 0.039760 0.031924
25 0.405355 0.269896 0.028696 0.024203
8 0.817633 0.270516 0.023734 0.024782
3 0.472692 0.271066 0.028470 0.025023
11 0.865490 0.271351 0.028289 0.025506
3 0.439747 0.271066 0.028717 0.024871
7 0.841366 0.270877 0.017020 0.024289
25 0.703502 0.271224 0.029585 0.024949
25 0.768828 0.271080 0.029165 0.024614
7 0.890159 0.271962 0.017596 0.025976
3 0.556340 0.271755 0.028013 0.025472
3 0.738117 0.271792 0.028847 0.025507
0 0.505856 0.271985 0.029889 0.025416
28 0.675466 0.271794 0.024619 0.024672
34 0.607724 0.271721 0.027654 0.024360
7 0.794899 0.271613 0.016022 0.023584
9 0.531734 0.278536 0.016748 0.037040
12 0.583412 0.272690 0.021949 0.025094
22 0.650123 0.272116 0.021772 0.023808
25 0.725453 0.310543 0.027947 0.024709
8 0.329509 0.311226 0.023472 0.025328
3 0.757721 0.311651 0.029990 0.025780
3 0.873848 0.311492 0.027941 0.025293
8 0.503188 0.311080 0.022274 0.024211
13 0.458163 0.310960 0.024799 0.023941
3 0.645139 0.311869 0.028170 0.025507
11 0.400114 0.311586 0.027290 0.024786
28 0.430997 0.311336 0.024989 0.024177
15 0.590689 0.317440 0.028025 0.036283
29 0.827022 0.311904 0.025926 0.025211
21 0.698540 0.311789 0.027239 0.024916
28 0.530784 0.311420 0.025301 0.023899
26 0.799023 0.312206 0.029904 0.025386
24 0.374749 0.311736 0.015429 0.024386
13 0.673417 0.311890 0.022586 0.024412
28 0.616128 0.311945 0.023776 0.024510
7 0.353366 0.311840 0.017073 0.024109
26 0.559997 0.311998 0.025764 0.023792
7 0.850059 0.311936 0.016022 0.023266
36 0.455775 0.349402 0.029025 0.024355
3 0.821356 0.350406 0.028488 0.026123
25 0.542331 0.349317 0.028188 0.023617
36 0.490590 0.349879 0.028941 0.024161
3 0.705176 0.350314 0.028321 0.024994
21 0.850782 0.350196 0.026578 0.024584
16 0.597370 0.356326 0.029845 0.036833
3 0.770423 0.350326 0.028577 0.024832
10 0.569495 0.349974 0.020531 0.024083
25 0.646675 0.350093 0.028601 0.024255
24 0.518185 0.349941 0.016593 0.023707
22 0.407564 0.350176 0.022288 0.023649
25 0.378959 0.350564 0.027207 0.024050
22 0.676501 0.350437 0.022425 0.023614
24 0.795362 0.350352 0.016868 0.023394
36 0.736642 0.350728 0.028582 0.024068
9 0.622266 0.358963 0.015978 0.040059
1 0.331927 0.351856 0.028358 0.025728
18 0.452466 0.386526 0.028337 0.028376
13 0.565270 0.388082 0.026338 0.026424
34 0.524956 0.387654 0.027476 0.025143
4 0.490620 0.390856 0.040380 0.031087
4 0.780335 0.391816 0.044369 0.032188
4 0.289264 0.392312 0.041952 0.031685
21 0.589536 0.388755 0.027012 0.024135
22 0.406899 0.388530 0.022763 0.023337
34 0.664719 0.389423 0.026135 0.024946
34 0.378305 0.389200 0.026574 0.024295
3 0.331030 0.389943 0.028120 0.025115
22 0.641442 0.389948 0.021530 0.024593
28 0.731262 0.390011 0.024903 0.024090
22 0.705110 0.390153 0.022267 0.023340
16 0.669491 0.431404 0.028444 0.036625
25 0.606215 0.425238 0.028556 0.024279
34 0.577862 0.425256 0.025339 0.024182
32 0.432459 0.428019 0.032233 0.029402
9 0.694715 0.438348 0.017181 0.049655
4 0.545126 0.428024 0.038034 0.028941
20 0.720951 0.425680 0.028667 0.024151
11 0.752912 0.425910 0.027581 0.024512
3 0.509629 0.425636 0.027293 0.023755
3 0.829568 0.426138 0.027326 0.024671
7 0.777252 0.426249 0.016548 0.024598
13 0.388626 0.425749 0.022576 0.023390
22 0.801006 0.426047 0.023676 0.023780
28 0.461565 0.425755 0.023585 0.023157
21 0.362800 0.425987 0.026430 0.023568
35 0.636285 0.426294 0.034934 0.023392
18 0.668557 0.459966 0.028792 0.029730
11 0.717844 0.462952 0.027742 0.024920
25 0.796708 0.462565 0.028086 0.024062
4 0.347385 0.465581 0.038394 0.029550
27 0.380824 0.462751 0.025428 0.023798
34 0.380982 0.462795 0.026132 0.023856
3 0.427051 0.463494 0.028131 0.025030
8 0.562472 0.463178 0.022584 0.024225
3 0.475388 0.463389 0.028071 0.024624
36 0.867699 0.463346 0.027935 0.024050
4 0.633366 0.466066 0.037271 0.029092
22 0.823882 0.463628 0.020890 0.024093
17 0.844305 0.463398 0.015757 0.022578
7 0.582722 0.463785 0.015720 0.023298
33 0.510908 0.463960 0.037447 0.023364
17 0.742483 0.463969 0.015330 0.023297
7 0.540265 0.463428 0.016745 0.022059
18 0.818200 0.500042 0.026796 0.026947
28 0.872004 0.501353 0.024061 0.024236
32 0.794137 0.504135 0.031836 0.028902
28 0.708765 0.502196 0.025122 0.024992
21 0.846073 0.501510 0.024932 0.023382
1 0.680870 0.502276 0.027084 0.024224
20 0.502901 0.502767 0.029545 0.024949
29 0.611332 0.502770 0.025267 0.024358
10 0.636344 0.502298 0.019826 0.023309
3 0.424838 0.502917 0.028229 0.024545
21 0.454792 0.503320 0.026581 0.024989
24 0.656696 0.502653 0.014868 0.023300
17 0.478130 0.503013 0.014725 0.023352
22 0.532835 0.503441 0.022810 0.023662
20 0.369994 0.503791 0.029544 0.024177
24 0.555505 0.503488 0.015943 0.023290
24 0.398785 0.504019 0.017246 0.024347
35 0.580800 0.503972 0.033599 0.023961
3 0.880307 0.539901 0.026784 0.024842
4 0.793226 0.543083 0.039426 0.031101
25 0.648719 0.539914 0.027267 0.024630
4 0.727860 0.542955 0.039602 0.030589
25 0.853117 0.539870 0.026490 0.023903
10 0.760131 0.540596 0.020071 0.024113
11 0.540568 0.540804 0.028582 0.024497
10 0.624571 0.540750 0.021096 0.024318
22 0.676968 0.540768 0.023346 0.024054
34 0.420652 0.541290 0.026999 0.024185
17 0.698758 0.541215 0.014325 0.023699
4 0.503916 0.545321 0.040086 0.031723
33 0.592882 0.541392 0.037861 0.023007
17 0.564842 0.541450 0.014738 0.022934
22 0.395242 0.542349 0.021401 0.024348
3 0.466026 0.542778 0.028894 0.024500
37 0.498284 0.578401 0.034250 0.028512
15 0.759795 0.581459 0.022701 0.031046
34 0.716191 0.578175 0.025500 0.024148
15 0.596461 0.584185 0.023817 0.035949
22 0.692685 0.578339 0.021593 0.023332
3 0.663294 0.578776 0.026968 0.023935
2 0.790962 0.584037 0.036133 0.034205
28 0.823946 0.579130 0.022544 0.024217
11 0.531292 0.579429 0.025854 0.024639
24 0.738623 0.579063 0.015520 0.023568
2 0.627614 0.583902 0.035033 0.033043
7 0.555787 0.579857 0.016104 0.023732
24 0.574466 0.579685 0.014835 0.022863
36 0.444804 0.580637 0.032890 0.022816
36 0.410603 0.581138 0.028313 0.022996
32 0.716038 0.620009 0.030062 0.029607
34 0.620045 0.617656 0.027131 0.024723
34 0.810030 0.617812 0.026040 0.024518
27 0.622510 0.617809 0.030682 0.024196
11 0.840192 0.618217 0.026226 0.024861
1 0.744804 0.618416 0.027528 0.025216
25 0.591258 0.617765 0.025772 0.023670
22 0.661301 0.617616 0.021397 0.023255
7 0.863141 0.619009 0.016470 0.025208
0 0.408612 0.619049 0.028097 0.024920
3 0.455877 0.619206 0.026989 0.025098
7 0.505830 0.619696 0.019132 0.025652
22 0.482898 0.618674 0.021784 0.023151
17 0.769003 0.618560 0.016191 0.022759
32 0.528732 0.621747 0.028479 0.028392
24 0.347817 0.619513 0.016742 0.023546
32 0.544898 0.621504 0.025291 0.027101
22 0.326370 0.619633 0.021780 0.023181
35 0.375420 0.620200 0.034182 0.023082
3 0.778944 0.655652 0.028403 0.025441
11 0.748053 0.655172 0.027621 0.024379
3 0.536521 0.655393 0.027077 0.024439
11 0.567963 0.655536 0.028932 0.024164
17 0.724037 0.655883 0.015004 0.024635
0 0.625053 0.655720 0.027616 0.024301
21 0.701489 0.655733 0.025731 0.024212
1 0.671925 0.655566 0.027031 0.023776
0 0.416013 0.656214 0.030081 0.025031
3 0.466704 0.655799 0.027170 0.024160
28 0.597209 0.655484 0.022726 0.023506
8 0.327208 0.656624 0.023741 0.025244
14 0.841147 0.656090 0.039144 0.024013
22 0.807174 0.656197 0.022855 0.023667
9 0.441233 0.665703 0.019382 0.042366
28 0.874989 0.656576 0.024559 0.023940
7 0.350203 0.657184 0.016961 0.024945
17 0.648213 0.656311 0.014657 0.022867
7 0.389495 0.657249 0.015741 0.023757
24 0.371553 0.657288 0.016528 0.023163
18 0.440857 0.692240 0.028915 0.027471
34 0.862664 0.691849 0.027293 0.024621
1 0.836002 0.691953 0.028653 0.024205
4 0.681129 0.692284 0.033641 0.024439
11 0.737241 0.692567 0.028408 0.024509
0 0.787932 0.692686 0.029463 0.024408
27 0.570533 0.692393 0.026214 0.023659
34 0.570193 0.692509 0.025232 0.023865
21 0.493503 0.692854 0.025067 0.024435
22 0.632238 0.692616 0.022033 0.023516
24 0.609511 0.692957 0.016478 0.024040
13 0.469842 0.692968 0.023128 0.023843
22 0.547443 0.692740 0.021509 0.023246
28 0.521334 0.693189 0.024832 0.023976
17 0.653495 0.693075 0.014549 0.023493
25 0.367131 0.693898 0.027911 0.024974
7 0.763048 0.693232 0.015879 0.023607
8 0.413161 0.694304 0.022469 0.025215
4 0.333204 0.694291 0.035260 0.024319
7 0.391668 0.694762 0.016794 0.023793
8 0.505896 0.730036 0.024441 0.026856
0 0.554871 0.730082 0.029070 0.025730
3 0.663722 0.729939 0.028751 0.025298
25 0.631098 0.729711 0.028307 0.024631
1 0.730126 0.730780 0.030155 0.026241
28 0.477867 0.730593 0.025507 0.025085
3 0.696714 0.730595 0.028515 0.025030
21 0.584194 0.730559 0.024533 0.024469
22 0.802004 0.730756 0.023571 0.024192
17 0.529864 0.730711 0.015538 0.024015
20 0.406290 0.731161 0.028360 0.024811
11 0.375055 0.731428 0.028936 0.025293
21 0.326515 0.731314 0.025444 0.024970
9 0.758710 0.738057 0.017744 0.038302
14 0.443271 0.731490 0.038202 0.024338
17 0.779120 0.731383 0.015117 0.023779
17 0.349853 0.731828 0.014887 0.024147
18 0.455785 0.768001 0.028574 0.029924
15 0.774719 0.775130 0.025607 0.040149
15 0.720350 0.777388 0.024904 0.043886
4 0.686309 0.771972 0.038653 0.032720
11 0.631609 0.768664 0.027563 0.026007
25 0.821304 0.768071 0.029748 0.023885
14 0.593389 0.768933 0.040867 0.024940
11 0.330289 0.769730 0.029784 0.026480
9 0.531830 0.779639 0.019255 0.045755
8 0.747172 0.769065 0.023014 0.024566
28 0.557001 0.768955 0.024682 0.024346
17 0.655649 0.769214 0.014803 0.024522
25 0.504798 0.769383 0.029252 0.024427
8 0.427979 0.770232 0.023718 0.025595
25 0.378813 0.770135 0.027785 0.023761
17 0.356162 0.770543 0.014260 0.024476
7 0.404866 0.770955 0.016478 0.024037