18 0.172945 0.138889 0.027380 0.029156
34 0.603615 0.137702 0.026629 0.024933
22 0.579703 0.138141 0.023126 0.024784
2 0.527337 0.143715 0.036187 0.035398
3 0.461609 0.138423 0.026224 0.024562
36 0.491824 0.138424 0.027240 0.024420
0 0.431690 0.138756 0.028000 0.024586
12 0.388529 0.139206 0.019482 0.024068
34 0.364651 0.139485 0.024620 0.024332
2 0.289533 0.144174 0.036683 0.033423
0 0.143245 0.140734 0.029458 0.025799
17 0.407982 0.139471 0.014512 0.023092
7 0.319484 0.140406 0.016910 0.024596
22 0.341058 0.139896 0.021440 0.023338
0 0.204605 0.140878 0.027501 0.024337
20 0.253184 0.141029 0.027868 0.024318
17 0.228936 0.141178 0.014603 0.024181
28 0.572623 0.177359 0.027286 0.025572
3 0.604075 0.177298 0.030176 0.025402
25 0.541723 0.178113 0.031905 0.025043
17 0.490175 0.179383 0.016612 0.024510
2 0.231344 0.185542 0.037466 0.036339
2 0.371472 0.185034 0.037952 0.035293
7 0.400926 0.179644 0.018591 0.024103
3 0.286785 0.179992 0.028193 0.024555
13 0.314449 0.179863 0.022454 0.024148
7 0.261281 0.180236 0.016527 0.024411
21 0.337041 0.180468 0.025737 0.024524
21 0.166024 0.180654 0.025378 0.024678
20 0.194922 0.180460 0.027056 0.024080
22 0.140509 0.180663 0.021594 0.024284
4 0.634667 0.219293 0.039448 0.031613
3 0.669983 0.216333 0.028293 0.025302
11 0.555492 0.217997 0.028154 0.025631
34 0.585400 0.217255 0.027381 0.023996
25 0.478315 0.217890 0.027472 0.024710
4 0.230709 0.221663 0.038746 0.032233
8 0.413760 0.218246 0.022180 0.025338
7 0.529419 0.218252 0.016199 0.024409
22 0.507256 0.218224 0.022644 0.024088
27 0.378541 0.218591 0.044376 0.024763
33 0.446164 0.218643 0.038472 0.024527
3 0.299644 0.219064 0.027737 0.025014
3 0.267826 0.219279 0.028305 0.025415
4 0.337260 0.222255 0.038667 0.031266
34 0.143048 0.220355 0.025255 0.023744
24 0.168287 0.220524 0.015910 0.023267
8 0.650463 0.257626 0.022774 0.025471
10 0.673429 0.257796 0.021185 0.024900
20 0.622115 0.258767 0.029318 0.024833
1 0.543392 0.259122 0.027450 0.024529
29 0.462965 0.260396 0.025081 0.026966
3 0.290738 0.260222 0.028926 0.026578
4 0.252729 0.263071 0.039423 0.031357
22 0.330801 0.259678 0.022746 0.024490
17 0.569003 0.259626 0.015841 0.024302
21 0.488952 0.259676 0.026123 0.024388
21 0.357390 0.260570 0.024932 0.026138
21 0.591725 0.259896 0.025259 0.024618
22 0.515681 0.259403 0.022341 0.023246
32 0.385069 0.262656 0.027804 0.029203
3 0.160837 0.260630 0.027962 0.025125
28 0.217943 0.260751 0.024812 0.024896
17 0.438399 0.260348 0.015691 0.023785
21 0.190310 0.261194 0.026065 0.024663
36 0.667304 0.296961 0.028485 0.024397
34 0.637505 0.297307 0.025282 0.024495
25 0.609730 0.297317 0.027291 0.024335
4 0.517196 0.301486 0.037555 0.032359
13 0.440985 0.298812 0.022712 0.025432
34 0.549332 0.298354 0.025269 0.024260
3 0.413135 0.299565 0.027434 0.026033
21 0.463924 0.299416 0.025105 0.025542
4 0.349581 0.302544 0.037557 0.031540
34 0.383303 0.299515 0.026314 0.025304
3 0.281447 0.299548 0.027796 0.025236
24 0.586654 0.298790 0.016317 0.023506
0 0.249679 0.299770 0.029240 0.025165
36 0.311340 0.299540 0.028181 0.024541
7 0.486917 0.299522 0.017735 0.024301
7 0.168620 0.299944 0.018231 0.024468
29 0.143763 0.300334 0.026172 0.024807
17 0.223933 0.300048 0.016286 0.023234
27 0.689259 0.335762 0.037121 0.025641
24 0.661975 0.336599 0.015698 0.024306
29 0.513229 0.337827 0.025614 0.026713
3 0.637747 0.337079 0.026586 0.025168
32 0.569033 0.339415 0.030679 0.029180
34 0.593811 0.337192 0.026088 0.024691
28 0.540266 0.337633 0.025258 0.024687
3 0.435344 0.338105 0.027397 0.024971
3 0.466173 0.338262 0.028234 0.025139
3 0.343793 0.338571 0.028352 0.025244
3 0.190177 0.338766 0.027640 0.025433
25 0.268637 0.338303 0.028568 0.024236
3 0.159092 0.338768 0.027756 0.024871
34 0.298459 0.338625 0.026793 0.024437
0 0.221648 0.338922 0.027690 0.024882
32 0.405714 0.340943 0.031262 0.028679
24 0.134983 0.339511 0.015642 0.024706
25 0.557736 0.374230 0.026790 0.024758
3 0.325935 0.375521 0.029242 0.026582
3 0.511369 0.375244 0.027213 0.025312
3 0.631718 0.375900 0.028496 0.026589
3 0.674394 0.376178 0.028523 0.026824
25 0.435758 0.374981 0.029674 0.024336
27 0.591821 0.375086 0.035260 0.024401
34 0.586997 0.375167 0.025805 0.024434
3 0.278129 0.376039 0.028355 0.025659
34 0.173355 0.375740 0.027527 0.025014
34 0.407305 0.375167 0.024681 0.023788
25 0.203338 0.375642 0.029068 0.024461
24 0.535067 0.375607 0.015598 0.023740
11 0.143855 0.376474 0.028352 0.025233
22 0.465347 0.376095 0.022292 0.023901
22 0.232137 0.376488 0.021366 0.024378
17 0.253234 0.376419 0.015265 0.023825
18 0.262908 0.413347 0.028381 0.029500
3 0.670369 0.413228 0.028255 0.026213
25 0.543866 0.413300 0.028681 0.024724
22 0.571599 0.413987 0.021091 0.025089
28 0.516179 0.414439 0.024381 0.025613
28 0.463362 0.414435 0.024501 0.024907
22 0.489374 0.414431 0.022898 0.024781
0 0.295590 0.414756 0.029250 0.025139
17 0.593426 0.414221 0.014623 0.023780
4 0.386311 0.414843 0.032194 0.024738
7 0.211403 0.414622 0.016590 0.024221
21 0.436787 0.414515 0.025469 0.023998
24 0.413141 0.414620 0.017381 0.024058
11 0.327080 0.414974 0.026875 0.024501
21 0.234465 0.415217 0.025883 0.024762
22 0.140906 0.415003 0.021627 0.024154
21 0.187380 0.415276 0.025787 0.024649
7 0.162644 0.414786 0.016358 0.023590
28 0.354658 0.415061 0.024931 0.023950
3 0.387317 0.451221 0.026814 0.024914
34 0.541526 0.451333 0.026139 0.024642
25 0.417340 0.451409 0.026992 0.024479
1 0.471890 0.452159 0.027536 0.025454
28 0.443050 0.451802 0.023707 0.024718
4 0.208980 0.455392 0.040783 0.031297
22 0.517871 0.452019 0.021777 0.024282
34 0.293596 0.452564 0.026891 0.025317
12 0.565814 0.452578 0.020094 0.024593
34 0.589851 0.452268 0.026655 0.023954
17 0.496276 0.452238 0.015217 0.023808
17 0.271136 0.455450 0.015837 0.029876
11 0.245822 0.452436 0.026914 0.023818
7 0.177225 0.452067 0.018194 0.023038
17 0.363169 0.452030 0.014984 0.022898
24 0.318351 0.452233 0.016427 0.023237
22 0.341597 0.452133 0.023334 0.022866
20 0.648193 0.452771 0.028704 0.023803
33 0.146906 0.453067 0.039075 0.024080
21 0.617985 0.453611 0.025606 0.024392
3 0.446957 0.489112 0.027971 0.026399
8 0.142099 0.489247 0.023353 0.025662
3 0.171446 0.489714 0.028591 0.025206
1 0.256791 0.489632 0.028883 0.024979
36 0.478855 0.489742 0.028886 0.024405
29 0.619410 0.491039 0.026086 0.026113
34 0.354875 0.490353 0.026579 0.024586
3 0.540746 0.490579 0.027447 0.024868
22 0.400351 0.489978 0.021480 0.023442
24 0.378818 0.490448 0.016744 0.024141
11 0.571801 0.491114 0.028402 0.025256
17 0.283832 0.490040 0.014991 0.022943
28 0.646572 0.491385 0.025987 0.025312
17 0.421350 0.490495 0.015595 0.023402
32 0.674579 0.493191 0.027016 0.028780
24 0.302725 0.490614 0.016942 0.023601
32 0.509077 0.493344 0.031891 0.028844
17 0.596435 0.491430 0.015397 0.023484
18 0.522787 0.529011 0.026070 0.026192
3 0.261424 0.529411 0.029022 0.026284
3 0.146331 0.529315 0.028185 0.026081
28 0.201194 0.530333 0.025376 0.026611
25 0.228904 0.529282 0.026977 0.024069
32 0.174533 0.532660 0.030839 0.030551
32 0.308501 0.533086 0.032541 0.030220
34 0.469481 0.529721 0.025932 0.023486
3 0.633567 0.530609 0.027714 0.024951
28 0.336847 0.530608 0.025338 0.024928
1 0.442995 0.530135 0.026497 0.023309
15 0.568918 0.535687 0.023497 0.034183
24 0.385604 0.530335 0.015267 0.022971
22 0.364160 0.530721 0.022076 0.023172
22 0.661881 0.531087 0.021922 0.023826
35 0.410601 0.531029 0.032415 0.023019
17 0.682588 0.531076 0.015323 0.022972
11 0.199332 0.566154 0.026344 0.024784
0 0.249008 0.566625 0.029177 0.025424
11 0.146950 0.566947 0.026860 0.025620
8 0.351896 0.567701 0.022935 0.026040
10 0.172456 0.566745 0.020824 0.024059
4 0.574294 0.570379 0.035831 0.031091
11 0.493253 0.567059 0.025346 0.024392
25 0.632615 0.566912 0.026409 0.024049
7 0.222739 0.566988 0.016673 0.023813
3 0.539513 0.567622 0.026115 0.024949
13 0.294662 0.567377 0.023090 0.024351
10 0.451985 0.567758 0.020086 0.024782
17 0.516292 0.567311 0.015409 0.023694
11 0.380377 0.567917 0.026901 0.024891
10 0.659441 0.568186 0.021241 0.025298
25 0.425024 0.567280 0.027470 0.023464
3 0.324227 0.567776 0.027323 0.024211
28 0.605950 0.567695 0.023664 0.023916
17 0.274083 0.568281 0.014888 0.024850
7 0.402618 0.568597 0.015981 0.024625
18 0.337772 0.604433 0.028596 0.029370
34 0.427451 0.605889 0.026989 0.025461
3 0.472475 0.606314 0.027205 0.025657
25 0.256566 0.605963 0.028241 0.024908
3 0.521108 0.606063 0.027483 0.024770
29 0.368058 0.606759 0.026968 0.026135
3 0.183925 0.606345 0.027787 0.025123
11 0.398471 0.606516 0.028288 0.025160
34 0.285716 0.606769 0.024464 0.025215
22 0.211425 0.606430 0.022367 0.024480
33 0.147815 0.606428 0.039524 0.024350
22 0.312612 0.606321 0.023153 0.024014
3 0.658862 0.607140 0.028085 0.025478
17 0.233474 0.606499 0.016137 0.023910
0 0.610089 0.607257 0.027559 0.025205
7 0.584679 0.606981 0.016816 0.024327
33 0.555691 0.607280 0.037762 0.023575
3 0.265034 0.643195 0.027817 0.025355
14 0.154736 0.643616 0.037481 0.025159
11 0.477752 0.643531 0.026696 0.024957
34 0.234213 0.643379 0.025171 0.024184
4 0.603274 0.646747 0.038650 0.030624
22 0.294540 0.643472 0.022682 0.023641
34 0.549671 0.643869 0.025932 0.024248
25 0.652830 0.643725 0.025934 0.023858
7 0.425239 0.643543 0.016789 0.023421
36 0.360401 0.643877 0.028087 0.024006
32 0.208694 0.646325 0.030058 0.028574
28 0.505066 0.644633 0.024962 0.024944
9 0.674533 0.651004 0.016024 0.037556
24 0.527391 0.644077 0.015119 0.023621
7 0.334277 0.643910 0.016674 0.023078
33 0.394966 0.644137 0.036858 0.023495
24 0.315006 0.643842 0.016106 0.022730
7 0.692646 0.644572 0.016665 0.024121
26 0.448624 0.644618 0.024600 0.023567
24 0.573332 0.644760 0.015707 0.023839
11 0.150664 0.679356 0.027788 0.025280
3 0.181581 0.679699 0.027385 0.025018
0 0.295494 0.679877 0.027584 0.024448
3 0.403597 0.680542 0.027641 0.025462
36 0.213176 0.680237 0.028988 0.024844
11 0.529150 0.680886 0.027710 0.025384
34 0.456137 0.680637 0.028481 0.024846
3 0.245062 0.680519 0.027529 0.024201
11 0.373077 0.680833 0.027036 0.024266
22 0.499928 0.681207 0.023787 0.024792
10 0.616076 0.681611 0.020808 0.024823
2 0.583212 0.685653 0.038698 0.032880
21 0.344150 0.681239 0.025394 0.023999
24 0.269682 0.680784 0.016261 0.022987
34 0.664385 0.681907 0.026387 0.024968
17 0.321052 0.681076 0.015676 0.023162
17 0.552928 0.681844 0.014828 0.023893
22 0.640480 0.682063 0.022635 0.024185
11 0.151931 0.717023 0.028292 0.025469
4 0.612883 0.720767 0.038281 0.031242
0 0.276424 0.717703 0.028245 0.025044
7 0.250502 0.717503 0.017651 0.024366
14 0.443696 0.718055 0.038550 0.025330
3 0.649667 0.718001 0.028359 0.025040
12 0.551804 0.718354 0.020326 0.025077
7 0.476283 0.718259 0.017849 0.024542
9 0.302563 0.725388 0.016579 0.038644
33 0.219288 0.718167 0.039259 0.024176
24 0.495429 0.718176 0.016407 0.024151
28 0.578160 0.717833 0.023729 0.023414
32 0.344940 0.721274 0.032696 0.029572
28 0.373700 0.718509 0.024495 0.023997
7 0.321244 0.718704 0.017318 0.024044
35 0.522907 0.718657 0.034427 0.023177
1 0.172656 0.754915 0.029135 0.025090
3 0.251270 0.755020 0.027526 0.025188
3 0.519541 0.755391 0.027074 0.025759
34 0.203644 0.754934 0.027912 0.024706
24 0.146202 0.755021 0.018530 0.024572
4 0.588598 0.759084 0.041337 0.032427
0 0.469972 0.755908 0.029438 0.025948
3 0.550483 0.755911 0.027759 0.025784
34 0.425391 0.756004 0.025276 0.025527
3 0.322017 0.755847 0.027305 0.024948
25 0.396629 0.755744 0.028524 0.024415
9 0.495239 0.762873 0.016109 0.038659
34 0.679874 0.756244 0.024703 0.025031
34 0.624059 0.756578 0.027618 0.025147
33 0.286581 0.756010 0.036872 0.023936
5 0.652714 0.760724 0.026002 0.033222
22 0.351230 0.756377 0.022762 0.024293
17 0.372845 0.756586 0.016488 0.024425