34 0.410556 0.148430 0.027037 0.026284
3 0.658504 0.147906 0.028275 0.024429
27 0.585918 0.147698 0.039949 0.023873
4 0.625245 0.147751 0.033203 0.023895
25 0.549914 0.147671 0.027960 0.023617
24 0.452327 0.148682 0.018163 0.025254
24 0.526778 0.148269 0.015477 0.023926
7 0.472038 0.148770 0.016561 0.023958
11 0.381436 0.149334 0.027846 0.024954
3 0.351166 0.149447 0.026977 0.025151
28 0.323139 0.149680 0.023678 0.024610
34 0.254054 0.149641 0.026101 0.024162
25 0.297256 0.149343 0.027479 0.023423
11 0.224533 0.150560 0.027989 0.025390
27 0.261521 0.149873 0.041747 0.023737
10 0.197110 0.150321 0.020430 0.023719
14 0.165780 0.151098 0.035930 0.024150
25 0.628311 0.186488 0.027915 0.024316
29 0.599461 0.187614 0.025093 0.025869
34 0.572951 0.187192 0.027652 0.024537
24 0.551181 0.187650 0.016839 0.024261
20 0.678202 0.187428 0.027136 0.023501
0 0.434529 0.187570 0.027914 0.023752
17 0.653346 0.187489 0.015160 0.023306
12 0.480287 0.188703 0.023290 0.025679
7 0.459484 0.187728 0.015968 0.023539
25 0.346384 0.187980 0.027883 0.023899
9 0.371976 0.197202 0.016931 0.040571
34 0.268366 0.189117 0.026572 0.024064
5 0.183825 0.192951 0.027011 0.031677
11 0.240858 0.189651 0.027003 0.024703
35 0.400129 0.188757 0.034757 0.022369
3 0.608877 0.227288 0.028570 0.024561
11 0.576986 0.227781 0.029314 0.024898
34 0.368182 0.228446 0.027131 0.026135
18 0.202643 0.229403 0.027276 0.027929
21 0.526499 0.228186 0.027570 0.025046
36 0.641014 0.228286 0.029546 0.024587
22 0.498215 0.228168 0.023613 0.023919
7 0.551678 0.228209 0.017942 0.023878
25 0.445959 0.228510 0.029252 0.024236
28 0.472455 0.228805 0.025798 0.024816
10 0.694105 0.229094 0.021744 0.024880
13 0.669850 0.229195 0.023052 0.025037
22 0.343412 0.229107 0.023574 0.024854
26 0.397275 0.229148 0.026669 0.024647
3 0.282310 0.229671 0.028160 0.025673
25 0.251575 0.229450 0.027177 0.024745
24 0.422575 0.229276 0.017001 0.023856
24 0.228435 0.230054 0.015986 0.024221
24 0.154138 0.230824 0.016218 0.024488
18 0.176411 0.266554 0.029077 0.027759
3 0.537623 0.267387 0.028514 0.025793
34 0.620508 0.266683 0.029256 0.023938
36 0.569390 0.267047 0.029337 0.023616
24 0.596530 0.266941 0.016260 0.023319
8 0.647922 0.267439 0.021773 0.024154
11 0.507180 0.267978 0.026337 0.024997
28 0.700717 0.267764 0.024563 0.023465
5 0.207133 0.271946 0.029273 0.031306
7 0.483124 0.268312 0.016982 0.023907
9 0.152243 0.284025 0.017926 0.055300
34 0.349411 0.268979 0.027711 0.025147
34 0.278163 0.269040 0.028374 0.025202
2 0.452683 0.273988 0.038479 0.034957
28 0.674718 0.268142 0.025994 0.023130
22 0.323104 0.268976 0.023651 0.024755
9 0.405238 0.276977 0.015934 0.039910
22 0.252626 0.269600 0.022446 0.024460
17 0.423165 0.269495 0.014715 0.023490
17 0.231259 0.269729 0.015152 0.023236
25 0.634089 0.306510 0.028299 0.024845
25 0.520074 0.306786 0.028315 0.025078
13 0.661181 0.306142 0.023257 0.023763
3 0.552142 0.307226 0.028820 0.025571
36 0.584085 0.306788 0.028835 0.024170
24 0.611163 0.307348 0.017069 0.023919
24 0.496770 0.308667 0.015858 0.025987
17 0.683483 0.307779 0.016798 0.023987
4 0.239300 0.311527 0.038897 0.030436
29 0.449865 0.308800 0.024242 0.024778
34 0.274102 0.308795 0.027156 0.024459
34 0.340008 0.308680 0.027029 0.024219
28 0.475522 0.308949 0.025097 0.024649
11 0.181814 0.309455 0.028843 0.025593
0 0.372119 0.309187 0.029153 0.024977
3 0.422444 0.308885 0.027909 0.024044
22 0.316265 0.309624 0.022868 0.024420
17 0.208778 0.309880 0.016048 0.023570
18 0.412909 0.346840 0.028465 0.029653
16 0.533678 0.351919 0.029802 0.038081
36 0.501215 0.345736 0.027797 0.025075
15 0.533522 0.352089 0.029496 0.037418
3 0.470554 0.346244 0.028044 0.025578
22 0.611122 0.346832 0.023467 0.025844
25 0.582081 0.345888 0.028928 0.023277
11 0.666353 0.347288 0.026980 0.025855
9 0.558739 0.354506 0.015501 0.040174
28 0.637205 0.347072 0.024372 0.025139
7 0.689921 0.347651 0.017431 0.024936
32 0.443162 0.349231 0.027879 0.027635
34 0.278034 0.347682 0.027409 0.024410
22 0.252213 0.347818 0.024587 0.024245
5 0.184861 0.351923 0.024339 0.031423
28 0.336888 0.348371 0.024940 0.024314
24 0.359871 0.348032 0.016532 0.023219
21 0.382741 0.348355 0.027655 0.023812
32 0.154164 0.351336 0.034791 0.029525
32 0.493402 0.387083 0.035606 0.029324
3 0.582197 0.384850 0.027269 0.024855
34 0.417976 0.385287 0.026258 0.025407
34 0.519839 0.384810 0.025646 0.023978
11 0.345689 0.386526 0.028804 0.026377
22 0.610063 0.385417 0.024543 0.024076
24 0.442358 0.385528 0.017038 0.023868
22 0.393596 0.385923 0.022883 0.024523
13 0.283428 0.386173 0.022287 0.023933
7 0.371289 0.386554 0.016606 0.024168
28 0.258493 0.386728 0.024357 0.024221
26 0.661927 0.386506 0.026065 0.023703
17 0.306800 0.386933 0.015577 0.024296
7 0.183277 0.387101 0.017767 0.024297
24 0.203248 0.387221 0.016430 0.024168
15 0.487770 0.426743 0.023844 0.034494
0 0.514743 0.421978 0.027111 0.024083
3 0.544377 0.422009 0.026994 0.023999
24 0.569011 0.422511 0.015999 0.023942
28 0.412377 0.423175 0.025682 0.025238
3 0.296644 0.422856 0.027872 0.024484
0 0.594624 0.422417 0.027224 0.023418
11 0.264731 0.423396 0.028646 0.025228
36 0.328391 0.423264 0.028849 0.024520
0 0.674940 0.423033 0.028990 0.024038
15 0.177305 0.427608 0.024828 0.032949
25 0.458161 0.422827 0.027702 0.023110
17 0.699573 0.423190 0.015865 0.022916
7 0.238912 0.423721 0.015893 0.023610
24 0.435080 0.423476 0.015369 0.022925
33 0.208253 0.424085 0.038561 0.023682
24 0.154290 0.424646 0.015921 0.023993
25 0.534611 0.459705 0.025997 0.025110
11 0.676464 0.459755 0.027973 0.024754
4 0.592985 0.463350 0.036574 0.031669
32 0.129491 0.463882 0.036669 0.031673
3 0.627901 0.460230 0.028235 0.024301
11 0.463654 0.460012 0.026475 0.023564
13 0.273992 0.460744 0.022809 0.024193
14 0.410304 0.460561 0.036821 0.023615
7 0.361057 0.460961 0.017681 0.024279
28 0.490605 0.460335 0.023548 0.022922
28 0.559981 0.460879 0.024177 0.023929
7 0.440142 0.460363 0.015052 0.022851
3 0.162401 0.461122 0.026494 0.024199
24 0.231785 0.460858 0.016202 0.023571
24 0.512738 0.461128 0.016098 0.024047
22 0.338636 0.460747 0.022533 0.023092
24 0.316228 0.460817 0.016569 0.023179
9 0.380886 0.465426 0.015546 0.032296
22 0.209170 0.461464 0.023613 0.024311
7 0.252383 0.461239 0.016760 0.023404
7 0.187686 0.461546 0.016261 0.023145
18 0.448003 0.496948 0.030112 0.028761
28 0.130183 0.498764 0.030036 0.028901
11 0.163267 0.498816 0.028596 0.025369
4 0.278736 0.501817 0.039477 0.030808
22 0.421681 0.498912 0.023458 0.024862
13 0.191703 0.498996 0.022903 0.024412
34 0.528431 0.499150 0.026863 0.024347
9 0.475970 0.503863 0.017069 0.033233
11 0.365085 0.499635 0.028256 0.024413
28 0.394787 0.499835 0.024412 0.024706
21 0.216224 0.499934 0.026289 0.024752
3 0.316004 0.499818 0.027136 0.024256
9 0.339909 0.505497 0.015396 0.035608
11 0.500416 0.499739 0.026785 0.023977
34 0.613691 0.500349 0.026647 0.025027
28 0.243685 0.499890 0.025609 0.024058
18 0.582224 0.536634 0.029581 0.028092
3 0.226316 0.537302 0.027757 0.025405
4 0.119999 0.541185 0.044601 0.032417
11 0.443436 0.537809 0.027200 0.025638
3 0.258997 0.537559 0.027770 0.024862
25 0.192597 0.537179 0.027884 0.024059
15 0.356308 0.542181 0.024042 0.033944
3 0.473293 0.538142 0.026850 0.025515
0 0.327894 0.537710 0.027341 0.024160
13 0.534973 0.537845 0.022923 0.024352
4 0.665690 0.540642 0.040314 0.029920
2 0.389436 0.543156 0.036426 0.034836
7 0.418839 0.537786 0.017087 0.024065
21 0.165586 0.537994 0.026710 0.024456
5 0.612320 0.542485 0.026359 0.032511
9 0.558494 0.546577 0.016465 0.038453
3 0.333608 0.575007 0.028006 0.025813
34 0.301548 0.574565 0.029172 0.024584
27 0.229178 0.574674 0.028140 0.024019
8 0.181230 0.575360 0.024250 0.025062
34 0.228177 0.574737 0.027629 0.023524
32 0.134591 0.578978 0.035926 0.031614
5 0.270854 0.579445 0.028915 0.032491
9 0.205155 0.580613 0.017459 0.033864
21 0.415078 0.576309 0.028366 0.025154
4 0.663508 0.579024 0.039364 0.030420
11 0.488433 0.576517 0.027301 0.025123
12 0.461108 0.576593 0.022325 0.025267
27 0.516610 0.576578 0.025371 0.024780
17 0.391419 0.577079 0.014336 0.024395
14 0.594232 0.577484 0.038952 0.024862
28 0.628964 0.577341 0.025093 0.024479
18 0.318309 0.613127 0.027838 0.027937
25 0.348984 0.613484 0.028839 0.025204
11 0.569173 0.614703 0.028404 0.025542
29 0.205392 0.614509 0.026694 0.024960
0 0.135732 0.616093 0.033061 0.027832
21 0.291140 0.614684 0.028370 0.024986
3 0.444681 0.614764 0.028296 0.024931
17 0.376068 0.614830 0.016250 0.024352
33 0.406629 0.614988 0.041973 0.024424
28 0.540654 0.615588 0.023656 0.025537
9 0.163115 0.621625 0.017144 0.037567
28 0.597859 0.615175 0.023871 0.024253
22 0.472866 0.615407 0.023947 0.024489
25 0.516758 0.615443 0.027766 0.024547
14 0.631122 0.615763 0.038271 0.024924
13 0.680558 0.615602 0.022118 0.023427
7 0.660867 0.615779 0.015849 0.023603
17 0.494411 0.616037 0.014286 0.023986
17 0.699530 0.615711 0.014346 0.023192
1 0.132326 0.651804 0.031351 0.027528
25 0.186139 0.650712 0.028154 0.024595
10 0.214937 0.650990 0.020980 0.024171
4 0.246084 0.651469 0.033949 0.024455
10 0.307984 0.651216 0.022692 0.023904
29 0.540686 0.652290 0.024933 0.025262
11 0.280041 0.651821 0.026637 0.024265
34 0.382810 0.652255 0.027163 0.024847
1 0.464716 0.652234 0.029340 0.024351
3 0.569568 0.652827 0.027721 0.024928
1 0.354116 0.652523 0.027486 0.024229
24 0.329639 0.652197 0.016167 0.023543
11 0.513349 0.652321 0.027276 0.023655
11 0.599931 0.653015 0.027875 0.024750
27 0.388742 0.652664 0.038141 0.023822
34 0.628530 0.652725 0.026653 0.022737
17 0.489392 0.652991 0.014346 0.023144
33 0.677423 0.653144 0.036357 0.023118
3 0.710365 0.654171 0.027190 0.024412
18 0.457162 0.688094 0.027996 0.027527
3 0.198355 0.689130 0.028474 0.025379
11 0.229635 0.688947 0.027413 0.024687
11 0.279778 0.689129 0.026471 0.024524
32 0.167097 0.691731 0.033354 0.029669
3 0.309694 0.689172 0.026809 0.024226
7 0.254470 0.689052 0.016725 0.023829
4 0.379487 0.691835 0.037472 0.029192
36 0.341303 0.689445 0.029454 0.024331
34 0.503902 0.689730 0.025811 0.024631
3 0.549785 0.690236 0.028070 0.025039
22 0.431775 0.689685 0.023168 0.023820
0 0.582296 0.690797 0.029660 0.025530
10 0.409070 0.689959 0.019410 0.023630
29 0.658486 0.691369 0.023022 0.025752
3 0.632064 0.690818 0.026837 0.024353
28 0.682434 0.690840 0.023084 0.023482
9 0.607841 0.698157 0.015762 0.038018
25 0.187681 0.726184 0.027790 0.024121
4 0.288702 0.729957 0.038442 0.031003
3 0.220180 0.726788 0.027649 0.024359
24 0.163999 0.727397 0.016844 0.025055
36 0.251411 0.727103 0.028757 0.024262
5 0.470595 0.731169 0.026617 0.031627
14 0.649451 0.727848 0.037834 0.024619
10 0.320809 0.727536 0.021142 0.023688
25 0.365408 0.727419 0.028976 0.023300
0 0.576034 0.728179 0.027992 0.024774
28 0.497460 0.727639 0.025190 0.023593
32 0.440389 0.730062 0.029782 0.027654
24 0.341583 0.728020 0.015908 0.022988
24 0.551596 0.728571 0.016242 0.023168
17 0.618791 0.728542 0.015145 0.022635
4 0.283544 0.767761 0.038486 0.031123
14 0.176881 0.765094 0.038380 0.025087
15 0.485500 0.776351 0.024794 0.045515
28 0.249047 0.766115 0.024030 0.024882
8 0.389511 0.766373 0.022829 0.025167
24 0.227258 0.765828 0.015395 0.023681
7 0.207071 0.766373 0.016615 0.024366
24 0.346576 0.766496 0.017344 0.024609
7 0.366939 0.766735 0.018255 0.024802
7 0.412225 0.766434 0.016104 0.024055
13 0.508642 0.766584 0.019447 0.023905
34 0.533632 0.767196 0.025710 0.025046
9 0.462555 0.777649 0.016832 0.045692
15 0.609311 0.776409 0.024454 0.042883
32 0.563642 0.769772 0.030487 0.029428
13 0.634495 0.767456 0.021012 0.024437
22 0.684044 0.767266 0.023160 0.024057
28 0.657306 0.767609 0.023762 0.024673
32 0.436753 0.769522 0.032850 0.028313
9 0.587263 0.778719 0.015792 0.044238