3 0.335867 0.136350 0.026807 0.025921
15 0.496355 0.140602 0.023900 0.034403
37 0.416424 0.136922 0.032034 0.026892
25 0.642673 0.135659 0.027973 0.024179
3 0.553936 0.136592 0.028123 0.026007
11 0.366053 0.136708 0.026220 0.025299
25 0.467811 0.136399 0.028342 0.024635
0 0.522855 0.136854 0.026043 0.025114
7 0.620277 0.136569 0.017087 0.024140
22 0.581138 0.136687 0.020180 0.024375
24 0.601869 0.136653 0.015622 0.023951
22 0.669021 0.137071 0.022334 0.024204
24 0.444106 0.136925 0.016498 0.023731
7 0.389776 0.137087 0.016368 0.023649
9 0.706471 0.149727 0.017654 0.047951
17 0.689760 0.138156 0.014315 0.024139
11 0.829067 0.138625 0.026038 0.024988
10 0.853790 0.138655 0.019867 0.024657
35 0.734839 0.138471 0.034278 0.023967
32 0.783151 0.141151 0.032103 0.029143
32 0.328102 0.176675 0.034420 0.029758
8 0.522332 0.175432 0.023699 0.025274
3 0.743107 0.175928 0.028611 0.026101
34 0.590129 0.175672 0.026274 0.025387
7 0.703765 0.177739 0.017565 0.028962
32 0.684121 0.178458 0.029680 0.030211
17 0.544860 0.175714 0.014387 0.024627
7 0.352636 0.175810 0.014466 0.024693
22 0.565275 0.175589 0.022253 0.024136
11 0.494669 0.176023 0.026897 0.024742
11 0.436182 0.176291 0.027565 0.025188
28 0.466008 0.176169 0.024281 0.024679
12 0.615605 0.176388 0.021821 0.025082
16 0.773509 0.181816 0.026975 0.035837
7 0.410316 0.176634 0.017599 0.025302
22 0.637890 0.176237 0.021484 0.023812
25 0.817620 0.176465 0.028339 0.024152
22 0.843688 0.177088 0.021101 0.024034
9 0.794840 0.185701 0.014227 0.040689
17 0.862855 0.177321 0.015784 0.023118
5 0.470808 0.218569 0.026390 0.031896
34 0.691202 0.215804 0.026517 0.026252
25 0.734298 0.215544 0.030007 0.025433
28 0.356422 0.215266 0.023815 0.024239
8 0.664894 0.216063 0.022088 0.025599
36 0.637210 0.215568 0.029370 0.024238
2 0.581777 0.221748 0.036994 0.036560
28 0.444948 0.215965 0.024365 0.024798
25 0.514765 0.215561 0.026389 0.023926
17 0.399211 0.216091 0.015028 0.024794
32 0.326591 0.219259 0.033845 0.030348
22 0.419777 0.215934 0.020706 0.023507
7 0.611733 0.216449 0.016654 0.024483
35 0.543337 0.216697 0.035582 0.024032
3 0.857024 0.217974 0.027918 0.026438
24 0.832919 0.217876 0.014583 0.024470
26 0.810037 0.218050 0.025826 0.023713
18 0.432916 0.253610 0.030498 0.031246
5 0.326629 0.258869 0.033802 0.032647
34 0.358445 0.255732 0.025989 0.025408
4 0.674583 0.259300 0.039629 0.031896
3 0.815134 0.256828 0.028007 0.026188
8 0.463371 0.256887 0.022952 0.025927
22 0.385747 0.256455 0.021787 0.025000
3 0.637073 0.256705 0.027586 0.025337
34 0.708112 0.257022 0.026766 0.025794
25 0.734680 0.256624 0.028508 0.024947
24 0.407913 0.256271 0.016902 0.024213
32 0.560207 0.259184 0.032918 0.029933
13 0.517208 0.256619 0.023122 0.024729
28 0.589963 0.256870 0.024787 0.025139
9 0.612234 0.264901 0.015794 0.040959
21 0.491132 0.257094 0.026849 0.024694
35 0.766104 0.258143 0.036566 0.025171
32 0.324626 0.298765 0.036330 0.031995
29 0.438604 0.297001 0.026541 0.028217
3 0.357737 0.295937 0.027226 0.025510
3 0.786044 0.296700 0.027833 0.025608
28 0.464614 0.296801 0.025271 0.025786
17 0.415052 0.296313 0.016312 0.024771
11 0.388942 0.296653 0.027496 0.025110
3 0.666464 0.297364 0.028294 0.026306
3 0.560897 0.296662 0.027802 0.024800
22 0.619614 0.297319 0.022708 0.026045
32 0.494182 0.298171 0.029493 0.027646
34 0.517119 0.296414 0.023901 0.024125
25 0.591665 0.296514 0.027998 0.024321
34 0.745799 0.296771 0.029004 0.024219
3 0.716691 0.297508 0.029330 0.024704
17 0.642664 0.297289 0.015657 0.023948
24 0.690720 0.297310 0.016651 0.023948
18 0.638848 0.333890 0.027424 0.029335
18 0.838959 0.335027 0.028673 0.027764
25 0.326683 0.333406 0.031526 0.024504
25 0.449948 0.334782 0.029342 0.026763
3 0.523895 0.335135 0.028770 0.027100
27 0.487253 0.334956 0.040398 0.025718
3 0.402042 0.335574 0.029165 0.026715
22 0.355442 0.334997 0.021762 0.025246
17 0.377276 0.335565 0.014620 0.024608
24 0.427572 0.335455 0.016042 0.023925
26 0.567886 0.336161 0.025399 0.024724
22 0.594645 0.336004 0.023139 0.024210
5 0.665902 0.340333 0.028264 0.032757
34 0.694583 0.336415 0.025647 0.024638
36 0.725434 0.336410 0.031112 0.024257
22 0.812894 0.336382 0.021631 0.023702
7 0.791050 0.336951 0.017328 0.024351
33 0.761991 0.337286 0.035225 0.023152
18 0.607785 0.371556 0.027957 0.026624
4 0.329918 0.374674 0.040986 0.031485
4 0.643656 0.375399 0.037771 0.029919
11 0.535597 0.373305 0.027333 0.025448
27 0.370799 0.373198 0.037951 0.024957
34 0.365265 0.372900 0.026771 0.024280
7 0.510701 0.373293 0.016583 0.024437
22 0.583252 0.373369 0.021893 0.023795
7 0.561578 0.373272 0.016074 0.023366
3 0.410404 0.374171 0.027046 0.024624
22 0.763737 0.373760 0.021615 0.023565
33 0.480234 0.374122 0.037595 0.023944
27 0.867104 0.374640 0.037595 0.024941
11 0.833142 0.374657 0.025944 0.024640
21 0.787145 0.374444 0.023650 0.024031
7 0.809363 0.375169 0.016306 0.025238
18 0.782364 0.410961 0.028300 0.027488
8 0.655741 0.411647 0.024630 0.026050
27 0.613648 0.411547 0.050926 0.025821
22 0.497215 0.411247 0.023092 0.024991
21 0.682668 0.411934 0.027360 0.025562
3 0.379884 0.412140 0.028044 0.025952
13 0.709450 0.411920 0.023443 0.024993
11 0.412130 0.412406 0.028060 0.025229
34 0.348299 0.412346 0.025471 0.024826
7 0.545964 0.412294 0.016231 0.024502
32 0.754996 0.415118 0.034623 0.029858
5 0.317112 0.416339 0.033113 0.032172
7 0.436795 0.412771 0.017761 0.024410
11 0.848681 0.412427 0.026375 0.023622
3 0.876571 0.412835 0.024986 0.024279
13 0.791342 0.448983 0.022154 0.025648
28 0.859701 0.449079 0.024678 0.024794
11 0.631250 0.449396 0.028945 0.025223
11 0.572666 0.449511 0.027185 0.025305
3 0.487835 0.449710 0.027405 0.025191
8 0.741890 0.449616 0.023261 0.024917
28 0.660474 0.449702 0.023757 0.024907
34 0.542763 0.450002 0.025567 0.025282
21 0.766852 0.449720 0.026059 0.024716
17 0.814799 0.452292 0.017344 0.029500
28 0.600636 0.449800 0.024752 0.024508
5 0.515454 0.453349 0.026129 0.031386
34 0.702910 0.449772 0.025839 0.024058
32 0.834661 0.452383 0.026737 0.029274
24 0.681572 0.449903 0.014972 0.024002
8 0.352707 0.450440 0.023137 0.024975
3 0.324455 0.450602 0.027361 0.025085
27 0.386994 0.450412 0.043963 0.024394
14 0.451658 0.450541 0.036627 0.024232
22 0.418978 0.450665 0.021282 0.023061
18 0.685641 0.486180 0.027753 0.028044
15 0.597197 0.490548 0.023380 0.031946
3 0.754742 0.487140 0.028149 0.024663
7 0.730103 0.486796 0.016683 0.023710
25 0.436690 0.487312 0.026497 0.024705
4 0.377222 0.490465 0.037346 0.030546
3 0.341930 0.487705 0.026340 0.024624
34 0.410318 0.487906 0.026380 0.024948
24 0.710815 0.487349 0.015937 0.023610
7 0.862223 0.487772 0.015678 0.024362
8 0.659182 0.487893 0.023271 0.024585
3 0.497240 0.487890 0.026942 0.024276
21 0.571004 0.487905 0.025129 0.024278
20 0.801881 0.487687 0.027965 0.023753
33 0.627406 0.488016 0.037489 0.024385
24 0.548781 0.487664 0.015184 0.023385
33 0.835943 0.487889 0.036885 0.023665
26 0.526263 0.488138 0.024064 0.024119
35 0.464406 0.489104 0.032840 0.023197
3 0.829009 0.526353 0.029258 0.026508
8 0.750273 0.526027 0.024304 0.025492
3 0.780251 0.526696 0.028931 0.025742
14 0.520740 0.526783 0.036860 0.024845
0 0.659999 0.527283 0.028522 0.025516
3 0.556823 0.527485 0.027594 0.025918
11 0.461216 0.526942 0.028023 0.024566
28 0.488141 0.526863 0.023560 0.024138
34 0.431008 0.527279 0.027116 0.024826
5 0.584874 0.530282 0.027769 0.030556
37 0.324080 0.528487 0.033565 0.026935
15 0.375631 0.533048 0.023722 0.036015
34 0.612668 0.527293 0.025755 0.024447
24 0.635519 0.527810 0.015997 0.025060
1 0.403644 0.528081 0.027566 0.024591
9 0.352545 0.537043 0.018599 0.041277
18 0.519589 0.563042 0.027766 0.028845
25 0.773434 0.563574 0.028025 0.024716
18 0.347907 0.566076 0.028884 0.029039
8 0.492774 0.564468 0.022730 0.024887
25 0.825768 0.564332 0.027429 0.024448
25 0.687565 0.564710 0.029890 0.025075
32 0.616007 0.566841 0.029572 0.028867
0 0.549961 0.564613 0.027064 0.024373
17 0.713469 0.564897 0.016105 0.024862
34 0.641246 0.564717 0.026524 0.024268
27 0.863313 0.564683 0.042791 0.024112
17 0.593316 0.565568 0.019050 0.025632
24 0.663946 0.564565 0.016027 0.023302
25 0.442684 0.565283 0.031081 0.024551
7 0.470475 0.565486 0.017569 0.023855
7 0.416427 0.566705 0.017516 0.024026
33 0.385700 0.567400 0.040459 0.024042
32 0.318619 0.571390 0.036067 0.029764
13 0.527067 0.602975 0.022212 0.024828
34 0.576604 0.603393 0.026866 0.024993
5 0.470323 0.607480 0.029699 0.033040
21 0.550009 0.603281 0.025310 0.024592
25 0.645231 0.603491 0.028671 0.024528
4 0.681786 0.607240 0.038927 0.031856
11 0.501738 0.603292 0.027285 0.023938
3 0.616412 0.604320 0.027832 0.025205
13 0.811206 0.604208 0.022711 0.024886
28 0.755337 0.604333 0.023806 0.025132
11 0.783998 0.604251 0.027289 0.024955
34 0.856295 0.604521 0.024487 0.024842
27 0.721373 0.604319 0.040390 0.024407
21 0.831898 0.604986 0.024241 0.025261
28 0.398386 0.604833 0.023535 0.024927
28 0.425861 0.604507 0.024676 0.023876
15 0.335027 0.609988 0.023762 0.034708
2 0.366801 0.610403 0.036780 0.034200
24 0.312881 0.606635 0.016905 0.024421
23 0.659159 0.645696 0.029328 0.036589
34 0.767859 0.640443 0.026106 0.024321
3 0.545165 0.640608 0.027067 0.024534
4 0.483042 0.644633 0.038285 0.032250
24 0.569583 0.640222 0.015920 0.023389
14 0.802647 0.641372 0.039001 0.025451
34 0.515491 0.641035 0.026362 0.024763
3 0.691508 0.641337 0.028695 0.025270
4 0.734509 0.643895 0.038773 0.029796
7 0.588132 0.640965 0.016511 0.023731
28 0.630154 0.641409 0.024501 0.024579
7 0.833061 0.641112 0.017464 0.023813
3 0.445809 0.641992 0.028887 0.025175
5 0.315019 0.646437 0.032353 0.033961
9 0.374885 0.648693 0.017034 0.038058
3 0.348458 0.642018 0.027692 0.024704
22 0.416804 0.641915 0.022694 0.023802
17 0.393702 0.642338 0.015951 0.024228
3 0.549048 0.678423 0.027696 0.025870
13 0.774736 0.677828 0.020385 0.024119
4 0.660304 0.680659 0.037342 0.029414
25 0.520469 0.677706 0.025954 0.023448
28 0.494538 0.678140 0.024454 0.024125
3 0.579469 0.678807 0.028058 0.025402
29 0.844323 0.678449 0.023335 0.024621
3 0.870998 0.678522 0.026420 0.024659
11 0.732970 0.678112 0.025132 0.023317
17 0.755887 0.678796 0.015020 0.024175
17 0.796003 0.677953 0.014988 0.022276
26 0.817867 0.678820 0.024511 0.023995
3 0.625882 0.679126 0.026947 0.024579
1 0.388539 0.679929 0.028193 0.025860
32 0.467941 0.679041 0.024771 0.023850
21 0.467769 0.679319 0.024259 0.024137
25 0.338141 0.679396 0.028756 0.024091
9 0.414769 0.685254 0.016027 0.035690
24 0.314118 0.680436 0.017379 0.025981
3 0.530054 0.715923 0.026118 0.025924
0 0.804744 0.715259 0.029040 0.024390
34 0.457345 0.715625 0.026872 0.024833
3 0.356040 0.716185 0.028973 0.025354
5 0.501009 0.719004 0.026657 0.030966
34 0.868910 0.716044 0.025048 0.024721
20 0.626978 0.715688 0.027789 0.023688
9 0.847789 0.722167 0.015601 0.036596
7 0.829792 0.715760 0.015320 0.023543
28 0.725061 0.716330 0.024228 0.024646
2 0.662402 0.721200 0.036758 0.034237
28 0.598287 0.716010 0.023625 0.023812
24 0.746608 0.715636 0.015607 0.023048
3 0.387041 0.716960 0.028114 0.025613
2 0.565248 0.720336 0.037444 0.032211
25 0.323450 0.716538 0.028882 0.024526
22 0.431795 0.716067 0.023220 0.023559
35 0.773479 0.716396 0.032967 0.023047
18 0.721060 0.751941 0.027152 0.028348
15 0.821862 0.761470 0.023305 0.042636
0 0.612579 0.761504 0.040107 0.040559
11 0.794333 0.753874 0.026958 0.025252
34 0.499459 0.753866 0.025395 0.023948
22 0.472758 0.754334 0.025044 0.024654
8 0.660588 0.754693 0.023505 0.024675
32 0.763296 0.756780 0.034296 0.028794
21 0.563270 0.754763 0.026753 0.024409
27 0.413419 0.754831 0.043280 0.024437
25 0.376865 0.755067 0.026346 0.023432
28 0.350699 0.756231 0.025427 0.024886
11 0.321647 0.756053 0.028562 0.024239