18 0.560466 0.144818 0.029295 0.028670
1 0.337860 0.144779 0.027832 0.024927
4 0.377718 0.147912 0.042010 0.030668
0 0.439455 0.147885 0.028786 0.030283
4 0.708476 0.148353 0.037245 0.030715
18 0.589770 0.146730 0.023582 0.026986
3 0.643895 0.146295 0.029433 0.026001
9 0.538286 0.151972 0.014853 0.037354
28 0.410568 0.146604 0.022650 0.026563
34 0.615060 0.146325 0.028064 0.025633
15 0.826160 0.148901 0.024706 0.030163
3 0.490275 0.146422 0.027890 0.024925
9 0.465487 0.152668 0.016167 0.036621
22 0.800124 0.147157 0.021265 0.025321
11 0.853698 0.147487 0.026555 0.025591
25 0.771932 0.146608 0.029975 0.023781
28 0.879920 0.148161 0.025107 0.025058
14 0.341628 0.185323 0.037107 0.025982
20 0.379211 0.186068 0.030431 0.026264
26 0.423313 0.185730 0.029151 0.025553
29 0.455575 0.186042 0.027508 0.025521
3 0.485702 0.186551 0.028653 0.025827
11 0.596526 0.186609 0.028053 0.025944
14 0.754665 0.186011 0.035812 0.024516
28 0.788502 0.186338 0.023526 0.024541
14 0.660851 0.186575 0.037502 0.024125
28 0.626818 0.186826 0.025067 0.024610
24 0.511369 0.187270 0.017811 0.025143
3 0.565415 0.187062 0.025965 0.024662
28 0.692950 0.187304 0.024122 0.025140
25 0.534133 0.186784 0.026973 0.023549
25 0.844523 0.186981 0.024676 0.023071
3 0.816520 0.187251 0.026356 0.023600
7 0.865681 0.187670 0.016993 0.024221
37 0.448622 0.225665 0.034749 0.026779
11 0.332659 0.225185 0.026365 0.025752
4 0.613330 0.225872 0.031671 0.024267
22 0.481010 0.225938 0.023067 0.024131
24 0.641673 0.226183 0.018064 0.024516
1 0.564024 0.226439 0.026859 0.024908
1 0.666821 0.226754 0.027279 0.025148
24 0.502181 0.226351 0.014857 0.023630
33 0.529351 0.227111 0.035175 0.025079
11 0.766193 0.227195 0.026336 0.024586
9 0.741287 0.232551 0.016635 0.035255
34 0.792938 0.227478 0.024580 0.024532
34 0.863559 0.228046 0.026222 0.025383
22 0.695962 0.227549 0.022456 0.024032
7 0.719994 0.227685 0.017842 0.024035
25 0.379762 0.265456 0.029572 0.024920
11 0.412265 0.265815 0.028208 0.025493
3 0.569850 0.266455 0.027121 0.025664
34 0.837666 0.266788 0.024288 0.025649
28 0.622959 0.266885 0.023124 0.025479
28 0.522763 0.266294 0.024710 0.024207
3 0.653138 0.266341 0.027239 0.024294
4 0.805659 0.269953 0.036714 0.031099
11 0.865000 0.267090 0.025401 0.024643
7 0.720296 0.267561 0.017472 0.024945
7 0.886817 0.267479 0.016561 0.024703
33 0.688835 0.267334 0.037534 0.023828
11 0.744656 0.268050 0.026926 0.024958
3 0.408794 0.304178 0.028240 0.025185
11 0.574688 0.304254 0.027752 0.025288
11 0.439389 0.304673 0.027137 0.025698
7 0.600101 0.304502 0.017160 0.024835
3 0.543903 0.304853 0.027677 0.025474
11 0.670335 0.306255 0.023165 0.028267
10 0.466178 0.304608 0.020837 0.024500
11 0.756898 0.304976 0.026799 0.024938
0 0.335404 0.305105 0.028678 0.024944
3 0.493938 0.305069 0.027470 0.024670
22 0.381561 0.304606 0.022144 0.023633
11 0.494097 0.305059 0.027540 0.024454
7 0.732038 0.305411 0.017744 0.024751
33 0.700876 0.305190 0.040338 0.024244
26 0.624300 0.305918 0.025476 0.025363
17 0.519087 0.305331 0.014916 0.024114
11 0.810190 0.305877 0.026366 0.024622
0 0.856000 0.305921 0.024594 0.023532
17 0.834012 0.306338 0.014162 0.023617
7 0.893688 0.306860 0.016217 0.024002
15 0.862093 0.346913 0.024324 0.030722
25 0.719304 0.343912 0.027838 0.024331
24 0.596732 0.344213 0.015704 0.024710
15 0.692063 0.348295 0.024103 0.032788
36 0.793248 0.343954 0.029220 0.023726
25 0.621366 0.344223 0.027479 0.024042
4 0.657262 0.347683 0.038517 0.030952
11 0.496201 0.345214 0.028670 0.025201
3 0.527329 0.344983 0.027174 0.024642
22 0.746625 0.344312 0.021877 0.023214
4 0.829497 0.347530 0.036652 0.029590
36 0.558967 0.344946 0.029935 0.023879
17 0.768536 0.344689 0.014984 0.022789
25 0.406229 0.345527 0.029757 0.023963
24 0.381880 0.346220 0.016485 0.024334
32 0.331023 0.348759 0.033891 0.029121
17 0.432441 0.346288 0.015254 0.023404
15 0.572838 0.385106 0.025723 0.031258
32 0.610070 0.383970 0.032807 0.028693
15 0.683285 0.388086 0.023539 0.036891
8 0.796189 0.382088 0.023269 0.024536
3 0.710436 0.382525 0.028069 0.025129
1 0.543646 0.382361 0.026686 0.024117
7 0.774818 0.382694 0.016423 0.024256
9 0.660992 0.386730 0.015753 0.031792
3 0.514575 0.383312 0.027460 0.024923
7 0.820411 0.383151 0.018552 0.024197
11 0.484397 0.383265 0.027836 0.024217
4 0.848598 0.385501 0.035401 0.028625
33 0.745678 0.383395 0.037455 0.024107
25 0.407569 0.383313 0.026849 0.023886
17 0.874991 0.383491 0.015303 0.023844
22 0.436448 0.383788 0.021354 0.023599
33 0.336727 0.384559 0.038825 0.024666
9 0.385275 0.389398 0.016118 0.034293
7 0.458494 0.383922 0.017418 0.023163
7 0.365878 0.384654 0.017218 0.024301
3 0.652191 0.419054 0.028244 0.024757
11 0.554906 0.419283 0.027458 0.025152
28 0.582459 0.419034 0.022895 0.023778
11 0.764550 0.419804 0.027171 0.024817
34 0.507022 0.419592 0.025081 0.023974
3 0.795158 0.419891 0.025947 0.024565
24 0.530017 0.419677 0.015326 0.023779
24 0.690233 0.419916 0.017362 0.024071
4 0.474133 0.423137 0.037925 0.030014
0 0.716273 0.419793 0.026697 0.023196
3 0.437496 0.420909 0.027901 0.025267
2 0.401958 0.427329 0.037399 0.036910
24 0.739980 0.420495 0.015269 0.022379
35 0.365186 0.422922 0.033382 0.022965
18 0.490252 0.456263 0.027102 0.027668
4 0.721398 0.458653 0.037404 0.030325
15 0.689832 0.458621 0.021995 0.029105
3 0.597101 0.456691 0.027069 0.023959
27 0.539517 0.457054 0.027938 0.024265
34 0.538709 0.456922 0.024893 0.023671
12 0.668629 0.457459 0.021090 0.024562
28 0.754824 0.457341 0.023627 0.024078
28 0.879818 0.457181 0.021851 0.023617
32 0.779773 0.459494 0.026601 0.028024
9 0.622061 0.462326 0.015511 0.033556
5 0.808093 0.460583 0.024829 0.029196
3 0.437302 0.458610 0.027224 0.024856
22 0.465029 0.458159 0.022296 0.023428
28 0.643890 0.457664 0.023149 0.022136
25 0.336881 0.459383 0.029334 0.025244
22 0.832605 0.457965 0.019853 0.021358
24 0.681625 0.494724 0.014829 0.023786
34 0.633059 0.494975 0.024522 0.023966
13 0.722654 0.494961 0.021936 0.023852
4 0.601716 0.498457 0.035367 0.030723
22 0.660489 0.495110 0.022154 0.023995
9 0.700615 0.496218 0.017312 0.025696
34 0.816642 0.495036 0.023841 0.023218
34 0.860303 0.495888 0.026160 0.024038
24 0.795092 0.495554 0.014646 0.023089
24 0.839079 0.495812 0.015185 0.023559
11 0.540497 0.496284 0.026485 0.024494
32 0.744419 0.498061 0.032195 0.028019
28 0.773230 0.496224 0.023745 0.024317
28 0.568549 0.496242 0.023557 0.024073
7 0.515386 0.497200 0.016931 0.024797
33 0.485052 0.497533 0.038785 0.024249
32 0.424574 0.500052 0.029308 0.028830
3 0.394536 0.498287 0.027649 0.024824
17 0.353417 0.498739 0.014395 0.023492
20 0.703268 0.532727 0.028239 0.024594
3 0.672155 0.533064 0.026221 0.023812
15 0.793429 0.537380 0.023331 0.031414
8 0.604762 0.533732 0.020560 0.023804
28 0.855560 0.533797 0.025030 0.023499
17 0.626730 0.533887 0.015070 0.023586
21 0.765644 0.534186 0.025759 0.024017
22 0.646383 0.533475 0.019758 0.022569
24 0.740335 0.534427 0.017616 0.024174
36 0.577294 0.534401 0.026458 0.023655
33 0.823008 0.534351 0.037455 0.023460
3 0.520337 0.534991 0.027568 0.024586
21 0.548585 0.535382 0.024160 0.024126
4 0.462061 0.538828 0.036732 0.030279
5 0.409609 0.540508 0.026850 0.031507
25 0.335907 0.537340 0.028357 0.023359
28 0.382199 0.537901 0.022185 0.023250
18 0.546377 0.570224 0.027544 0.029269
3 0.700320 0.570160 0.026611 0.025508
22 0.672259 0.570220 0.020628 0.024574
10 0.756450 0.570429 0.020451 0.024488
11 0.730083 0.570397 0.026068 0.024416
0 0.627358 0.570458 0.025931 0.024242
11 0.784235 0.571059 0.027696 0.025035
11 0.578008 0.571063 0.027324 0.024873
17 0.651549 0.571316 0.015623 0.025301
8 0.519403 0.571179 0.021686 0.023658
3 0.833218 0.571548 0.026603 0.024285
11 0.862618 0.572277 0.025231 0.025656
7 0.602832 0.571014 0.016239 0.022609
17 0.809272 0.571810 0.014754 0.024170
7 0.496701 0.572348 0.016710 0.024203
25 0.471017 0.572115 0.027929 0.023683
7 0.885829 0.573210 0.016571 0.024947
34 0.444421 0.573022 0.024521 0.023637
4 0.411820 0.577114 0.037308 0.031442
3 0.375772 0.575096 0.027490 0.024159
2 0.339446 0.581022 0.036796 0.035859
25 0.783977 0.606558 0.028063 0.024135
3 0.814161 0.606982 0.026383 0.024643
25 0.723955 0.606952 0.027647 0.023831
3 0.755131 0.607394 0.025727 0.024547
28 0.676936 0.608143 0.025142 0.026041
29 0.651378 0.607534 0.024289 0.024503
24 0.700351 0.608081 0.015789 0.024902
0 0.575275 0.609100 0.027972 0.026269
3 0.624133 0.608380 0.027307 0.023947
9 0.599515 0.615933 0.016968 0.038771
24 0.836965 0.608588 0.016243 0.022989
11 0.512221 0.609331 0.026152 0.024084
17 0.541681 0.609223 0.025041 0.023448
35 0.861897 0.609894 0.032505 0.023009
22 0.486393 0.610281 0.019952 0.023706
11 0.460112 0.610748 0.026119 0.024426
10 0.486564 0.610294 0.019289 0.023333
7 0.435488 0.611693 0.017064 0.023805
15 0.378186 0.617324 0.023328 0.033604
33 0.407778 0.612749 0.037272 0.023835
24 0.355967 0.613125 0.015959 0.023207
11 0.785894 0.643399 0.026612 0.025223
8 0.756249 0.643459 0.023550 0.025168
11 0.728467 0.643691 0.027143 0.025049
4 0.838722 0.646869 0.036169 0.031020
3 0.696983 0.644450 0.028285 0.025199
17 0.810816 0.643905 0.015473 0.023028
34 0.651937 0.644958 0.025503 0.025010
25 0.538939 0.645322 0.026908 0.024449
11 0.624941 0.645783 0.025731 0.025316
28 0.565813 0.646132 0.023418 0.024951
3 0.594494 0.646071 0.025671 0.024366
3 0.509763 0.646261 0.027346 0.024468
17 0.485942 0.647151 0.014715 0.024404
22 0.464883 0.647034 0.022335 0.023800
25 0.434386 0.647319 0.028942 0.024021
34 0.404983 0.648937 0.024453 0.023609
5 0.376749 0.653926 0.029763 0.033016
25 0.349147 0.649498 0.025715 0.023767
24 0.326243 0.650177 0.017098 0.024179
4 0.703259 0.683512 0.037825 0.031018
3 0.619535 0.681167 0.028277 0.025120
34 0.736641 0.681217 0.026502 0.025125
11 0.650059 0.680988 0.026619 0.024182
34 0.789020 0.681528 0.026037 0.024401
8 0.763886 0.681665 0.021669 0.024361
25 0.568762 0.682095 0.027932 0.024590
25 0.825193 0.681814 0.038379 0.023853
17 0.674213 0.681680 0.014516 0.023407
17 0.593771 0.682150 0.014875 0.024155
3 0.860361 0.682423 0.025960 0.023720
24 0.544133 0.682814 0.016500 0.023347
32 0.503639 0.685713 0.030527 0.028962
36 0.472781 0.684460 0.027603 0.024751
20 0.472788 0.684525 0.027765 0.024644
3 0.441960 0.685140 0.027446 0.025155
25 0.382044 0.685084 0.028766 0.024929
22 0.411739 0.685361 0.022260 0.024522
16 0.334925 0.694306 0.028040 0.041341
9 0.358434 0.693652 0.017843 0.037594
32 0.730703 0.722029 0.032287 0.029143
4 0.674597 0.723536 0.034062 0.030182
10 0.843493 0.721236 0.021416 0.025001
7 0.646021 0.720745 0.016340 0.024013
25 0.816655 0.720551 0.026743 0.023610
3 0.568002 0.721213 0.026055 0.024629
17 0.775568 0.721148 0.014300 0.023373
0 0.519109 0.721831 0.027664 0.024302
24 0.794308 0.721683 0.015606 0.023695
3 0.470851 0.722561 0.027179 0.025391
0 0.438793 0.722513 0.029158 0.025294
24 0.544155 0.722407 0.015825 0.024334
15 0.408960 0.724433 0.024101 0.028006
24 0.494746 0.722288 0.016000 0.023518
34 0.304266 0.723986 0.023507 0.026263
25 0.378888 0.723305 0.028183 0.023643
24 0.355315 0.724049 0.016193 0.023660
28 0.332612 0.725324 0.024741 0.025068
25 0.757211 0.757638 0.027312 0.023780
28 0.656286 0.759321 0.024326 0.025748
22 0.681998 0.758677 0.021382 0.023682
36 0.727976 0.758717 0.026483 0.023668
36 0.834193 0.758977 0.028213 0.024155
17 0.704182 0.758951 0.014524 0.023265
32 0.551423 0.762317 0.033699 0.029860
9 0.595782 0.768917 0.015018 0.042970
7 0.576325 0.759973 0.016546 0.024339
33 0.623542 0.760347 0.036783 0.023189
0 0.447676 0.761845 0.028360 0.024830
32 0.496883 0.764281 0.030087 0.029341
30 0.298129 0.769756 0.045041 0.040206
32 0.388374 0.765141 0.034673 0.029609
1 0.336908 0.763112 0.027655 0.025243