13 0.442421 0.136420 0.021736 0.024650
30 0.577003 0.136715 0.027569 0.025223
14 0.390199 0.136615 0.038068 0.024952
3 0.576948 0.136949 0.026787 0.025410
11 0.327890 0.137107 0.027639 0.025566
28 0.356900 0.136901 0.024437 0.024551
8 0.668127 0.137397 0.024922 0.025460
7 0.420778 0.137148 0.018160 0.024646
5 0.520680 0.140541 0.025522 0.031288
20 0.638428 0.137413 0.028943 0.024432
27 0.700789 0.137941 0.041009 0.025091
21 0.607705 0.137817 0.026685 0.024816
12 0.498721 0.137842 0.015709 0.024400
24 0.498780 0.137871 0.015892 0.024257
28 0.298899 0.138270 0.023809 0.024855
10 0.255413 0.138126 0.020639 0.024515
25 0.229586 0.139104 0.025680 0.025699
32 0.203817 0.141221 0.033133 0.029075
13 0.180231 0.139326 0.020390 0.024418
21 0.154824 0.140442 0.025671 0.024444
29 0.398210 0.176281 0.024295 0.025720
3 0.498816 0.176087 0.026589 0.025146
25 0.577032 0.175891 0.028241 0.024412
28 0.422155 0.176226 0.023916 0.024996
25 0.466635 0.175495 0.028300 0.023252
24 0.443273 0.175955 0.014488 0.023757
3 0.293037 0.177088 0.027208 0.025923
36 0.528660 0.176339 0.027589 0.023924
28 0.697382 0.176586 0.024019 0.023882
24 0.553416 0.177495 0.017136 0.025531
13 0.605083 0.176746 0.022089 0.023970
3 0.370978 0.176981 0.026349 0.024396
32 0.647826 0.179492 0.028979 0.028524
5 0.673889 0.180303 0.024243 0.029428
17 0.625425 0.178044 0.013309 0.024781
28 0.263299 0.177822 0.023702 0.024204
0 0.322850 0.177870 0.027130 0.024182
15 0.235087 0.182451 0.027580 0.033249
28 0.178365 0.178412 0.025137 0.024097
26 0.206633 0.178954 0.024467 0.023843
18 0.573817 0.214135 0.029069 0.027492
3 0.647561 0.215061 0.028150 0.025151
28 0.463355 0.216557 0.026428 0.027510
4 0.611415 0.217862 0.039343 0.030089
22 0.674205 0.214858 0.021557 0.023617
24 0.486361 0.215409 0.016357 0.023842
13 0.413257 0.216131 0.022118 0.024924
22 0.527559 0.215519 0.023012 0.023208
24 0.549789 0.215813 0.016519 0.023474
17 0.505893 0.216084 0.015018 0.023900
32 0.438183 0.218497 0.030837 0.028094
22 0.350545 0.216607 0.021709 0.023961
32 0.251276 0.219634 0.032614 0.029896
7 0.391957 0.216658 0.016133 0.023716
24 0.371851 0.216783 0.015905 0.023415
10 0.326180 0.217146 0.020516 0.024037
25 0.299103 0.216915 0.027543 0.022986
7 0.275691 0.218036 0.015482 0.025054
8 0.202672 0.218131 0.022591 0.024801
32 0.150086 0.221226 0.033717 0.029734
28 0.178210 0.218442 0.024468 0.023878
18 0.293593 0.256114 0.028229 0.028709
18 0.190566 0.256889 0.027515 0.029736
28 0.686509 0.255738 0.025383 0.025644
8 0.559166 0.256440 0.024587 0.026004
32 0.659969 0.258525 0.031964 0.029118
4 0.258879 0.259819 0.038379 0.031440
28 0.522456 0.256685 0.024767 0.025077
13 0.613657 0.256562 0.022177 0.024708
32 0.467215 0.259370 0.030981 0.029328
4 0.365961 0.260502 0.037282 0.031476
21 0.587474 0.257219 0.026067 0.024318
3 0.222208 0.258212 0.027420 0.026035
34 0.399775 0.257392 0.026665 0.024180
24 0.424307 0.257940 0.016754 0.024808
36 0.325939 0.258278 0.029660 0.023775
9 0.167711 0.266523 0.015037 0.038462
17 0.149899 0.260509 0.016047 0.024750
3 0.498605 0.296378 0.027679 0.025467
25 0.445392 0.296607 0.029848 0.025185
28 0.470275 0.297469 0.024893 0.025986
4 0.364732 0.300643 0.040791 0.031699
4 0.213398 0.300305 0.037478 0.030614
27 0.245408 0.297879 0.025734 0.025184
34 0.245374 0.297634 0.026273 0.024599
28 0.294412 0.297963 0.025441 0.025086
13 0.270832 0.297511 0.020553 0.024083
3 0.175498 0.298701 0.029082 0.024510
18 0.652329 0.333829 0.029023 0.029985
25 0.555051 0.335135 0.028535 0.024941
3 0.710469 0.336221 0.027722 0.026790
25 0.681413 0.335278 0.026561 0.024403
11 0.509141 0.335611 0.027206 0.024912
0 0.621983 0.336074 0.029109 0.025313
3 0.327310 0.336492 0.027560 0.026034
7 0.456952 0.336109 0.018299 0.025093
11 0.276986 0.336610 0.026884 0.025942
22 0.434004 0.336044 0.020621 0.024737
0 0.359081 0.336458 0.029260 0.025279
28 0.407847 0.336322 0.024458 0.024765
32 0.480498 0.337663 0.028854 0.027261
25 0.193751 0.336421 0.028549 0.024705
3 0.245610 0.336847 0.027686 0.024775
17 0.302226 0.336916 0.015479 0.024586
35 0.586719 0.336766 0.034410 0.024111
9 0.385918 0.341891 0.016354 0.033746
17 0.218827 0.337339 0.015457 0.023983
24 0.169876 0.337504 0.016546 0.023623
25 0.324535 0.373764 0.028697 0.025353
8 0.449582 0.373638 0.023532 0.024988
8 0.495002 0.373587 0.022312 0.024841
25 0.400815 0.373255 0.028688 0.024125
13 0.547695 0.373578 0.023597 0.024720
3 0.355876 0.374292 0.028796 0.026000
13 0.241067 0.374118 0.022781 0.025181
7 0.426531 0.373868 0.017577 0.023984
3 0.295182 0.374806 0.028010 0.025353
7 0.472980 0.374342 0.016122 0.024400
3 0.157024 0.374780 0.028126 0.025203
22 0.266660 0.374418 0.021795 0.024332
8 0.185421 0.374645 0.023247 0.024778
21 0.521051 0.374247 0.025488 0.023758
21 0.213375 0.374863 0.025812 0.024681
3 0.671183 0.375202 0.027048 0.025256
28 0.623772 0.375451 0.023943 0.025366
32 0.595584 0.376713 0.031566 0.027743
18 0.329629 0.410967 0.028762 0.028969
1 0.362769 0.412442 0.028784 0.025422
11 0.447230 0.412456 0.026957 0.024891
3 0.543283 0.412486 0.027130 0.024917
25 0.512639 0.412011 0.028746 0.023946
11 0.641342 0.413146 0.028017 0.025011
35 0.481501 0.412626 0.033688 0.023890
8 0.303209 0.413007 0.022268 0.024267
28 0.418791 0.412739 0.023420 0.023605
25 0.257423 0.413042 0.029488 0.024091
28 0.670234 0.412941 0.024816 0.023811
3 0.210324 0.413439 0.028426 0.024685
21 0.392718 0.412877 0.024814 0.023233
24 0.566818 0.413463 0.015392 0.023780
17 0.282643 0.413570 0.016025 0.023175
35 0.592213 0.414164 0.032969 0.023512
18 0.509916 0.448250 0.025663 0.027912
18 0.433517 0.448685 0.026456 0.027006
4 0.400020 0.452108 0.036526 0.029457
25 0.643367 0.449911 0.028252 0.024113
25 0.481378 0.449582 0.027010 0.023064
24 0.459538 0.449977 0.015731 0.023839
10 0.369445 0.449924 0.020778 0.023632
29 0.614690 0.450559 0.024742 0.024780
4 0.338616 0.453175 0.037843 0.029804
32 0.591134 0.452560 0.028722 0.028494
22 0.537105 0.450467 0.021463 0.023952
1 0.283834 0.450499 0.028328 0.023996
22 0.199497 0.451235 0.021583 0.022500
35 0.249054 0.451558 0.034306 0.022737
24 0.221663 0.451487 0.015603 0.022296
25 0.351779 0.487017 0.029283 0.024683
8 0.420934 0.487385 0.022034 0.024257
34 0.570673 0.487621 0.025808 0.024481
34 0.381104 0.487261 0.025585 0.023540
25 0.191558 0.487603 0.027637 0.023998
27 0.381823 0.487532 0.026351 0.023531
8 0.545240 0.488008 0.021972 0.024416
3 0.648461 0.488236 0.028128 0.024825
34 0.696091 0.487945 0.025319 0.023986
11 0.600409 0.488205 0.027232 0.024397
36 0.267624 0.488099 0.028340 0.024072
17 0.442964 0.488365 0.014062 0.024126
22 0.219903 0.487953 0.021866 0.023289
36 0.467487 0.488107 0.028764 0.023494
24 0.493956 0.488141 0.015027 0.023439
13 0.295128 0.488124 0.020855 0.023230
12 0.673820 0.488870 0.019388 0.024719
3 0.518224 0.488499 0.026076 0.023828
17 0.241840 0.488054 0.016009 0.022816
17 0.316628 0.488506 0.015393 0.023426
3 0.306364 0.527084 0.026852 0.026234
3 0.350456 0.527160 0.028248 0.025558
34 0.261222 0.526811 0.025472 0.024585
4 0.482741 0.529852 0.037002 0.030424
11 0.233809 0.527123 0.026812 0.024658
11 0.382037 0.527686 0.028586 0.024753
13 0.154303 0.526936 0.020485 0.023232
4 0.637122 0.531128 0.038673 0.031565
34 0.513468 0.527229 0.024742 0.023711
21 0.177732 0.527878 0.025917 0.024790
28 0.205517 0.527457 0.024286 0.023683
34 0.669833 0.527867 0.026659 0.024195
11 0.601930 0.528480 0.025779 0.025413
32 0.431886 0.530087 0.032673 0.028290
7 0.407907 0.528522 0.017161 0.024715
27 0.670115 0.528141 0.025579 0.023543
21 0.573528 0.528841 0.025682 0.024894
24 0.551823 0.528335 0.015981 0.023675
17 0.454842 0.529433 0.013345 0.025075
3 0.160017 0.564117 0.029198 0.025806
11 0.208196 0.565340 0.027302 0.025459
4 0.377435 0.567893 0.038421 0.030518
34 0.410796 0.564811 0.025286 0.023583
3 0.283507 0.566025 0.027753 0.025717
0 0.532757 0.565358 0.027996 0.024236
3 0.341218 0.565817 0.027319 0.024721
11 0.484377 0.565671 0.026272 0.024229
3 0.455223 0.565576 0.026320 0.023829
25 0.599862 0.565560 0.026698 0.023458
22 0.255463 0.565301 0.021856 0.022832
34 0.628634 0.566100 0.025453 0.024381
7 0.508715 0.565631 0.014972 0.023229
32 0.312503 0.568636 0.030921 0.029004
24 0.577568 0.565972 0.015485 0.022812
17 0.558544 0.566508 0.015712 0.023574
11 0.710015 0.568055 0.027725 0.024876
33 0.678141 0.567974 0.032394 0.023302
25 0.539155 0.603540 0.030103 0.024496
28 0.568101 0.604212 0.023713 0.025231
4 0.163458 0.607635 0.038513 0.032074
34 0.197900 0.603940 0.026326 0.024315
1 0.596312 0.604503 0.027053 0.024846
3 0.497028 0.604556 0.027059 0.024566
17 0.619680 0.604571 0.014452 0.024502
27 0.452580 0.604746 0.027998 0.024507
0 0.290538 0.605428 0.028774 0.025793
3 0.244636 0.604664 0.027427 0.023665
34 0.451508 0.604828 0.025531 0.023908
33 0.650527 0.605080 0.040999 0.024192
24 0.429900 0.605174 0.015297 0.024059
3 0.339052 0.605530 0.027445 0.024594
11 0.387835 0.605406 0.027701 0.024248
7 0.411741 0.605328 0.014627 0.023660
24 0.363351 0.605505 0.015364 0.023696
7 0.680788 0.605853 0.017103 0.024251
3 0.162695 0.640805 0.027932 0.024971
36 0.194367 0.640899 0.028700 0.023448
3 0.256129 0.641685 0.027565 0.024064
25 0.476881 0.641592 0.024893 0.022883
11 0.287362 0.642665 0.027416 0.024749
32 0.225787 0.643665 0.031305 0.026667
3 0.662667 0.642458 0.026518 0.023932
34 0.620471 0.642359 0.024268 0.023678
22 0.502465 0.642168 0.020599 0.022822
29 0.333102 0.642558 0.023308 0.023170
28 0.357251 0.642956 0.023991 0.023328
3 0.545978 0.642992 0.026500 0.023382
24 0.570273 0.643183 0.015682 0.023676
32 0.384949 0.644586 0.028004 0.026409
17 0.522467 0.642676 0.014096 0.022188
25 0.239306 0.677369 0.027163 0.023373
34 0.211786 0.678100 0.025453 0.023353
25 0.502191 0.678721 0.026278 0.023570
37 0.618477 0.680608 0.033120 0.027080
25 0.389977 0.679003 0.026093 0.023509
3 0.461371 0.679625 0.026643 0.024750
34 0.530199 0.679095 0.024984 0.023455
27 0.418759 0.679186 0.026439 0.023286
3 0.344608 0.679491 0.025997 0.023777
8 0.571351 0.679729 0.022057 0.023968
34 0.417928 0.679459 0.024653 0.023225
22 0.267346 0.678976 0.021129 0.022255
24 0.367791 0.679779 0.014403 0.022623
7 0.675117 0.680633 0.016136 0.023390
11 0.651442 0.681009 0.026367 0.024089
17 0.591802 0.680735 0.014845 0.023183
17 0.322493 0.680021 0.013072 0.021681
8 0.157432 0.714112 0.023599 0.024306
34 0.182848 0.714833 0.024490 0.024314
25 0.224129 0.714939 0.025517 0.023658
10 0.248507 0.715193 0.020214 0.023539
11 0.535356 0.716810 0.026615 0.024990
34 0.563530 0.716670 0.025808 0.024625
36 0.504026 0.716424 0.028214 0.023804
34 0.408281 0.716527 0.024021 0.023961
10 0.476935 0.716737 0.021836 0.024154
25 0.450062 0.716683 0.026725 0.023975
8 0.384421 0.716887 0.023469 0.024361
3 0.658431 0.717365 0.027300 0.024654
0 0.608400 0.717672 0.027527 0.025027
17 0.634180 0.717832 0.016294 0.024721
34 0.358034 0.717321 0.025702 0.023594
22 0.333643 0.717277 0.022549 0.023144
22 0.684769 0.717336 0.021399 0.023139
12 0.315057 0.720005 0.013213 0.027323
0 0.251316 0.752492 0.028533 0.025152
32 0.157621 0.755043 0.036790 0.029711
3 0.220799 0.752504 0.028329 0.024505
7 0.184130 0.753043 0.017048 0.024268
28 0.279636 0.753550 0.023777 0.024567
34 0.455824 0.754947 0.024202 0.024804
22 0.432774 0.754923 0.020646 0.023634
2 0.377925 0.755657 0.035063 0.024979
1 0.504076 0.756030 0.028168 0.024933
28 0.409175 0.755410 0.023082 0.023422
0 0.599696 0.756056 0.027051 0.024618
3 0.570424 0.756384 0.027119 0.025110
27 0.687782 0.756482 0.040965 0.025094
32 0.344771 0.758274 0.032067 0.028518
1 0.654658 0.756538 0.027151 0.024820
9 0.529024 0.763555 0.015565 0.038827
28 0.627450 0.756408 0.023183 0.024133
24 0.546289 0.756561 0.015632 0.024278