18 0.593223 0.123510 0.029084 0.031359
18 0.498485 0.124417 0.029276 0.030512
29 0.529804 0.126350 0.025654 0.027326
18 0.188715 0.128051 0.027559 0.029711
3 0.625632 0.126403 0.027951 0.025701
0 0.672591 0.126293 0.025187 0.024396
24 0.650272 0.126628 0.015750 0.023995
22 0.473223 0.127099 0.022397 0.024811
3 0.445200 0.127712 0.025983 0.025939
11 0.415610 0.128091 0.026419 0.025997
3 0.290345 0.128992 0.027851 0.026482
25 0.218429 0.129073 0.028590 0.025838
28 0.245692 0.129237 0.025020 0.025294
33 0.325481 0.129847 0.038500 0.024079
21 0.161323 0.130866 0.026012 0.025557
25 0.622740 0.166109 0.027221 0.023980
4 0.558461 0.169527 0.037306 0.029703
22 0.650322 0.166872 0.023129 0.024344
3 0.594300 0.167380 0.027693 0.025186
18 0.402464 0.168435 0.027867 0.027023
17 0.672298 0.167156 0.015042 0.024089
25 0.523459 0.167347 0.028760 0.024159
3 0.475976 0.168345 0.026364 0.024820
24 0.500105 0.168145 0.015637 0.023925
8 0.202392 0.169897 0.024630 0.025499
32 0.153582 0.172269 0.034364 0.030036
3 0.232904 0.169927 0.027639 0.025280
17 0.179530 0.170951 0.014936 0.025609
24 0.378986 0.170410 0.016713 0.024028
22 0.356380 0.170868 0.022766 0.023557
24 0.316239 0.171401 0.016440 0.023298
37 0.608970 0.206918 0.032240 0.031026
18 0.576661 0.206906 0.028413 0.029530
18 0.664763 0.207709 0.028098 0.029648
8 0.549772 0.208824 0.023493 0.026372
25 0.501363 0.209575 0.028603 0.027030
3 0.161117 0.209559 0.026234 0.026169
3 0.471367 0.210074 0.027984 0.026368
17 0.527634 0.210809 0.016009 0.027521
4 0.195760 0.212276 0.036195 0.029948
14 0.435411 0.210145 0.036656 0.025427
3 0.375095 0.210425 0.026686 0.025956
15 0.276521 0.212275 0.021832 0.029001
22 0.639592 0.210174 0.023065 0.024542
3 0.230968 0.210750 0.027602 0.025354
22 0.402707 0.210495 0.022537 0.024519
13 0.300794 0.210763 0.022634 0.024507
32 0.344460 0.213345 0.031802 0.029465
17 0.255512 0.211471 0.014727 0.022873
8 0.662392 0.249563 0.022891 0.025715
1 0.558605 0.249772 0.028589 0.024937
21 0.605884 0.250211 0.026570 0.025270
29 0.476413 0.251007 0.027360 0.026475
22 0.530152 0.250163 0.023037 0.024727
20 0.634439 0.250439 0.027005 0.024856
3 0.446207 0.251177 0.028375 0.026062
21 0.503398 0.250793 0.026457 0.025232
13 0.417867 0.250739 0.022049 0.024972
0 0.235428 0.251587 0.029900 0.025936
4 0.290635 0.253923 0.036933 0.030588
3 0.391563 0.251408 0.027303 0.025391
1 0.160887 0.251645 0.028224 0.025169
17 0.260543 0.252258 0.016457 0.025264
35 0.327229 0.252397 0.031917 0.023188
18 0.388431 0.288718 0.027218 0.027775
4 0.244328 0.291552 0.037732 0.029806
3 0.208541 0.289493 0.028118 0.025154
3 0.558864 0.289377 0.027160 0.024539
13 0.511919 0.289400 0.022261 0.023975
11 0.589262 0.289806 0.027993 0.024771
11 0.297611 0.290246 0.028131 0.025325
13 0.343170 0.290607 0.023732 0.025845
29 0.159323 0.290259 0.025211 0.024776
17 0.534054 0.290148 0.015087 0.024492
11 0.457223 0.290432 0.026535 0.024962
14 0.422553 0.290370 0.035403 0.024412
28 0.486461 0.290638 0.023763 0.024812
7 0.273161 0.290194 0.015333 0.023876
7 0.322022 0.290643 0.015638 0.023996
32 0.635126 0.292106 0.030611 0.026690
13 0.559983 0.326984 0.024095 0.023981
11 0.255728 0.327858 0.027437 0.024803
36 0.530670 0.327688 0.028612 0.024395
3 0.224496 0.327748 0.027174 0.024220
25 0.455156 0.328076 0.028654 0.024498
17 0.583179 0.327652 0.018150 0.023403
8 0.402241 0.328610 0.022831 0.025229
25 0.309998 0.327944 0.022269 0.023728
25 0.173688 0.327805 0.028033 0.022914
17 0.199316 0.328476 0.014990 0.023719
22 0.483493 0.328480 0.022052 0.023656
28 0.284813 0.328583 0.024307 0.023706
17 0.504966 0.328935 0.015808 0.024368
24 0.151419 0.328521 0.015174 0.023374
17 0.331910 0.329077 0.015774 0.024315
28 0.374886 0.329559 0.024714 0.024606
28 0.428217 0.329237 0.023489 0.023783
20 0.244968 0.366263 0.027941 0.024785
25 0.276173 0.366136 0.029179 0.024416
8 0.544977 0.366594 0.022925 0.025015
25 0.620041 0.366357 0.027790 0.024419
3 0.307748 0.367105 0.026698 0.025660
21 0.215444 0.367269 0.026680 0.025483
20 0.517515 0.366905 0.027581 0.024251
28 0.592019 0.367139 0.025393 0.024548
10 0.646496 0.367364 0.021508 0.024978
3 0.393729 0.367657 0.027712 0.025441
12 0.420791 0.367274 0.021446 0.024559
28 0.444599 0.367403 0.024021 0.024384
22 0.470043 0.367224 0.021596 0.023923
24 0.492046 0.367228 0.016701 0.023234
20 0.672436 0.368218 0.025821 0.024109
35 0.358838 0.369112 0.035312 0.024410
30 0.159147 0.403497 0.027421 0.025263
3 0.158990 0.404098 0.026247 0.024788
22 0.236129 0.404669 0.022703 0.025478
28 0.209642 0.404862 0.024313 0.025276
12 0.184682 0.404583 0.021113 0.024329
11 0.462908 0.405054 0.027497 0.025269
34 0.598734 0.405578 0.025774 0.026138
34 0.492717 0.404820 0.028120 0.024386
36 0.427767 0.405277 0.033593 0.024844
25 0.370520 0.405373 0.028034 0.024565
12 0.574532 0.405716 0.021026 0.025101
1 0.319665 0.406003 0.028622 0.025592
28 0.669947 0.405436 0.024533 0.024293
24 0.257950 0.405270 0.014954 0.023898
32 0.626374 0.408800 0.033064 0.030312
9 0.346652 0.413179 0.018737 0.038962
10 0.397999 0.405741 0.020434 0.023871
26 0.550099 0.405834 0.023953 0.023906
35 0.284509 0.406195 0.034686 0.023276
37 0.516140 0.442469 0.031962 0.027167
15 0.578909 0.446064 0.024748 0.033652
3 0.183912 0.442938 0.027325 0.025490
22 0.155459 0.442644 0.021758 0.024595
0 0.550424 0.443015 0.028794 0.025210
2 0.611003 0.448582 0.036419 0.036207
11 0.664620 0.443034 0.026692 0.025041
11 0.694380 0.443396 0.027049 0.025473
12 0.461134 0.444201 0.022354 0.026905
3 0.215030 0.443384 0.026703 0.024540
3 0.433047 0.443933 0.027462 0.025261
3 0.402411 0.444194 0.027133 0.025704
28 0.485509 0.443544 0.024359 0.024396
0 0.322630 0.444150 0.028825 0.025533
7 0.639933 0.443320 0.016101 0.023811
3 0.245323 0.443655 0.026110 0.024177
11 0.371647 0.444667 0.027097 0.025294
24 0.297395 0.444404 0.015903 0.024297
24 0.347382 0.444648 0.016693 0.024326
26 0.274196 0.444526 0.024435 0.023118
25 0.588732 0.481777 0.031427 0.027499
18 0.234102 0.482803 0.027176 0.029499
11 0.521876 0.482414 0.030419 0.026794
13 0.657587 0.482266 0.025153 0.025947
3 0.555533 0.482877 0.029257 0.026952
0 0.387694 0.483218 0.030835 0.027404
21 0.471164 0.483237 0.027022 0.026512
17 0.496032 0.483077 0.015686 0.025380
33 0.688852 0.483460 0.039207 0.025821
1 0.440929 0.484025 0.028419 0.026369
17 0.415353 0.483789 0.015665 0.025778
36 0.158531 0.483712 0.028472 0.025596
9 0.210312 0.489336 0.017963 0.036701
13 0.188144 0.483558 0.023460 0.025037
34 0.334893 0.483848 0.027268 0.024691
5 0.263599 0.487886 0.028119 0.032103
22 0.310482 0.484581 0.022693 0.023977
17 0.287703 0.485187 0.015904 0.025162
4 0.536861 0.525589 0.038209 0.031459
34 0.180805 0.522611 0.026195 0.025246
12 0.206551 0.522795 0.022786 0.024733
28 0.502451 0.522659 0.024756 0.024085
3 0.381289 0.523022 0.026549 0.024805
13 0.229341 0.522807 0.021027 0.024233
22 0.155800 0.523427 0.022770 0.024887
34 0.570479 0.523128 0.026914 0.024200
7 0.447647 0.523630 0.017197 0.024171
33 0.417170 0.523376 0.038562 0.023585
32 0.631297 0.525891 0.030660 0.028368
28 0.352445 0.523885 0.024698 0.024300
32 0.325482 0.525224 0.029777 0.026656
36 0.600488 0.524486 0.029090 0.024648
18 0.186365 0.557476 0.027936 0.029014
18 0.575722 0.558331 0.029043 0.026962
4 0.223234 0.561783 0.038609 0.031149
11 0.158024 0.559101 0.026151 0.024658
34 0.380077 0.559313 0.025520 0.025037
25 0.350037 0.559291 0.028443 0.024915
4 0.611467 0.562041 0.035508 0.029978
32 0.487106 0.561533 0.031628 0.028507
3 0.260008 0.559578 0.027388 0.024438
3 0.423882 0.559426 0.025444 0.023987
36 0.455065 0.559434 0.029444 0.023646
11 0.546066 0.559577 0.028015 0.023915
24 0.326833 0.559977 0.015862 0.023489
10 0.640935 0.560770 0.019846 0.023785
7 0.678181 0.561069 0.017743 0.024267
17 0.283937 0.560357 0.015412 0.022335
7 0.659751 0.560846 0.015929 0.022449
24 0.659882 0.561006 0.015829 0.022612
18 0.647858 0.595983 0.027093 0.029131
25 0.462584 0.596245 0.028229 0.024942
3 0.433711 0.597192 0.026064 0.025293
3 0.523089 0.597617 0.027051 0.025313
3 0.492332 0.597226 0.026737 0.024279
32 0.174915 0.599254 0.031069 0.028266
16 0.226102 0.604011 0.027294 0.037032
34 0.573231 0.597616 0.023971 0.024151
4 0.280404 0.602038 0.037287 0.032926
15 0.226105 0.604795 0.027506 0.038408
28 0.701560 0.598222 0.023404 0.025221
28 0.380174 0.598130 0.024389 0.024903
22 0.676657 0.597773 0.022750 0.023674
21 0.353601 0.598136 0.025192 0.024347
22 0.406175 0.597680 0.020967 0.023321
10 0.312046 0.598366 0.018732 0.024047
22 0.550912 0.597884 0.021438 0.023078
0 0.618929 0.598516 0.027787 0.024076
24 0.595089 0.598478 0.015671 0.023500
24 0.331756 0.598571 0.015360 0.022668
18 0.617327 0.633283 0.028695 0.028626
0 0.224786 0.632641 0.028791 0.027269
3 0.192483 0.633329 0.027903 0.025439
25 0.161568 0.633391 0.027644 0.024173
1 0.539362 0.634379 0.027378 0.025003
3 0.409904 0.635194 0.026770 0.026467
3 0.509908 0.633702 0.025746 0.023450
22 0.436930 0.634214 0.020306 0.024429
25 0.299227 0.633943 0.028262 0.023816
21 0.480674 0.633886 0.025541 0.023630
0 0.647635 0.634804 0.028190 0.024647
21 0.588501 0.634365 0.025413 0.023654
17 0.249660 0.635593 0.015149 0.025819
36 0.378908 0.634464 0.027164 0.023522
29 0.271284 0.634490 0.023468 0.023532
17 0.355440 0.635141 0.014163 0.024333
17 0.564279 0.634871 0.015535 0.022988
36 0.695927 0.636099 0.029043 0.024557
17 0.671623 0.635541 0.015036 0.023309
3 0.452239 0.669430 0.027107 0.025897
25 0.604345 0.670153 0.029652 0.023974
4 0.194573 0.672851 0.037406 0.029180
3 0.160688 0.671156 0.024425 0.025503
3 0.555791 0.670494 0.025920 0.024142
25 0.263459 0.670308 0.027445 0.023595
22 0.292473 0.670272 0.021117 0.023452
16 0.398568 0.675732 0.027222 0.034189
3 0.500277 0.670877 0.026344 0.024228
28 0.424657 0.670471 0.023631 0.022778
13 0.633293 0.670718 0.022579 0.023202
28 0.527153 0.670729 0.023563 0.022900
24 0.475757 0.670750 0.015940 0.022910
5 0.703357 0.675866 0.023703 0.032859
17 0.314117 0.671094 0.014451 0.023202
36 0.338669 0.670979 0.028394 0.022907
26 0.368782 0.671478 0.024404 0.023540
24 0.580441 0.671038 0.015827 0.022587
35 0.231997 0.671556 0.032550 0.023041
26 0.788573 0.679592 0.046698 0.038390
3 0.556009 0.707807 0.026335 0.024814
28 0.616127 0.708348 0.025220 0.024688
25 0.428882 0.708157 0.027900 0.024297
9 0.503306 0.711084 0.016324 0.030079
8 0.682452 0.708164 0.021568 0.024166
1 0.586102 0.708209 0.027071 0.023930
8 0.208558 0.708450 0.022257 0.024260
4 0.367487 0.711370 0.036666 0.029951
10 0.455304 0.708817 0.020720 0.024837
22 0.480403 0.708593 0.023337 0.024206
13 0.641707 0.708463 0.021413 0.023896
21 0.527304 0.708602 0.024684 0.023932
25 0.307313 0.708299 0.029063 0.023291
17 0.662259 0.708402 0.015143 0.022814
32 0.260761 0.711218 0.031289 0.027602
21 0.401398 0.709299 0.024075 0.023433
28 0.181534 0.710272 0.024810 0.024958
32 0.155741 0.712078 0.026928 0.027178
18 0.605327 0.744558 0.027770 0.028108
4 0.641903 0.747722 0.038845 0.030110
3 0.677726 0.745075 0.027320 0.024399
5 0.473047 0.750889 0.026080 0.033543
28 0.498736 0.746991 0.023636 0.024976
24 0.582725 0.746679 0.016643 0.024343
22 0.560918 0.746714 0.021030 0.024138
11 0.286998 0.747113 0.026674 0.024634
13 0.401202 0.746920 0.021015 0.024207
17 0.539152 0.746889 0.015418 0.024113
14 0.348920 0.747066 0.035317 0.024281
3 0.162971 0.747810 0.027063 0.025515
28 0.258327 0.747799 0.024016 0.025025
28 0.314930 0.747215 0.023290 0.023778
7 0.378782 0.747518 0.017515 0.024137
24 0.521073 0.747304 0.015899 0.023649
17 0.420988 0.747178 0.013605 0.022759
24 0.186981 0.748221 0.015247 0.023721
24 0.236986 0.748293 0.015704 0.023741