18 0.581785 0.130207 0.025219 0.029678
22 0.304517 0.130975 0.028814 0.030438
24 0.328250 0.129142 0.015211 0.023847
25 0.398587 0.129504 0.026062 0.024111
24 0.376291 0.129628 0.014505 0.023902
35 0.351643 0.129713 0.030199 0.023677
34 0.424545 0.129965 0.022618 0.023718
4 0.550350 0.133405 0.036356 0.029748
0 0.500524 0.131129 0.025958 0.024414
17 0.524017 0.131613 0.013949 0.023934
11 0.610416 0.132853 0.025242 0.025163
14 0.642579 0.134105 0.033664 0.025611
0 0.693187 0.134834 0.026245 0.025099
28 0.720481 0.134868 0.022772 0.024860
1 0.748317 0.135247 0.027272 0.025231
7 0.670589 0.134816 0.015388 0.024046
34 0.774744 0.135402 0.024679 0.024619
0 0.814015 0.135875 0.028171 0.025301
0 0.333253 0.169296 0.028445 0.025109
32 0.399249 0.172293 0.032147 0.029775
7 0.375054 0.169636 0.015191 0.024009
34 0.425440 0.170226 0.024790 0.025030
0 0.455411 0.171123 0.029401 0.025202
21 0.501269 0.171939 0.024897 0.025200
17 0.479539 0.171888 0.014848 0.024254
33 0.546893 0.172774 0.041270 0.025478
11 0.600829 0.173227 0.025805 0.026248
29 0.672039 0.174410 0.024684 0.026778
25 0.699267 0.173673 0.026809 0.024434
11 0.729498 0.174767 0.028525 0.025484
34 0.756514 0.175011 0.023805 0.024789
27 0.756752 0.175023 0.023650 0.024209
2 0.821775 0.181744 0.036663 0.037540
7 0.849994 0.176771 0.017129 0.024902
24 0.794084 0.176472 0.016095 0.023696
18 0.477263 0.210937 0.028645 0.028402
11 0.331488 0.210388 0.027923 0.026625
34 0.361270 0.210625 0.025190 0.025501
32 0.402346 0.213808 0.032163 0.029419
28 0.431361 0.212179 0.023788 0.023810
34 0.532813 0.213251 0.026690 0.025547
5 0.505806 0.216443 0.025543 0.031746
13 0.560511 0.213181 0.023139 0.024830
22 0.586305 0.213678 0.022914 0.025341
3 0.613853 0.214598 0.027167 0.025347
15 0.667463 0.220083 0.024931 0.036221
8 0.641220 0.215154 0.021911 0.025637
11 0.695744 0.216070 0.028147 0.026011
28 0.724415 0.215949 0.024368 0.024710
4 0.819040 0.219256 0.036994 0.030795
14 0.758365 0.216535 0.037817 0.024629
7 0.789204 0.216516 0.016978 0.023305
30 0.288415 0.249238 0.041852 0.036573
1 0.329018 0.250490 0.027073 0.025405
17 0.355072 0.251350 0.014401 0.023787
29 0.434688 0.252201 0.023490 0.025218
28 0.407621 0.252613 0.024360 0.025835
32 0.379567 0.254680 0.033489 0.028572
21 0.459832 0.253055 0.025881 0.024362
1 0.516203 0.253974 0.028106 0.025278
22 0.488104 0.253348 0.021893 0.023511
20 0.591521 0.255238 0.027650 0.024336
8 0.620993 0.255527 0.022814 0.024657
17 0.540819 0.255201 0.014411 0.024004
21 0.562433 0.255423 0.025809 0.024242
8 0.714866 0.256732 0.024295 0.026274
0 0.773329 0.256604 0.031089 0.026006
16 0.667210 0.261506 0.026764 0.035623
34 0.741112 0.256387 0.025458 0.024540
3 0.822388 0.257326 0.027372 0.025017
9 0.798553 0.261355 0.014757 0.032987
10 0.691165 0.257107 0.018370 0.024336
4 0.332251 0.293229 0.039824 0.032376
25 0.387523 0.290152 0.029442 0.024103
7 0.363319 0.290259 0.016242 0.023666
10 0.414412 0.291563 0.019829 0.024616
11 0.479263 0.292370 0.027655 0.024908
28 0.507281 0.292988 0.023411 0.024731
25 0.553090 0.293344 0.029820 0.024507
24 0.528595 0.293440 0.014297 0.023980
3 0.624282 0.294526 0.026709 0.025374
34 0.582127 0.294076 0.024296 0.024331
34 0.804867 0.295187 0.025594 0.025605
9 0.679060 0.303058 0.015289 0.041069
0 0.655125 0.295010 0.028384 0.024316
11 0.722041 0.295468 0.026654 0.024809
3 0.849279 0.295874 0.028062 0.025595
11 0.776270 0.295499 0.027361 0.024752
8 0.749511 0.295277 0.021744 0.023949
7 0.697405 0.295836 0.016112 0.024197
4 0.328129 0.331372 0.037476 0.030484
34 0.358817 0.329415 0.023909 0.025564
34 0.497942 0.330767 0.025844 0.026604
11 0.468366 0.330545 0.027516 0.025771
24 0.397384 0.330265 0.015742 0.023920
10 0.442298 0.330572 0.018815 0.024274
21 0.418648 0.330647 0.024062 0.023746
33 0.575328 0.332733 0.034124 0.023989
11 0.717066 0.333529 0.027874 0.024595
3 0.747432 0.334101 0.027376 0.025119
34 0.853657 0.334675 0.026847 0.026121
1 0.777387 0.334158 0.027250 0.024745
34 0.803840 0.334231 0.024301 0.024732
25 0.641962 0.333709 0.027762 0.023621
7 0.691457 0.333981 0.016225 0.023944
22 0.669554 0.333993 0.021468 0.023758
22 0.830157 0.334406 0.023085 0.024446
8 0.427387 0.368554 0.023042 0.026220
11 0.366256 0.368703 0.028322 0.025271
13 0.483305 0.368945 0.022434 0.024448
17 0.341495 0.368853 0.014254 0.024142
20 0.397668 0.369023 0.027542 0.024469
21 0.456209 0.369540 0.026071 0.025244
15 0.543976 0.372597 0.022788 0.031010
17 0.504680 0.369797 0.015593 0.024109
5 0.566745 0.373341 0.026999 0.031061
17 0.523201 0.369862 0.015688 0.024006
11 0.618767 0.371896 0.026037 0.024874
3 0.648100 0.372298 0.026111 0.025353
28 0.591065 0.372074 0.023496 0.024456
22 0.290221 0.408758 0.029376 0.034520
0 0.369816 0.406421 0.028635 0.024801
25 0.483052 0.406268 0.027597 0.024446
24 0.345438 0.406513 0.015415 0.024322
34 0.321338 0.406984 0.026676 0.024906
17 0.395115 0.406808 0.015610 0.024358
10 0.509595 0.406831 0.019481 0.024380
7 0.460066 0.407505 0.016775 0.025138
11 0.534696 0.406804 0.026702 0.023547
21 0.436247 0.407565 0.025968 0.024696
24 0.413785 0.407558 0.015744 0.024313
4 0.595970 0.410890 0.037178 0.030379
28 0.562061 0.407353 0.023837 0.023276
8 0.652958 0.409147 0.022849 0.025130
25 0.753807 0.409225 0.029042 0.024916
34 0.628024 0.409095 0.024592 0.024367
3 0.784785 0.410707 0.027637 0.027209
32 0.726450 0.411791 0.032441 0.028829
21 0.678583 0.409904 0.023671 0.024563
13 0.701225 0.409914 0.018232 0.024334
28 0.842928 0.410743 0.023892 0.025612
32 0.815337 0.412888 0.030300 0.029605
34 0.335350 0.444221 0.026733 0.024762
25 0.381462 0.443807 0.026767 0.023875
32 0.480835 0.447806 0.027843 0.030611
24 0.359145 0.444414 0.015963 0.023673
13 0.531798 0.444640 0.021912 0.023853
15 0.557296 0.451244 0.023961 0.036715
28 0.506449 0.445813 0.024104 0.025313
32 0.454191 0.448067 0.029329 0.028484
0 0.585818 0.446688 0.027640 0.024566
4 0.638326 0.450148 0.037245 0.030691
3 0.717488 0.448547 0.025863 0.024783
4 0.752967 0.451121 0.038960 0.029816
17 0.610278 0.447835 0.014516 0.023075
17 0.666849 0.448279 0.015175 0.023038
21 0.689218 0.448874 0.025494 0.023728
3 0.318503 0.484018 0.028022 0.025303
37 0.716035 0.486970 0.032898 0.029995
8 0.367413 0.484239 0.021949 0.023970
3 0.506716 0.485344 0.027796 0.026170
3 0.447237 0.485395 0.028599 0.026258
25 0.476881 0.484771 0.027794 0.024618
12 0.343851 0.485083 0.020229 0.025217
22 0.418813 0.484511 0.022100 0.023833
28 0.392321 0.485408 0.025304 0.025126
24 0.530260 0.485452 0.016318 0.023463
11 0.588447 0.486918 0.026761 0.024752
4 0.651387 0.490042 0.036842 0.030842
28 0.618019 0.487207 0.024302 0.024930
35 0.554905 0.486981 0.033563 0.024099
34 0.683693 0.488367 0.024217 0.025524
1 0.829220 0.489281 0.026832 0.025160
22 0.746849 0.489100 0.023001 0.023676
27 0.863818 0.489882 0.038241 0.024526
24 0.769175 0.489316 0.016940 0.023393
35 0.795894 0.490112 0.035333 0.023782
3 0.467489 0.524210 0.027907 0.025835
13 0.495770 0.524324 0.023701 0.025442
8 0.437421 0.524484 0.023353 0.025428
24 0.349727 0.523864 0.014666 0.023595
11 0.525244 0.525321 0.029250 0.025892
1 0.372250 0.524661 0.025715 0.024395
0 0.583435 0.526175 0.032889 0.026627
17 0.397517 0.525960 0.015598 0.025576
3 0.812390 0.528043 0.030515 0.028538
4 0.661603 0.530077 0.042969 0.032036
28 0.779860 0.527846 0.027734 0.027202
25 0.748271 0.527413 0.032684 0.025917
17 0.694568 0.528913 0.016928 0.025525
18 0.394956 0.559826 0.025614 0.027890
13 0.595174 0.560662 0.021928 0.024193
0 0.425840 0.561407 0.028985 0.025646
8 0.369634 0.561407 0.021804 0.024527
28 0.570437 0.561293 0.023660 0.023654
28 0.617352 0.561721 0.023546 0.024390
36 0.645964 0.561618 0.027847 0.024176
4 0.682770 0.564571 0.038109 0.029965
21 0.544962 0.561874 0.024774 0.024227
32 0.493495 0.564029 0.031414 0.028492
7 0.347895 0.561924 0.015720 0.023852
34 0.517905 0.562078 0.024279 0.024092
7 0.470505 0.562452 0.016239 0.024454
34 0.715534 0.563345 0.025183 0.024657
3 0.786042 0.564557 0.028959 0.025673
33 0.748982 0.564104 0.039146 0.024250
22 0.813561 0.564883 0.022114 0.024303
17 0.833897 0.565557 0.015497 0.023908
25 0.330886 0.598564 0.029713 0.025331
34 0.359574 0.599030 0.025421 0.025540
28 0.420278 0.599482 0.025007 0.025219
14 0.454823 0.599320 0.037904 0.024747
10 0.486991 0.599349 0.020669 0.024757
11 0.390849 0.599569 0.029522 0.025093
10 0.571573 0.599764 0.020432 0.025184
22 0.511910 0.599520 0.023695 0.024273
3 0.612862 0.600406 0.029196 0.025654
29 0.659032 0.602354 0.023547 0.029319
15 0.658940 0.602478 0.023478 0.029251
17 0.532532 0.599756 0.015880 0.023715
24 0.550818 0.600229 0.016451 0.024212
0 0.686233 0.601497 0.029134 0.025176
17 0.637810 0.601131 0.014903 0.024136
11 0.792453 0.602182 0.029074 0.025099
22 0.734235 0.602318 0.023625 0.025202
28 0.761195 0.602462 0.025857 0.024987
17 0.712220 0.602346 0.014899 0.024272
3 0.823515 0.602946 0.027557 0.025078
29 0.330641 0.635462 0.026496 0.025061
21 0.358390 0.635706 0.026416 0.024942
1 0.412648 0.636030 0.027611 0.025262
29 0.546937 0.636428 0.024365 0.025848
8 0.520873 0.635829 0.022023 0.024574
21 0.462179 0.635954 0.027789 0.024636
36 0.492956 0.636072 0.027892 0.024068
7 0.572773 0.636807 0.019109 0.024878
17 0.437867 0.636158 0.016076 0.023290
4 0.618904 0.640001 0.038278 0.030457
4 0.737276 0.641094 0.038626 0.030328
3 0.701527 0.638316 0.026805 0.024525
17 0.648061 0.638153 0.015453 0.023231
21 0.670902 0.638528 0.027952 0.023613
34 0.769669 0.639235 0.025864 0.024530
24 0.793356 0.639842 0.016649 0.023566
3 0.851608 0.640495 0.026323 0.024833
35 0.819869 0.640511 0.032789 0.024128
18 0.406234 0.670688 0.027968 0.028762
18 0.653210 0.672330 0.028993 0.029367
25 0.333944 0.670537 0.028269 0.023216
4 0.498100 0.675027 0.040666 0.031648
8 0.379513 0.671551 0.021561 0.024471
3 0.536006 0.673070 0.027536 0.026152
7 0.358292 0.671846 0.016978 0.023641
3 0.596182 0.673573 0.027597 0.026364
21 0.565950 0.673591 0.026993 0.025551
32 0.626639 0.676297 0.033083 0.029804
24 0.430885 0.673349 0.015756 0.023498
36 0.686884 0.675069 0.030366 0.025101
35 0.457330 0.673760 0.035530 0.022395
4 0.726146 0.677987 0.040241 0.030681
34 0.761886 0.675889 0.027452 0.025763
3 0.805777 0.676537 0.029346 0.025272
0 0.837193 0.676499 0.028066 0.024890
34 0.864328 0.676503 0.024321 0.024350
9 0.303665 0.716878 0.016654 0.041934
24 0.342849 0.708571 0.017187 0.024748
17 0.323898 0.709263 0.015640 0.024995
3 0.368234 0.709422 0.027409 0.025088
4 0.404563 0.711976 0.038977 0.030144
34 0.438984 0.710125 0.026849 0.024894
0 0.506572 0.711126 0.030006 0.025723
32 0.555440 0.713487 0.031066 0.029103
8 0.599907 0.711804 0.022953 0.025031
3 0.628990 0.712287 0.027830 0.025266
17 0.531258 0.712185 0.014793 0.024650
27 0.686785 0.712884 0.026308 0.024663
34 0.687167 0.712935 0.026710 0.024613
11 0.658861 0.712879 0.026947 0.024437
0 0.732721 0.713748 0.029548 0.025845
9 0.756767 0.722513 0.016172 0.041324
3 0.782987 0.714820 0.028055 0.025409
25 0.312162 0.744763 0.027706 0.025472
3 0.343501 0.746369 0.028226 0.025526
11 0.376205 0.746750 0.029541 0.025054
3 0.435999 0.747888 0.029267 0.025937
11 0.435942 0.747975 0.029369 0.026085
8 0.405906 0.747620 0.023958 0.025361
27 0.468638 0.748204 0.031574 0.025333
5 0.510689 0.753535 0.028043 0.033590
34 0.540003 0.749726 0.026533 0.024489
25 0.568782 0.749537 0.027962 0.023741
22 0.598602 0.750443 0.023428 0.024823
3 0.646744 0.751372 0.028684 0.025394
17 0.621538 0.751519 0.014467 0.025146
3 0.680117 0.751733 0.030659 0.024968
25 0.728627 0.752034 0.027748 0.024859
24 0.705875 0.752265 0.016602 0.024062
14 0.811182 0.753194 0.037112 0.024165
10 0.842291 0.753183 0.019509 0.023977
28 0.777061 0.753565 0.024468 0.024496