34 0.509727 0.146999 0.027488 0.026078
25 0.541000 0.146931 0.029807 0.025729
15 0.359937 0.153319 0.025480 0.038346
1 0.479810 0.147455 0.029442 0.026451
0 0.390911 0.147718 0.029240 0.026514
21 0.422297 0.148234 0.027159 0.025847
0 0.632877 0.148173 0.027639 0.025067
3 0.274047 0.149168 0.028697 0.026692
7 0.657261 0.148326 0.017133 0.024568
25 0.327041 0.148604 0.030894 0.024821
9 0.246693 0.156083 0.017329 0.038760
24 0.301101 0.149134 0.017792 0.024849
0 0.219991 0.150227 0.030095 0.026227
35 0.597687 0.149393 0.036180 0.024191
4 0.145765 0.154997 0.038954 0.032006
3 0.482343 0.190010 0.025728 0.025192
4 0.302324 0.193467 0.039610 0.031090
5 0.417594 0.194439 0.028652 0.032607
3 0.628351 0.190101 0.027072 0.023914
8 0.525893 0.189740 0.021527 0.022825
3 0.553131 0.190078 0.026056 0.023437
3 0.338098 0.190617 0.027522 0.024422
34 0.675866 0.190790 0.025845 0.024322
12 0.653076 0.190731 0.018663 0.023643
3 0.583624 0.191392 0.027086 0.024764
7 0.504763 0.189960 0.015532 0.021187
7 0.396101 0.191952 0.017368 0.024149
24 0.459492 0.190834 0.013765 0.021790
7 0.441233 0.190848 0.015058 0.021540
3 0.205668 0.192729 0.027297 0.024511
7 0.270985 0.192078 0.016097 0.022922
28 0.177357 0.193569 0.025240 0.025297
33 0.241299 0.192687 0.038175 0.022830
29 0.491213 0.228869 0.025994 0.025683
8 0.542545 0.228863 0.022612 0.024139
21 0.516212 0.229441 0.024754 0.024803
29 0.566465 0.229481 0.024375 0.024849
1 0.613458 0.229923 0.026704 0.025142
24 0.588485 0.229643 0.016417 0.024098
28 0.463846 0.230347 0.024736 0.025254
28 0.642261 0.230087 0.026161 0.024635
25 0.290261 0.230641 0.028368 0.025441
21 0.341291 0.230755 0.026884 0.024334
7 0.316572 0.230651 0.016091 0.023978
20 0.370609 0.230891 0.027597 0.024049
9 0.395912 0.238029 0.016465 0.038079
32 0.436995 0.233838 0.030704 0.028770
3 0.261632 0.232008 0.027359 0.024584
22 0.232221 0.232659 0.023151 0.024263
8 0.180048 0.233313 0.022970 0.025354
28 0.206641 0.233466 0.023460 0.024608
18 0.406902 0.269432 0.027161 0.029628
25 0.376312 0.270302 0.029567 0.025559
36 0.557446 0.270769 0.030444 0.025536
25 0.481471 0.270464 0.028865 0.024917
3 0.591049 0.271682 0.029065 0.025536
17 0.532259 0.271390 0.015193 0.024868
1 0.624012 0.271752 0.029817 0.025580
22 0.510772 0.271426 0.022139 0.024711
21 0.435716 0.271538 0.025480 0.024837
17 0.458522 0.271227 0.016070 0.024146
36 0.343895 0.271283 0.030283 0.024217
25 0.289421 0.272019 0.029222 0.025208
17 0.668091 0.273083 0.015397 0.026018
17 0.317367 0.272252 0.016728 0.024209
13 0.205656 0.273544 0.023144 0.025687
17 0.229892 0.274090 0.018492 0.024611
24 0.265116 0.273641 0.017188 0.023524
11 0.559118 0.311131 0.028247 0.025965
3 0.480532 0.311460 0.028618 0.026537
11 0.448762 0.311484 0.027353 0.025964
15 0.360798 0.315668 0.024642 0.034042
7 0.422381 0.310866 0.016572 0.024258
7 0.660563 0.311741 0.019691 0.025971
22 0.605925 0.311076 0.022225 0.024375
21 0.632227 0.311349 0.026938 0.024913
17 0.584196 0.311448 0.014684 0.024953
33 0.392045 0.311612 0.039625 0.025157
36 0.512590 0.311315 0.029544 0.023841
24 0.338404 0.312060 0.016046 0.024225
26 0.315778 0.312350 0.024250 0.024732
11 0.259823 0.313682 0.028196 0.025941
28 0.288629 0.313160 0.025957 0.024875
11 0.205400 0.314757 0.029982 0.026273
10 0.162320 0.315356 0.022992 0.024752
22 0.136020 0.316090 0.023288 0.025366
18 0.556574 0.348013 0.026948 0.027458
4 0.367320 0.352756 0.040819 0.032015
3 0.454504 0.349749 0.027809 0.025659
3 0.503268 0.349588 0.027741 0.025067
36 0.423151 0.349561 0.028171 0.024942
3 0.329485 0.350325 0.029138 0.025465
32 0.531964 0.352336 0.031082 0.029054
14 0.292728 0.351189 0.037452 0.026332
28 0.660867 0.350330 0.024979 0.024416
17 0.397537 0.350270 0.015237 0.023713
24 0.638545 0.350511 0.015281 0.023509
7 0.621200 0.350405 0.015568 0.023237
33 0.591556 0.350276 0.040389 0.022675
32 0.259255 0.355123 0.031209 0.030011
11 0.197717 0.353539 0.028989 0.026342
20 0.228995 0.352897 0.027825 0.024629
3 0.166219 0.354506 0.028970 0.026168
13 0.136184 0.354441 0.024681 0.025801
3 0.634044 0.388467 0.028902 0.025375
15 0.530225 0.394511 0.023632 0.037287
14 0.598224 0.388585 0.037504 0.025349
36 0.559956 0.388773 0.031793 0.025035
3 0.402608 0.389910 0.027759 0.025143
16 0.433545 0.395133 0.028098 0.035492
3 0.371088 0.390040 0.027216 0.024813
25 0.477447 0.389359 0.026021 0.023450
22 0.504253 0.389284 0.021864 0.023225
2 0.334999 0.395299 0.037159 0.034293
9 0.455940 0.397447 0.014128 0.038335
7 0.305291 0.390809 0.016998 0.024546
3 0.254522 0.391381 0.029023 0.024579
22 0.281783 0.391419 0.020958 0.023532
34 0.181536 0.392712 0.027733 0.024861
4 0.146427 0.396979 0.040222 0.032830
33 0.217502 0.392773 0.039036 0.023776
8 0.579769 0.427437 0.022117 0.024877
4 0.524298 0.430396 0.038973 0.030680
27 0.656898 0.427359 0.028373 0.024487
13 0.630323 0.427376 0.021606 0.024152
10 0.556549 0.427555 0.021027 0.024493
34 0.474861 0.428164 0.023354 0.024697
0 0.400512 0.429193 0.028232 0.025829
34 0.369858 0.429184 0.025556 0.025403
3 0.320682 0.429329 0.029211 0.025411
24 0.346218 0.429551 0.016147 0.024891
10 0.291466 0.429771 0.022381 0.025040
4 0.258819 0.433198 0.038527 0.031368
16 0.222311 0.436154 0.030930 0.035559
34 0.159883 0.431540 0.028800 0.025888
26 0.189339 0.432197 0.027683 0.025462
24 0.134931 0.432463 0.016584 0.024598
3 0.658479 0.464615 0.028611 0.026107
11 0.626746 0.464562 0.028713 0.025756
25 0.398958 0.464985 0.030224 0.023637
3 0.511616 0.465425 0.028824 0.024120
15 0.309591 0.470604 0.024202 0.034455
3 0.368220 0.465596 0.027719 0.024217
24 0.599031 0.465211 0.017542 0.023424
25 0.278489 0.466375 0.030033 0.025476
7 0.576162 0.465344 0.017125 0.023296
10 0.426572 0.465487 0.019399 0.023575
33 0.546269 0.465578 0.036481 0.023630
0 0.337998 0.465941 0.027270 0.024300
3 0.227280 0.467133 0.030311 0.025365
24 0.254141 0.467568 0.017316 0.024777
0 0.176438 0.468266 0.030049 0.025467
9 0.201969 0.475579 0.015767 0.038012
4 0.646194 0.506060 0.036349 0.030209
25 0.589022 0.503246 0.027990 0.024561
10 0.615629 0.503471 0.020994 0.024628
13 0.402243 0.503781 0.024021 0.025031
10 0.678435 0.503762 0.022125 0.024836
25 0.338319 0.503805 0.027859 0.024828
3 0.308229 0.504410 0.027621 0.025244
10 0.365541 0.504131 0.023019 0.024544
7 0.566185 0.504375 0.015774 0.024407
11 0.276413 0.504882 0.028328 0.025217
4 0.538669 0.507405 0.035825 0.030210
3 0.435442 0.505553 0.028254 0.025344
22 0.464792 0.504719 0.022217 0.023538
21 0.225198 0.505807 0.028395 0.025304
12 0.506319 0.505952 0.021875 0.025523
17 0.485774 0.505359 0.013702 0.023309
17 0.249838 0.505613 0.015558 0.023740
1 0.192372 0.506512 0.030380 0.025372
3 0.107230 0.507837 0.028903 0.025978
0 0.141376 0.507209 0.027535 0.024641
17 0.165998 0.507274 0.014635 0.023710
18 0.662449 0.543006 0.028472 0.028748
10 0.362014 0.544001 0.022166 0.025682
25 0.333360 0.543998 0.029929 0.025286
24 0.308246 0.544275 0.016508 0.025039
0 0.208139 0.545000 0.030250 0.025947
3 0.175483 0.545352 0.028437 0.026379
25 0.590881 0.544904 0.029298 0.025315
28 0.286824 0.544825 0.024649 0.024942
3 0.541273 0.545289 0.029711 0.025858
28 0.618821 0.545251 0.023826 0.025669
3 0.400021 0.544869 0.028195 0.024708
24 0.567141 0.545742 0.016559 0.026372
29 0.258131 0.544889 0.026730 0.024436
17 0.640582 0.546368 0.014649 0.027247
21 0.453667 0.545753 0.026467 0.025060
11 0.144146 0.546671 0.028604 0.025845
22 0.427080 0.545798 0.022171 0.023851
17 0.234312 0.545523 0.015305 0.023208
18 0.564598 0.581425 0.028088 0.029420
18 0.404967 0.581025 0.027866 0.028414
25 0.533982 0.582209 0.029799 0.025302
15 0.276102 0.587691 0.023863 0.035894
16 0.375327 0.587713 0.031658 0.035419
13 0.432943 0.582463 0.021553 0.024768
4 0.242747 0.586229 0.039127 0.031698
15 0.345967 0.587570 0.023636 0.034171
21 0.456343 0.583202 0.025259 0.025306
22 0.301309 0.582696 0.022829 0.024156
9 0.323815 0.591571 0.016383 0.041169
14 0.179114 0.584105 0.036664 0.025340
7 0.211431 0.583471 0.018072 0.024005
21 0.594907 0.583708 0.026568 0.024264
3 0.144780 0.584559 0.027972 0.025807
22 0.667155 0.583904 0.021793 0.024444
5 0.640109 0.588675 0.028049 0.033528
17 0.686905 0.584099 0.015115 0.023938
35 0.488183 0.584307 0.033490 0.023766
18 0.498689 0.620112 0.028715 0.029336
2 0.305146 0.625441 0.037980 0.035511
34 0.689091 0.621057 0.024167 0.026322
37 0.207190 0.621268 0.033237 0.025980
15 0.271979 0.624392 0.023877 0.032172
9 0.475309 0.626996 0.015789 0.037288
0 0.242394 0.621245 0.029479 0.025687
11 0.361463 0.620725 0.030208 0.024546
3 0.393357 0.620837 0.027495 0.024541
36 0.424573 0.620919 0.029307 0.024577
8 0.667179 0.621065 0.023143 0.024805
13 0.453248 0.621157 0.021977 0.024509
7 0.334771 0.621063 0.015586 0.024264
3 0.638717 0.621635 0.027966 0.025145
34 0.598286 0.621441 0.027635 0.024726
5 0.527386 0.625630 0.026889 0.032794
22 0.573475 0.621522 0.023621 0.024073
11 0.146036 0.622627 0.027698 0.026023
28 0.175380 0.622226 0.023212 0.024915
17 0.551167 0.622420 0.015446 0.024804
18 0.321847 0.656799 0.029432 0.028536
29 0.354463 0.659070 0.027282 0.027472
11 0.243806 0.658702 0.028683 0.026013
20 0.442712 0.658328 0.025703 0.025063
11 0.386258 0.658804 0.028573 0.025256
22 0.294677 0.658637 0.023015 0.024702
0 0.586329 0.659249 0.028600 0.025415
3 0.635361 0.659586 0.028303 0.025514
3 0.555105 0.659047 0.026963 0.024241
34 0.511101 0.659039 0.025581 0.024192
3 0.188394 0.659846 0.027850 0.025695
11 0.482656 0.659426 0.026809 0.024631
33 0.151255 0.660628 0.039733 0.024600
18 0.499928 0.693706 0.027009 0.028004
4 0.334512 0.697420 0.038893 0.030381
3 0.370653 0.694878 0.028471 0.024194
3 0.531517 0.695501 0.025977 0.025197
24 0.402976 0.695912 0.018064 0.025833
10 0.272085 0.694968 0.019973 0.023805
28 0.298274 0.694943 0.025127 0.023597
9 0.477386 0.699145 0.015269 0.031232
25 0.429007 0.695474 0.027139 0.023748
25 0.244318 0.695402 0.027346 0.023586
9 0.202209 0.703509 0.019497 0.039383
28 0.454918 0.696170 0.023534 0.024564
4 0.631196 0.698168 0.037801 0.028409
22 0.558176 0.696165 0.022168 0.023804
12 0.600303 0.696909 0.022614 0.024722
34 0.176989 0.696736 0.025129 0.023729
17 0.579379 0.696455 0.014256 0.022799
26 0.118424 0.697942 0.027157 0.025649
7 0.220624 0.696461 0.016408 0.022608
11 0.149189 0.697729 0.028082 0.025067
10 0.301999 0.731369 0.021051 0.025027
4 0.547549 0.735240 0.040862 0.032358
3 0.330035 0.731704 0.028001 0.024352
29 0.202162 0.732603 0.024799 0.026059
25 0.273709 0.731669 0.028874 0.023937
34 0.382827 0.731741 0.024330 0.024056
22 0.514060 0.732523 0.020962 0.025101
22 0.359085 0.731751 0.021850 0.023475
25 0.486777 0.732081 0.027911 0.024091
28 0.441667 0.732298 0.023586 0.024450
14 0.639898 0.732602 0.037862 0.024981
28 0.227370 0.732146 0.023562 0.023869
32 0.412957 0.734841 0.032570 0.029153
11 0.603849 0.732516 0.027551 0.024223
24 0.462911 0.732887 0.015815 0.023820
7 0.579076 0.732936 0.015976 0.023644
25 0.150628 0.733244 0.026443 0.024236
24 0.249381 0.732745 0.016655 0.023190
10 0.178560 0.732770 0.020791 0.022299
18 0.427210 0.768644 0.027993 0.027938
18 0.576228 0.769180 0.028091 0.028285
15 0.393465 0.776314 0.029534 0.040415
4 0.320414 0.772479 0.040317 0.032034
15 0.356858 0.783160 0.026024 0.053059
11 0.215775 0.769769 0.027390 0.025708
14 0.253587 0.769705 0.038931 0.024769
15 0.484534 0.777731 0.024067 0.040614
25 0.546157 0.770062 0.027100 0.024527
7 0.188063 0.770164 0.016332 0.024691
21 0.457912 0.770489 0.024990 0.025339
7 0.286004 0.770191 0.017692 0.024580
4 0.156205 0.773883 0.038041 0.030620
4 0.515022 0.770470 0.031895 0.023194
21 0.606127 0.771615 0.026119 0.025013
17 0.630247 0.771638 0.015757 0.024823
9 0.651010 0.781277 0.016411 0.043987