18 0.496959 0.136816 0.028635 0.029648
25 0.419701 0.138295 0.030382 0.024633
8 0.470134 0.138819 0.022578 0.025194
25 0.607112 0.138688 0.029839 0.024785
3 0.327257 0.138753 0.027383 0.024728
25 0.355895 0.138720 0.027994 0.024620
24 0.446758 0.138682 0.017816 0.024496
3 0.388117 0.139197 0.028813 0.025401
34 0.663013 0.139595 0.026328 0.024853
22 0.636867 0.139341 0.022663 0.024085
24 0.300581 0.138907 0.018098 0.023165
11 0.789557 0.140159 0.027871 0.025336
27 0.825992 0.140506 0.041078 0.025742
5 0.733364 0.144001 0.027981 0.032375
33 0.532748 0.139971 0.040443 0.024199
9 0.583585 0.141678 0.015519 0.027514
4 0.698255 0.142859 0.038565 0.029876
7 0.563600 0.140135 0.018958 0.023999
22 0.761624 0.140547 0.021590 0.023451
18 0.597701 0.179232 0.028484 0.027882
34 0.527615 0.180680 0.027094 0.024867
5 0.781738 0.184459 0.027123 0.032302
34 0.810431 0.181513 0.027560 0.026381
13 0.555267 0.180482 0.022709 0.023882
3 0.752078 0.180751 0.027854 0.024328
3 0.689074 0.181083 0.028292 0.024932
3 0.720578 0.180837 0.027624 0.024232
11 0.384467 0.181013 0.028442 0.024495
3 0.481747 0.181004 0.026671 0.024108
26 0.354456 0.180698 0.025550 0.023477
14 0.633104 0.181168 0.037268 0.024302
24 0.505140 0.181191 0.015415 0.024108
7 0.663217 0.181333 0.017635 0.023825
21 0.412996 0.181434 0.024806 0.023600
14 0.446335 0.181402 0.036526 0.023161
18 0.690955 0.219036 0.025689 0.028573
5 0.803995 0.223342 0.026042 0.031004
34 0.831631 0.220384 0.025334 0.024836
27 0.523735 0.220727 0.034188 0.025032
3 0.306500 0.220831 0.026826 0.024890
11 0.721313 0.220829 0.027284 0.024631
34 0.519307 0.220499 0.025405 0.023552
1 0.492738 0.220932 0.026926 0.023973
3 0.775674 0.220986 0.027161 0.023890
24 0.467950 0.220905 0.015861 0.023602
7 0.586759 0.220919 0.016230 0.023553
10 0.749061 0.220975 0.020404 0.023262
22 0.608273 0.220945 0.022249 0.023105
10 0.447044 0.221590 0.020011 0.024301
26 0.336831 0.221812 0.026492 0.024694
32 0.422758 0.223593 0.028929 0.027732
32 0.664504 0.223880 0.030379 0.028157
18 0.654533 0.259374 0.028004 0.029570
3 0.307655 0.260692 0.028426 0.026149
0 0.358477 0.261514 0.028826 0.025657
3 0.482529 0.261316 0.026434 0.024703
8 0.609946 0.261470 0.022696 0.024871
8 0.453369 0.260998 0.021609 0.023829
8 0.760594 0.261530 0.022179 0.024691
34 0.540909 0.261350 0.023859 0.024162
11 0.513381 0.261811 0.025857 0.024755
25 0.701690 0.261550 0.028048 0.024135
25 0.833466 0.261571 0.024410 0.024162
3 0.732726 0.262077 0.027522 0.024841
24 0.333015 0.261624 0.018083 0.023869
32 0.407284 0.263772 0.031307 0.027971
21 0.784107 0.262214 0.024218 0.024502
17 0.432281 0.261521 0.015161 0.023114
17 0.631854 0.263640 0.015150 0.027259
13 0.808790 0.262223 0.021376 0.024274
24 0.679231 0.262139 0.015601 0.023932
26 0.582837 0.262560 0.025146 0.024322
8 0.550838 0.299220 0.021284 0.024063
3 0.649679 0.299574 0.025574 0.024541
8 0.464065 0.299519 0.022068 0.024105
34 0.576735 0.299381 0.025347 0.023593
8 0.676092 0.299578 0.021665 0.023895
25 0.618369 0.299163 0.030001 0.022721
25 0.421190 0.299442 0.026451 0.023197
3 0.817410 0.300147 0.028304 0.024580
0 0.307146 0.300014 0.027567 0.024268
34 0.394398 0.299978 0.024569 0.023941
13 0.725558 0.300121 0.021048 0.023708
0 0.769362 0.300512 0.027492 0.024003
21 0.700102 0.300340 0.024771 0.022768
32 0.369900 0.302902 0.030557 0.027856
17 0.745425 0.300983 0.015317 0.022519
18 0.591891 0.335705 0.028124 0.027904
18 0.400190 0.335714 0.027102 0.027343
3 0.431703 0.337416 0.025050 0.024264
25 0.341678 0.340492 0.027723 0.030042
24 0.847962 0.337351 0.015784 0.023629
22 0.565604 0.337507 0.021899 0.023891
11 0.370993 0.337547 0.027707 0.023940
3 0.622167 0.337934 0.026766 0.024357
24 0.830390 0.337584 0.016119 0.023552
25 0.537034 0.337160 0.026610 0.022570
8 0.808892 0.337907 0.021574 0.023671
28 0.650927 0.338116 0.023426 0.023491
3 0.738051 0.338721 0.027701 0.024330
14 0.682840 0.338454 0.033457 0.023753
9 0.514973 0.342958 0.015377 0.032114
3 0.781989 0.338668 0.025854 0.023267
7 0.712584 0.338752 0.016723 0.023199
33 0.466826 0.338563 0.038482 0.022740
8 0.554280 0.375653 0.021439 0.024547
15 0.531243 0.381757 0.022837 0.035838
3 0.334933 0.376435 0.027155 0.024298
25 0.363793 0.376254 0.025932 0.023890
25 0.634138 0.376340 0.027628 0.024055
21 0.580611 0.376642 0.027027 0.024488
13 0.607788 0.376617 0.021808 0.024385
25 0.695933 0.376714 0.029003 0.024436
3 0.665129 0.376972 0.028049 0.024866
36 0.771286 0.377012 0.030009 0.024454
3 0.393665 0.376771 0.029298 0.023553
22 0.724067 0.377154 0.021204 0.023939
5 0.504744 0.380970 0.025822 0.031453
21 0.303516 0.378126 0.026743 0.025373
32 0.479410 0.380216 0.025923 0.029540
35 0.444761 0.377393 0.029125 0.022471
17 0.744641 0.377865 0.014666 0.023004
3 0.634929 0.414046 0.027018 0.024294
11 0.520007 0.414082 0.025510 0.023361
28 0.546791 0.414393 0.023055 0.023787
11 0.665486 0.414398 0.026119 0.023663
24 0.568246 0.414280 0.014971 0.023276
34 0.589378 0.414318 0.026225 0.023087
0 0.720203 0.414853 0.027619 0.023936
13 0.353255 0.414329 0.021360 0.022407
8 0.303294 0.414940 0.023443 0.023416
21 0.833054 0.415672 0.024094 0.024066
17 0.373871 0.415066 0.014387 0.022643
7 0.853471 0.415890 0.015936 0.023925
7 0.763518 0.416097 0.016180 0.023480
32 0.785703 0.418370 0.030032 0.027260
18 0.840728 0.449385 0.027147 0.028201
18 0.511049 0.451435 0.027955 0.027000
5 0.538493 0.456127 0.027934 0.031809
34 0.669301 0.452344 0.026265 0.024218
3 0.615769 0.453609 0.027948 0.026749
24 0.818721 0.452091 0.013916 0.023617
5 0.640727 0.456510 0.026851 0.031973
34 0.567637 0.451976 0.026486 0.022320
3 0.716569 0.452867 0.025723 0.023898
24 0.590994 0.452208 0.015743 0.022395
28 0.774726 0.453096 0.023147 0.023957
11 0.746700 0.453100 0.026273 0.023679
9 0.487438 0.459324 0.015069 0.035705
1 0.341781 0.453447 0.024410 0.023170
33 0.307689 0.453563 0.037184 0.022199
32 0.438047 0.456235 0.029071 0.027531
3 0.837610 0.491721 0.026114 0.025324
15 0.679778 0.498062 0.026130 0.037813
12 0.578678 0.492766 0.024760 0.026378
0 0.708590 0.492507 0.028525 0.025747
28 0.606871 0.492443 0.024412 0.024951
25 0.651769 0.492329 0.027062 0.024036
3 0.480860 0.492788 0.026941 0.024699
0 0.789525 0.492567 0.027974 0.024246
34 0.537505 0.492588 0.026001 0.024022
24 0.628959 0.492549 0.015482 0.023886
24 0.764241 0.492597 0.016577 0.023914
24 0.814118 0.492623 0.016109 0.023833
34 0.436019 0.493103 0.023799 0.024692
21 0.304194 0.493056 0.024949 0.024216
20 0.333917 0.493079 0.027765 0.024219
5 0.509419 0.496877 0.027009 0.031722
5 0.407685 0.497206 0.027948 0.032143
24 0.457927 0.493204 0.014844 0.023445
32 0.362447 0.496369 0.030775 0.029209
7 0.383910 0.493951 0.017019 0.024143
32 0.271878 0.535748 0.039928 0.035511
14 0.550855 0.531249 0.036108 0.024173
25 0.676626 0.531189 0.025486 0.023868
3 0.604527 0.531423 0.026697 0.024243
9 0.522165 0.535795 0.015876 0.032748
28 0.846093 0.532084 0.024591 0.025164
28 0.632290 0.531482 0.024197 0.023838
7 0.580162 0.531584 0.016247 0.024025
9 0.795805 0.538258 0.016331 0.037090
24 0.654061 0.531670 0.016294 0.023680
3 0.819271 0.531901 0.026365 0.024098
4 0.735883 0.534662 0.038258 0.029504
3 0.306302 0.532240 0.026433 0.024611
22 0.480857 0.531538 0.021214 0.023186
7 0.502635 0.531777 0.016392 0.023658
13 0.417927 0.531888 0.020800 0.023801
24 0.458469 0.531748 0.016555 0.023392
28 0.700915 0.532301 0.024487 0.024012
7 0.330504 0.532351 0.016221 0.024110
7 0.395812 0.532195 0.018228 0.023719
24 0.374898 0.532110 0.016469 0.023006
17 0.438802 0.532190 0.015962 0.022988
22 0.352113 0.532377 0.021729 0.023251
18 0.444971 0.567226 0.026232 0.026389
15 0.586992 0.572217 0.023880 0.034035
4 0.773400 0.570553 0.036380 0.029875
8 0.304766 0.568168 0.023269 0.024823
28 0.542234 0.567709 0.022902 0.023834
3 0.515829 0.568038 0.026679 0.024200
3 0.739744 0.568382 0.025816 0.023583
28 0.631333 0.568613 0.023104 0.023812
0 0.659026 0.568145 0.024971 0.022806
9 0.423152 0.574385 0.017839 0.035200
13 0.399663 0.568911 0.022114 0.024236
14 0.480093 0.568648 0.035182 0.023226
34 0.372245 0.568749 0.026871 0.023230
7 0.328291 0.568740 0.016330 0.022644
13 0.608898 0.569114 0.019034 0.023317
24 0.715598 0.568898 0.015480 0.022653
9 0.681083 0.572944 0.015242 0.030479
18 0.582142 0.603515 0.027329 0.028326
28 0.269533 0.608668 0.030773 0.031646
34 0.737133 0.605783 0.026497 0.025072
11 0.769193 0.605748 0.026890 0.024423
22 0.557980 0.605457 0.022001 0.023830
4 0.705023 0.608624 0.036308 0.029934
4 0.418255 0.609190 0.038078 0.030918
28 0.532154 0.605866 0.024241 0.024149
34 0.657105 0.606128 0.024320 0.024195
11 0.504470 0.606089 0.026640 0.024067
28 0.860776 0.606373 0.024165 0.024585
9 0.607716 0.611465 0.015033 0.034526
3 0.455140 0.606652 0.027575 0.024582
25 0.838896 0.606196 0.025080 0.023571
28 0.797172 0.606294 0.023879 0.023393
11 0.306462 0.607358 0.026588 0.025231
24 0.818833 0.607494 0.015259 0.024412
13 0.334775 0.607479 0.022974 0.024016
28 0.384381 0.607175 0.024290 0.022996
21 0.357783 0.608098 0.024754 0.024054
4 0.797329 0.644649 0.036184 0.030949
34 0.829479 0.641703 0.025060 0.024392
25 0.582200 0.641670 0.029618 0.023851
3 0.552356 0.641948 0.026149 0.024364
28 0.762898 0.641962 0.023757 0.024211
11 0.522382 0.642559 0.026263 0.024521
14 0.728762 0.642359 0.035262 0.023588
7 0.607613 0.642240 0.015239 0.022875
28 0.494030 0.642726 0.024049 0.023699
32 0.694701 0.644552 0.030780 0.027132
5 0.447786 0.647054 0.028501 0.032089
21 0.631383 0.642925 0.025058 0.023412
28 0.421844 0.643357 0.024301 0.024167
1 0.392871 0.643540 0.026852 0.024461
11 0.331364 0.643648 0.027877 0.023938
9 0.472852 0.649752 0.014654 0.036123
3 0.362593 0.643839 0.026748 0.024156
35 0.663221 0.642940 0.034151 0.022132
22 0.303231 0.643774 0.022697 0.023473
18 0.365837 0.678026 0.028241 0.029155
32 0.727513 0.680453 0.021168 0.028128
0 0.597638 0.678777 0.027040 0.024445
15 0.524154 0.685118 0.022852 0.036979
4 0.448595 0.682411 0.036679 0.031194
3 0.682107 0.679118 0.027346 0.024577
24 0.657357 0.679423 0.016705 0.024780
28 0.569006 0.678961 0.022752 0.023719
34 0.481158 0.679524 0.025793 0.024787
13 0.547069 0.678973 0.018243 0.023333
25 0.335171 0.679476 0.027093 0.023819
17 0.502818 0.679468 0.014666 0.023669
21 0.395537 0.680255 0.026829 0.024712
3 0.307015 0.680418 0.027350 0.024513
9 0.621091 0.687035 0.015195 0.037126
17 0.419568 0.680057 0.016101 0.022467
18 0.721019 0.716005 0.028432 0.026518
15 0.494539 0.721888 0.023484 0.036334
4 0.805243 0.719445 0.035063 0.031357
34 0.837216 0.717346 0.025462 0.025274
0 0.465809 0.717761 0.028432 0.025102
5 0.751420 0.721203 0.031453 0.031821
3 0.613739 0.717995 0.025779 0.024957
2 0.526703 0.722895 0.034684 0.034519
4 0.261038 0.725173 0.045973 0.038934
13 0.676169 0.718101 0.021511 0.024583
11 0.583094 0.718030 0.026076 0.024340
9 0.696969 0.723929 0.018337 0.036116
7 0.556883 0.718238 0.016561 0.024396
3 0.366912 0.719094 0.026644 0.024553
3 0.398168 0.718894 0.027318 0.023984
25 0.334915 0.719072 0.029358 0.024038
21 0.304951 0.719880 0.028442 0.024522
4 0.728788 0.758118 0.036249 0.029739
4 0.533546 0.759602 0.038038 0.032225
34 0.567234 0.756423 0.026661 0.024871
34 0.761784 0.756279 0.026656 0.024451
3 0.693741 0.756338 0.026358 0.024568
8 0.372716 0.756927 0.022770 0.024911
28 0.624488 0.756513 0.023603 0.024063
11 0.597903 0.756716 0.026321 0.024322
11 0.479146 0.756838 0.026470 0.024508
12 0.453617 0.757234 0.022701 0.024893
14 0.657918 0.756719 0.037452 0.023616
21 0.399767 0.757931 0.026069 0.024847
28 0.427196 0.757818 0.024092 0.024514
24 0.332109 0.757617 0.017423 0.023456
17 0.351681 0.758197 0.015517 0.023977
3 0.306470 0.758860 0.027439 0.025245