28 0.666702 0.143925 0.023721 0.024811
2 0.632397 0.148028 0.036567 0.032688
28 0.599371 0.145129 0.024843 0.025426
15 0.214695 0.151936 0.023986 0.038108
32 0.457483 0.148597 0.033045 0.031289
7 0.537651 0.145354 0.016985 0.024799
33 0.565985 0.145521 0.040349 0.024888
0 0.389943 0.146224 0.028976 0.026026
8 0.238328 0.146407 0.022427 0.026349
21 0.513039 0.146202 0.027594 0.025649
1 0.340376 0.146448 0.026733 0.025349
34 0.483826 0.146279 0.025819 0.024955
17 0.262109 0.146969 0.015379 0.025934
9 0.415205 0.153586 0.015586 0.039028
22 0.284342 0.146786 0.023340 0.024934
21 0.310681 0.147313 0.026657 0.025578
17 0.364529 0.146882 0.014739 0.024631
7 0.434110 0.147591 0.016522 0.025817
18 0.219344 0.184618 0.029910 0.028697
28 0.696036 0.183728 0.025421 0.026051
3 0.622571 0.184311 0.027665 0.026170
12 0.650401 0.184908 0.022621 0.027162
13 0.576940 0.184407 0.024468 0.025439
34 0.426596 0.185286 0.025398 0.025749
4 0.258402 0.188624 0.041651 0.032302
21 0.548511 0.185909 0.029120 0.026771
22 0.494388 0.185533 0.026306 0.025823
17 0.598762 0.184946 0.014785 0.024460
4 0.391984 0.188852 0.040575 0.031842
8 0.520453 0.185739 0.023612 0.025564
22 0.469836 0.185636 0.023650 0.025338
24 0.195081 0.186000 0.016772 0.025404
22 0.172609 0.185745 0.022930 0.024595
28 0.357182 0.186309 0.025797 0.025524
34 0.294227 0.186265 0.027087 0.025289
11 0.325773 0.186476 0.027429 0.025454
15 0.691559 0.232023 0.026066 0.042739
4 0.656746 0.227668 0.038471 0.032246
36 0.619450 0.225105 0.029882 0.025541
22 0.571738 0.225055 0.023592 0.025203
0 0.505620 0.225214 0.029382 0.025339
17 0.593319 0.225208 0.015671 0.025015
24 0.547979 0.225352 0.018334 0.024590
3 0.260497 0.225957 0.027711 0.025760
15 0.393893 0.228773 0.024419 0.031374
32 0.458786 0.228309 0.031502 0.029672
26 0.530219 0.225816 0.014850 0.024553
1 0.305944 0.226621 0.028323 0.026090
28 0.230666 0.226727 0.026357 0.026299
22 0.172513 0.226475 0.023116 0.025412
11 0.201275 0.226694 0.028903 0.025740
17 0.529981 0.226067 0.015611 0.023753
33 0.423177 0.226719 0.036381 0.025053
4 0.360252 0.229322 0.039139 0.029689
17 0.330649 0.226912 0.015005 0.024024
28 0.571364 0.263723 0.023951 0.025046
34 0.482048 0.263754 0.027357 0.024921
0 0.512975 0.264107 0.028930 0.025613
28 0.625300 0.264006 0.024189 0.024678
21 0.543370 0.264583 0.025788 0.025603
36 0.413927 0.265371 0.028067 0.026917
2 0.690084 0.270462 0.037717 0.036905
22 0.597227 0.264289 0.023075 0.024184
20 0.413854 0.265657 0.027970 0.026414
25 0.174792 0.265032 0.028448 0.025136
20 0.653886 0.264021 0.026948 0.022909
24 0.458646 0.265490 0.017485 0.025840
11 0.350550 0.265826 0.029109 0.026197
3 0.382603 0.265327 0.027637 0.024824
9 0.200234 0.273460 0.017364 0.040959
8 0.244359 0.266317 0.024417 0.026590
28 0.319235 0.265536 0.025368 0.024965
3 0.724730 0.266074 0.026808 0.025043
22 0.290481 0.266030 0.025191 0.024475
7 0.220851 0.266736 0.017595 0.025595
17 0.267994 0.266385 0.016036 0.024576
15 0.572486 0.310820 0.025473 0.040434
0 0.542135 0.304437 0.029674 0.026157
34 0.510964 0.304364 0.026542 0.025482
10 0.628741 0.305051 0.021770 0.026321
25 0.600576 0.304537 0.028712 0.025229
4 0.179815 0.307817 0.040170 0.031213
5 0.653286 0.308891 0.028513 0.033046
22 0.485762 0.305283 0.025020 0.024966
34 0.457492 0.305489 0.027270 0.025183
3 0.393653 0.305590 0.027819 0.025141
24 0.434389 0.305810 0.017045 0.025025
0 0.247840 0.306201 0.028406 0.025706
3 0.216694 0.306136 0.027805 0.025300
22 0.336046 0.306034 0.023791 0.024971
28 0.363612 0.306504 0.024928 0.025275
28 0.307605 0.306354 0.025294 0.024759
26 0.678452 0.306146 0.016488 0.023665
21 0.278611 0.306988 0.026637 0.024871
15 0.517108 0.350535 0.024459 0.041380
22 0.491995 0.343705 0.022557 0.025305
3 0.545084 0.343648 0.027400 0.025120
25 0.465056 0.343059 0.028042 0.023831
29 0.675946 0.349065 0.025690 0.034336
11 0.597220 0.344761 0.028501 0.025106
2 0.246493 0.350738 0.039210 0.036959
3 0.357912 0.345225 0.027888 0.025761
24 0.441937 0.344585 0.016776 0.024317
3 0.284036 0.345249 0.028312 0.025378
32 0.647149 0.347824 0.032452 0.030500
4 0.321065 0.347402 0.039780 0.029571
14 0.393761 0.345300 0.037455 0.025244
32 0.168153 0.348560 0.036537 0.031378
7 0.622586 0.346060 0.016334 0.025392
7 0.422724 0.345845 0.016281 0.024604
35 0.206417 0.346337 0.034229 0.024451
18 0.514354 0.381116 0.027739 0.028045
18 0.381314 0.382488 0.026904 0.029525
3 0.570715 0.382871 0.027769 0.025290
25 0.599535 0.382744 0.027454 0.024472
16 0.486006 0.389708 0.031594 0.038003
15 0.353249 0.389393 0.027339 0.036264
28 0.541535 0.383722 0.025246 0.024715
7 0.623246 0.383991 0.016474 0.024724
27 0.247771 0.383888 0.043176 0.024435
33 0.174667 0.384288 0.039990 0.024360
3 0.321410 0.384430 0.027545 0.024396
11 0.211248 0.384622 0.026720 0.024655
21 0.648017 0.385015 0.027690 0.025204
20 0.677832 0.384532 0.027592 0.024134
21 0.410846 0.384865 0.026224 0.024409
18 0.404120 0.419572 0.029226 0.029342
4 0.277305 0.423409 0.041492 0.031832
4 0.487810 0.423187 0.039533 0.030478
22 0.582761 0.420617 0.024823 0.024563
34 0.312528 0.420541 0.026473 0.024360
34 0.522670 0.420726 0.027721 0.024233
28 0.240471 0.421137 0.026684 0.024865
25 0.374054 0.421202 0.027325 0.024836
28 0.707971 0.421599 0.026035 0.025528
3 0.344084 0.421248 0.028391 0.024298
14 0.204298 0.421686 0.037537 0.025166
12 0.634818 0.421502 0.022749 0.024482
34 0.609531 0.421084 0.025522 0.023441
32 0.167681 0.423792 0.035823 0.028749
13 0.658436 0.421226 0.022567 0.023565
21 0.434494 0.421874 0.026148 0.024649
21 0.681536 0.421987 0.025031 0.024365
17 0.457822 0.422095 0.014112 0.023780
8 0.132447 0.462413 0.030626 0.034241
3 0.627556 0.458383 0.029191 0.026061
4 0.559560 0.461089 0.039794 0.030894
3 0.596573 0.458528 0.028534 0.025465
29 0.656660 0.458865 0.023822 0.024922
28 0.525410 0.459093 0.024995 0.024537
25 0.496808 0.459118 0.028296 0.024580
13 0.194704 0.459573 0.022598 0.025412
25 0.248369 0.459076 0.028886 0.024359
2 0.373586 0.464007 0.037855 0.034153
32 0.429574 0.461505 0.032613 0.029023
21 0.167696 0.459701 0.026838 0.025057
9 0.454938 0.465828 0.016318 0.037214
7 0.680382 0.459210 0.017581 0.023877
3 0.337635 0.459597 0.027816 0.024273
36 0.305504 0.459119 0.027117 0.023268
17 0.474280 0.459134 0.013990 0.023042
10 0.277447 0.459660 0.020784 0.023992
20 0.305780 0.459450 0.027480 0.023547
32 0.218996 0.462301 0.034939 0.028893
17 0.404754 0.460045 0.015566 0.022863
18 0.242463 0.495929 0.027238 0.028978
4 0.487608 0.500887 0.039710 0.032700
29 0.689493 0.497846 0.026284 0.026550
11 0.642668 0.498033 0.030151 0.026400
8 0.387081 0.498391 0.025068 0.026793
3 0.610672 0.497808 0.028419 0.025273
10 0.519483 0.497636 0.020917 0.024832
3 0.417474 0.498210 0.028049 0.025955
36 0.546079 0.498044 0.029166 0.025230
22 0.216004 0.497838 0.023292 0.024451
20 0.356303 0.498560 0.030166 0.025682
21 0.169599 0.498318 0.028012 0.024865
36 0.449616 0.498448 0.029810 0.025099
1 0.274093 0.498454 0.028364 0.024694
21 0.324880 0.498762 0.026995 0.025276
32 0.578182 0.501312 0.035540 0.030294
17 0.193696 0.498366 0.015209 0.024012
17 0.300546 0.498662 0.016607 0.023542
18 0.480065 0.534511 0.030202 0.028836
18 0.336370 0.535560 0.029249 0.030176
15 0.275623 0.544907 0.026298 0.044700
0 0.178582 0.536108 0.032275 0.026097
16 0.305913 0.542720 0.030379 0.039090
15 0.305923 0.543304 0.030423 0.039652
22 0.368028 0.536531 0.024205 0.025778
34 0.395675 0.536360 0.028418 0.025366
34 0.538920 0.536608 0.029102 0.025554
12 0.425306 0.537362 0.025211 0.026339
22 0.511618 0.536483 0.024850 0.024436
32 0.453230 0.539381 0.030924 0.029670
11 0.695273 0.537580 0.025360 0.023322
13 0.650020 0.537918 0.019764 0.023329
18 0.337776 0.573635 0.029475 0.028959
13 0.142789 0.575309 0.027497 0.028697
4 0.376026 0.577523 0.039256 0.032618
15 0.222904 0.580780 0.025027 0.038262
25 0.271616 0.574529 0.028823 0.024737
3 0.173857 0.574941 0.029111 0.025419
3 0.306525 0.575297 0.029629 0.025560
24 0.246740 0.574632 0.016266 0.024165
3 0.430494 0.575099 0.028322 0.024947
17 0.405737 0.575222 0.014958 0.025081
3 0.659089 0.576133 0.029171 0.025615
15 0.705410 0.582912 0.024206 0.039016
14 0.620619 0.576422 0.040628 0.025923
17 0.199901 0.575343 0.015232 0.023383
7 0.522845 0.576786 0.017789 0.025417
7 0.587652 0.576500 0.018990 0.024622
17 0.683815 0.576254 0.015557 0.024069
9 0.543873 0.583801 0.016494 0.039085
37 0.465917 0.576562 0.034003 0.024552
22 0.498591 0.576146 0.022161 0.023526
18 0.444150 0.613319 0.028357 0.028494
4 0.253586 0.616151 0.040488 0.031218
25 0.190480 0.613200 0.029031 0.024438
25 0.555389 0.613851 0.030337 0.025541
25 0.493501 0.613882 0.029431 0.025422
10 0.585930 0.614953 0.022862 0.027250
24 0.167109 0.613541 0.016828 0.023638
22 0.639521 0.614257 0.023103 0.024671
28 0.217010 0.614137 0.026720 0.024317
12 0.395178 0.614648 0.023306 0.025163
28 0.665568 0.614158 0.026627 0.024090
34 0.369451 0.614334 0.025434 0.024208
22 0.419284 0.614258 0.022879 0.023738
5 0.611711 0.619223 0.028205 0.033634
17 0.284485 0.614614 0.015552 0.024182
24 0.469790 0.614763 0.016201 0.024042
22 0.345633 0.614908 0.022956 0.023985
35 0.523023 0.615389 0.036268 0.024264
25 0.696573 0.650086 0.027206 0.024723
14 0.583871 0.651314 0.038522 0.024724
4 0.272008 0.653949 0.038842 0.029952
8 0.474263 0.651418 0.022607 0.024726
11 0.234814 0.651247 0.027015 0.024254
28 0.549362 0.651450 0.023576 0.024596
11 0.520885 0.651931 0.028432 0.024909
37 0.646606 0.652220 0.033064 0.025464
24 0.672739 0.651097 0.016195 0.022925
3 0.307565 0.651915 0.026783 0.024122
3 0.364576 0.652318 0.027498 0.024891
13 0.335930 0.652167 0.022524 0.024268
5 0.428041 0.656811 0.026675 0.032806
7 0.495730 0.652289 0.016198 0.023634
7 0.452118 0.652879 0.016043 0.023629
24 0.406651 0.652341 0.015354 0.022012
13 0.188677 0.686659 0.023847 0.023950
34 0.708997 0.688404 0.020766 0.025928
13 0.548579 0.688769 0.023832 0.026151
36 0.518119 0.688392 0.028744 0.024590
3 0.281275 0.688675 0.027922 0.025005
0 0.682907 0.688886 0.028736 0.025326
2 0.379241 0.694935 0.038728 0.037375
3 0.343179 0.689032 0.028175 0.024724
3 0.614034 0.689364 0.029559 0.025333
0 0.613883 0.689337 0.028960 0.025108
21 0.312587 0.689145 0.025923 0.024688
33 0.243198 0.688981 0.041528 0.024198
25 0.442423 0.689175 0.027587 0.023769
17 0.570704 0.689537 0.018192 0.024432
17 0.493386 0.689800 0.015429 0.024674
22 0.471319 0.689439 0.023017 0.023659
28 0.414163 0.690207 0.023870 0.023854
25 0.567628 0.725391 0.027589 0.025028
3 0.625145 0.726007 0.028585 0.025370
25 0.275138 0.726828 0.028534 0.024921
16 0.521511 0.732445 0.028129 0.036044
28 0.350355 0.726783 0.024697 0.024631
24 0.374273 0.726760 0.016717 0.024477
22 0.596569 0.726684 0.023336 0.024199
34 0.477275 0.727037 0.026051 0.024696
28 0.425651 0.727419 0.023685 0.025403
21 0.323533 0.727125 0.025838 0.024789
22 0.453330 0.727409 0.022272 0.024584
24 0.250755 0.727669 0.016785 0.024773
21 0.398372 0.727791 0.027618 0.024975
17 0.301487 0.727187 0.014951 0.023736
9 0.545677 0.732179 0.015928 0.033631
7 0.231327 0.733204 0.018587 0.035453
3 0.467290 0.765651 0.027938 0.026942
25 0.603638 0.765527 0.030031 0.025762
25 0.667339 0.765421 0.029861 0.025404
34 0.698119 0.765543 0.027143 0.025617
25 0.248732 0.766419 0.027967 0.027215
0 0.417440 0.766194 0.029944 0.026718
11 0.637113 0.766064 0.028979 0.026368
32 0.497526 0.768269 0.031836 0.030371
9 0.443607 0.776178 0.016885 0.045389
36 0.326351 0.766206 0.030918 0.025440
13 0.356729 0.765873 0.022220 0.024550
22 0.277407 0.765688 0.022199 0.024026
3 0.527164 0.766110 0.025115 0.024444
17 0.377056 0.766077 0.015950 0.024354
26 0.555224 0.766708 0.025967 0.024554
24 0.579979 0.766709 0.015798 0.024449