5 0.292479 0.144138 0.028437 0.032605
3 0.401890 0.141316 0.027686 0.025974
28 0.266983 0.141522 0.024170 0.026028
11 0.368932 0.141261 0.028483 0.025309
4 0.437427 0.143712 0.037088 0.030040
4 0.560673 0.143744 0.039524 0.029686
34 0.593692 0.141239 0.025121 0.024616
3 0.662481 0.141630 0.029993 0.025252
32 0.237515 0.144009 0.033748 0.029972
13 0.211423 0.142109 0.023820 0.026103
3 0.471964 0.141917 0.026226 0.025264
28 0.338717 0.141688 0.023577 0.024622
9 0.317209 0.149276 0.018541 0.039165
24 0.529879 0.141769 0.017683 0.023603
36 0.503207 0.142072 0.028013 0.024002
22 0.145894 0.142691 0.023019 0.023899
7 0.187222 0.143067 0.018313 0.024452
24 0.167499 0.142961 0.016324 0.023305
18 0.421722 0.179393 0.028603 0.029447
34 0.598223 0.180674 0.026924 0.025971
22 0.572494 0.181030 0.022519 0.025439
15 0.548019 0.185785 0.024405 0.034719
34 0.644699 0.180874 0.025244 0.024857
24 0.622086 0.181260 0.017704 0.025283
8 0.146053 0.181695 0.023464 0.025845
10 0.289804 0.181308 0.020632 0.024744
25 0.346980 0.181140 0.026760 0.024354
8 0.393130 0.181514 0.022948 0.025041
3 0.317738 0.181518 0.027987 0.024883
3 0.195827 0.181659 0.027242 0.024476
7 0.369871 0.182138 0.016025 0.025129
28 0.496211 0.181831 0.024547 0.024264
14 0.258164 0.181811 0.036515 0.024138
28 0.224152 0.182077 0.024916 0.024642
24 0.447242 0.181680 0.015219 0.023053
21 0.469220 0.182130 0.026051 0.023771
9 0.352459 0.219356 0.022935 0.026059
34 0.380455 0.219029 0.029064 0.025242
27 0.390144 0.219380 0.047454 0.025374
32 0.459355 0.221673 0.033125 0.029861
3 0.429804 0.219537 0.028796 0.025071
15 0.488500 0.225316 0.024106 0.036561
4 0.160262 0.223202 0.039599 0.032027
2 0.522922 0.225711 0.039421 0.036231
28 0.324423 0.220091 0.027075 0.024986
0 0.239581 0.221270 0.029945 0.026022
17 0.192726 0.221294 0.017491 0.024721
32 0.293301 0.223503 0.034088 0.029064
4 0.668874 0.224552 0.039507 0.030396
7 0.555022 0.221867 0.018869 0.024885
17 0.266948 0.222023 0.017386 0.024358
18 0.394712 0.260109 0.027573 0.028558
3 0.607799 0.262109 0.028169 0.027132
34 0.451927 0.261506 0.026075 0.024876
25 0.479150 0.261449 0.027811 0.024589
25 0.265750 0.261437 0.024500 0.024359
13 0.216560 0.261841 0.020762 0.025143
32 0.241308 0.263570 0.030619 0.028587
5 0.422709 0.264817 0.028146 0.030823
20 0.319671 0.261548 0.027900 0.023803
22 0.349716 0.261841 0.023723 0.024049
21 0.289595 0.261968 0.024742 0.023526
24 0.372218 0.262057 0.016519 0.023614
21 0.190656 0.262603 0.026172 0.024350
10 0.505561 0.262462 0.021879 0.023806
35 0.690675 0.263048 0.034397 0.024721
22 0.645644 0.262501 0.022304 0.023532
28 0.530829 0.262568 0.024535 0.023501
3 0.576637 0.262765 0.026375 0.023469
18 0.423124 0.298502 0.025024 0.025125
4 0.321072 0.301539 0.037117 0.030110
34 0.353848 0.299479 0.025383 0.024673
34 0.272501 0.299853 0.026112 0.024607
25 0.451073 0.299052 0.026068 0.022576
3 0.652707 0.300718 0.028857 0.025885
32 0.398209 0.302277 0.031393 0.028857
1 0.244962 0.300021 0.026728 0.024037
24 0.376512 0.300395 0.015333 0.024223
7 0.473935 0.300108 0.016075 0.022757
20 0.525943 0.300374 0.028804 0.023274
21 0.495690 0.300557 0.025819 0.023333
0 0.572761 0.300860 0.027332 0.023698
3 0.621123 0.301092 0.027490 0.024138
24 0.220322 0.300707 0.016478 0.023049
10 0.199709 0.300908 0.019504 0.023341
9 0.597110 0.306275 0.014746 0.033164
29 0.173820 0.302093 0.024851 0.024419
5 0.313833 0.341362 0.028153 0.031814
2 0.428875 0.343453 0.036202 0.035955
34 0.285511 0.337654 0.025763 0.024185
1 0.621887 0.337688 0.027730 0.024179
28 0.462302 0.337526 0.024810 0.023761
4 0.200476 0.340980 0.035787 0.030611
34 0.546695 0.337717 0.024001 0.023890
22 0.523233 0.337797 0.021908 0.023992
16 0.575036 0.343821 0.026857 0.035588
22 0.261915 0.337613 0.021268 0.023015
3 0.235222 0.338053 0.026882 0.023791
22 0.649562 0.337889 0.020187 0.023060
35 0.391480 0.337910 0.032079 0.022589
9 0.598310 0.346359 0.015909 0.038406
36 0.439592 0.375145 0.027848 0.024578
25 0.225041 0.374907 0.028547 0.023650
28 0.695173 0.375678 0.023572 0.024798
25 0.487374 0.375152 0.028535 0.023720
4 0.605011 0.378586 0.038111 0.030358
11 0.667701 0.375970 0.027337 0.025122
34 0.638439 0.375957 0.025792 0.024901
11 0.541312 0.375938 0.027593 0.024566
10 0.514615 0.376121 0.020362 0.024929
36 0.346879 0.375442 0.029348 0.023366
33 0.383975 0.375619 0.039059 0.023716
7 0.413312 0.375340 0.016484 0.023153
22 0.253812 0.375966 0.021321 0.024020
24 0.464054 0.375663 0.015849 0.023410
17 0.274696 0.376073 0.014383 0.023971
28 0.570752 0.376399 0.026382 0.023544
29 0.243075 0.416768 0.023706 0.031871
3 0.462887 0.413057 0.026856 0.024386
7 0.413868 0.413409 0.018156 0.024686
32 0.435846 0.415190 0.027852 0.028196
34 0.663962 0.413658 0.026043 0.025049
3 0.364858 0.413336 0.027160 0.024352
15 0.242928 0.416898 0.023632 0.031315
22 0.391243 0.412934 0.021422 0.023190
0 0.316097 0.413603 0.028234 0.024474
3 0.285515 0.413896 0.027258 0.024975
9 0.340747 0.416922 0.015613 0.030695
22 0.490946 0.413942 0.023437 0.024400
12 0.217894 0.415106 0.021469 0.026076
22 0.640738 0.414286 0.022358 0.024253
27 0.608933 0.414124 0.041699 0.023769
11 0.572203 0.414679 0.027198 0.024731
0 0.147619 0.415148 0.028455 0.024646
21 0.193019 0.415040 0.024877 0.024312
24 0.512539 0.414357 0.016130 0.022902
35 0.538246 0.415371 0.033832 0.024267
17 0.171684 0.415364 0.014284 0.023815
18 0.260446 0.449235 0.026918 0.028355
4 0.399231 0.451647 0.037440 0.029231
10 0.431663 0.449546 0.024347 0.024910
3 0.474575 0.450165 0.028418 0.025906
36 0.362696 0.449506 0.027922 0.023925
25 0.288870 0.449723 0.026310 0.023816
3 0.619304 0.450889 0.027006 0.025018
22 0.316879 0.450353 0.023249 0.023808
25 0.569199 0.450626 0.029072 0.023885
11 0.649739 0.451441 0.027910 0.025376
17 0.338447 0.450409 0.014865 0.023034
32 0.504858 0.453280 0.028126 0.027889
24 0.237725 0.451937 0.016740 0.024951
25 0.165264 0.451666 0.030305 0.024256
24 0.545970 0.450901 0.014455 0.022664
17 0.595025 0.451972 0.015858 0.024729
17 0.527725 0.452142 0.015838 0.024613
28 0.216472 0.452099 0.024503 0.024523
24 0.139712 0.452462 0.016945 0.024070
20 0.418395 0.487954 0.027754 0.026592
25 0.331351 0.488004 0.026470 0.024249
3 0.387616 0.488647 0.027569 0.025383
3 0.469868 0.488981 0.027010 0.025455
1 0.549677 0.489310 0.028383 0.025878
16 0.285904 0.495022 0.027090 0.037112
22 0.359123 0.488859 0.022709 0.024680
11 0.255965 0.489402 0.025965 0.024976
25 0.598053 0.489204 0.029327 0.024473
24 0.444691 0.489065 0.016723 0.023822
3 0.255788 0.489344 0.026037 0.024026
9 0.309483 0.496706 0.017104 0.038125
17 0.213311 0.490741 0.016009 0.025664
25 0.162178 0.490004 0.027842 0.023900
22 0.190535 0.490249 0.022527 0.024234
22 0.626998 0.489918 0.022260 0.023565
17 0.573902 0.490131 0.015248 0.023947
9 0.232262 0.496579 0.015889 0.036712
17 0.648387 0.490109 0.015501 0.022965
24 0.138813 0.491974 0.015496 0.024593
3 0.436127 0.526080 0.026839 0.024864
25 0.464221 0.526148 0.027689 0.024146
28 0.356380 0.526385 0.024593 0.024037
22 0.382012 0.526151 0.022905 0.023351
28 0.408081 0.526884 0.024643 0.024161
33 0.321656 0.526537 0.038730 0.023086
22 0.492510 0.527338 0.022035 0.023491
16 0.569983 0.533123 0.028235 0.034886
25 0.196697 0.527175 0.027680 0.022989
7 0.273294 0.528398 0.018019 0.025427
32 0.251247 0.529835 0.030435 0.028298
10 0.225199 0.527865 0.021146 0.024341
36 0.537797 0.528277 0.029084 0.024874
17 0.513176 0.527959 0.014777 0.023610
25 0.614771 0.528226 0.027394 0.023777
24 0.173475 0.528231 0.016044 0.023133
22 0.642716 0.528896 0.022796 0.023387
17 0.663922 0.529759 0.015580 0.023958
11 0.425864 0.562671 0.030087 0.025251
9 0.297270 0.563418 0.021466 0.025650
11 0.349029 0.563246 0.029237 0.024850
28 0.456393 0.563296 0.024069 0.024861
7 0.321501 0.563523 0.017651 0.025246
0 0.247802 0.562971 0.029892 0.024070
7 0.273610 0.563239 0.017259 0.024183
4 0.168099 0.565605 0.041566 0.028833
17 0.375716 0.563136 0.016139 0.023664
24 0.397557 0.563759 0.017775 0.024226
3 0.603720 0.564487 0.028350 0.024514
21 0.572406 0.564976 0.027284 0.024223
25 0.541988 0.564710 0.030878 0.023678
25 0.254301 0.600834 0.027619 0.023677
3 0.474590 0.601767 0.026082 0.025131
25 0.423733 0.601033 0.029006 0.023648
1 0.226866 0.601473 0.026573 0.024492
3 0.197221 0.602277 0.027630 0.025602
7 0.335243 0.602348 0.017229 0.025244
34 0.534151 0.602335 0.026616 0.025022
22 0.579689 0.601706 0.022243 0.023452
11 0.505098 0.602434 0.027477 0.024853
32 0.359586 0.604024 0.027982 0.027840
28 0.660408 0.602134 0.026094 0.024042
24 0.399869 0.601501 0.015564 0.022620
17 0.450804 0.602401 0.014939 0.024221
33 0.306132 0.602165 0.037379 0.023497
24 0.558150 0.602765 0.016571 0.024130
12 0.635804 0.603590 0.020333 0.024803
35 0.608493 0.602721 0.031981 0.023003
3 0.260860 0.637246 0.026921 0.024790
34 0.317102 0.637515 0.027877 0.024581
34 0.417368 0.637503 0.026579 0.024339
14 0.226265 0.637247 0.035301 0.023791
8 0.195395 0.637327 0.022439 0.023896
0 0.447212 0.637693 0.026601 0.024185
34 0.621366 0.638475 0.026234 0.025348
5 0.288537 0.641368 0.026671 0.031099
24 0.394891 0.637540 0.016835 0.023005
25 0.518993 0.638067 0.026070 0.023716
21 0.475978 0.638256 0.025551 0.024072
35 0.368405 0.638191 0.033638 0.023826
24 0.341866 0.637940 0.017629 0.023211
1 0.592564 0.638478 0.027818 0.024259
24 0.566821 0.638361 0.016202 0.023918
3 0.702334 0.639978 0.026957 0.025587
17 0.497147 0.639290 0.015197 0.024118
10 0.319164 0.673790 0.022600 0.025627
4 0.352941 0.676486 0.038068 0.030850
25 0.289630 0.673461 0.028462 0.024312
3 0.420255 0.674159 0.028089 0.025601
3 0.389297 0.674671 0.028464 0.025978
5 0.497231 0.678220 0.027896 0.031958
25 0.541988 0.674568 0.027027 0.024524
0 0.450729 0.674357 0.027521 0.023984
17 0.474575 0.675164 0.014325 0.025146
28 0.242957 0.674692 0.025119 0.024097
21 0.215555 0.674847 0.026419 0.024262
4 0.599761 0.678354 0.037128 0.031262
24 0.265994 0.674474 0.015957 0.023240
24 0.191868 0.674661 0.015202 0.023166
10 0.568774 0.675406 0.019314 0.024483
3 0.633785 0.675455 0.027158 0.024568
0 0.675001 0.675381 0.027181 0.024392
17 0.520908 0.674623 0.015756 0.022693
12 0.699638 0.675742 0.020132 0.023812
10 0.699753 0.675849 0.021155 0.023852
25 0.350140 0.709914 0.027428 0.024378
3 0.412344 0.710784 0.027126 0.025231
3 0.469119 0.711092 0.027990 0.025033
3 0.321903 0.710882 0.028446 0.024559
3 0.381722 0.711309 0.027643 0.025324
3 0.217169 0.711470 0.027508 0.024955
3 0.549195 0.711531 0.026516 0.025045
8 0.575358 0.711529 0.022161 0.024918
5 0.244781 0.715033 0.026475 0.031730
0 0.500886 0.711631 0.029500 0.024623
9 0.525865 0.717194 0.015574 0.035196
21 0.601760 0.711612 0.025156 0.023790
32 0.291627 0.713982 0.029982 0.028525
21 0.440561 0.712057 0.023936 0.024445
3 0.630599 0.712505 0.026511 0.024151
3 0.697466 0.713112 0.028040 0.024241
33 0.663389 0.713303 0.036190 0.023699
18 0.616901 0.748150 0.028872 0.029117
15 0.385078 0.756310 0.024550 0.042391
25 0.480905 0.748900 0.026973 0.024764
3 0.311347 0.749513 0.028001 0.025599
3 0.452179 0.749345 0.027902 0.025042
24 0.335333 0.749151 0.016384 0.024341
25 0.542692 0.749667 0.028524 0.025169
7 0.567999 0.749565 0.016048 0.024624
21 0.357749 0.749785 0.026412 0.024914
3 0.512487 0.750172 0.028428 0.025683
21 0.281063 0.749788 0.026287 0.024794
25 0.154124 0.749947 0.028083 0.024313
8 0.589946 0.750234 0.023221 0.024857
3 0.184609 0.750690 0.027604 0.025293
33 0.415858 0.749867 0.038617 0.023424
15 0.648585 0.757291 0.028863 0.038219
16 0.648287 0.757291 0.028644 0.037824
35 0.234465 0.750741 0.033668 0.024220
24 0.208055 0.750691 0.015627 0.024003
9 0.672008 0.760724 0.015491 0.043378
20 0.695582 0.752186 0.028277 0.023232