3 0.649681 0.129361 0.027894 0.025114
25 0.541968 0.129340 0.030161 0.023578
20 0.408922 0.131055 0.025322 0.025451
24 0.516437 0.130319 0.015742 0.023669
34 0.365450 0.130790 0.025173 0.024195
34 0.236017 0.131163 0.026654 0.024923
11 0.336751 0.131640 0.027371 0.025395
11 0.207936 0.131299 0.025938 0.024162
7 0.481987 0.130556 0.015209 0.022383
26 0.434468 0.131449 0.021720 0.024126
25 0.305560 0.131510 0.026924 0.024121
29 0.459895 0.131075 0.023962 0.023108
28 0.181249 0.131280 0.022029 0.023403
29 0.278264 0.131970 0.024311 0.024376
12 0.159466 0.133117 0.020566 0.024809
3 0.695115 0.170345 0.026385 0.025605
3 0.666419 0.170621 0.026263 0.025231
25 0.612823 0.171125 0.026817 0.024289
15 0.566488 0.176092 0.028025 0.034005
22 0.639959 0.171196 0.019879 0.024160
16 0.566478 0.176280 0.027147 0.033894
4 0.240799 0.174250 0.036649 0.029583
10 0.490016 0.171588 0.021421 0.024094
34 0.537104 0.171489 0.025791 0.023817
9 0.590784 0.177989 0.016971 0.036771
13 0.467080 0.171907 0.022046 0.024127
22 0.514495 0.171629 0.020974 0.023422
34 0.427901 0.171946 0.025478 0.023904
22 0.403883 0.172220 0.022304 0.024107
25 0.355285 0.172159 0.025365 0.023836
10 0.380567 0.172356 0.019840 0.023837
0 0.188658 0.172423 0.026784 0.023624
32 0.129355 0.180553 0.042789 0.039689
11 0.309114 0.173397 0.026610 0.025311
17 0.212095 0.172816 0.014439 0.023843
28 0.160933 0.172879 0.022965 0.023436
35 0.276651 0.172807 0.032203 0.023258
7 0.332962 0.173001 0.016122 0.023379
25 0.642605 0.211101 0.030599 0.024877
4 0.262180 0.214690 0.037576 0.030674
3 0.483230 0.211675 0.026284 0.024378
9 0.459941 0.219701 0.014709 0.040062
27 0.370252 0.211976 0.040992 0.024455
24 0.616232 0.212325 0.017252 0.024628
3 0.406227 0.212349 0.027613 0.024585
0 0.436393 0.212269 0.027018 0.024417
22 0.178676 0.211918 0.020936 0.023687
10 0.292928 0.212325 0.020324 0.023927
36 0.225353 0.212219 0.028316 0.023234
10 0.312539 0.212497 0.014645 0.023515
17 0.201288 0.212639 0.015376 0.023773
11 0.334637 0.213111 0.026755 0.024673
24 0.157124 0.212687 0.015480 0.023613
18 0.432748 0.251376 0.029765 0.028331
28 0.509879 0.252951 0.024056 0.025347
0 0.167839 0.253194 0.030150 0.025832
25 0.483018 0.252816 0.030272 0.024908
25 0.599030 0.253696 0.028163 0.025382
13 0.652837 0.252796 0.019845 0.023247
11 0.327556 0.254019 0.029258 0.025471
28 0.359394 0.254026 0.026475 0.025109
14 0.265558 0.254333 0.039130 0.025057
22 0.230927 0.254246 0.023508 0.024610
1 0.662837 0.290138 0.027559 0.024650
14 0.600950 0.290458 0.036618 0.024367
25 0.448170 0.290296 0.027321 0.023923
3 0.130214 0.291819 0.030063 0.026487
4 0.386067 0.293701 0.036959 0.029953
28 0.634501 0.290851 0.023746 0.024200
11 0.541190 0.290896 0.025212 0.024000
28 0.567723 0.291252 0.023579 0.024506
4 0.319669 0.293857 0.037640 0.029489
22 0.476033 0.290744 0.020832 0.023253
21 0.420922 0.291121 0.026212 0.023411
34 0.352375 0.291442 0.024558 0.024013
0 0.181064 0.291383 0.027537 0.023728
3 0.284266 0.292010 0.026659 0.024260
11 0.255394 0.291995 0.024949 0.023877
21 0.226349 0.292143 0.024897 0.023367
17 0.204860 0.292387 0.014545 0.023443
18 0.634552 0.327490 0.026997 0.026187
26 0.131969 0.328837 0.032095 0.026472
25 0.465865 0.327684 0.026376 0.023157
5 0.661338 0.332355 0.027178 0.032240
34 0.413745 0.328026 0.025112 0.023523
29 0.439041 0.328703 0.022103 0.024689
4 0.381683 0.332911 0.035660 0.032806
11 0.495983 0.329161 0.028502 0.024862
34 0.523908 0.328972 0.024044 0.024165
4 0.558888 0.330509 0.040537 0.027097
0 0.164028 0.329182 0.027156 0.024435
34 0.348234 0.329196 0.026248 0.023970
28 0.594476 0.329241 0.017674 0.024041
11 0.231482 0.329387 0.026500 0.024068
11 0.319425 0.330070 0.027452 0.024650
7 0.255245 0.329740 0.016239 0.023640
9 0.188024 0.336267 0.017262 0.036333
7 0.294089 0.330175 0.017891 0.023800
7 0.206164 0.329984 0.017081 0.023246
24 0.273759 0.330180 0.015910 0.023457
15 0.452166 0.371325 0.024172 0.034530
4 0.533110 0.370329 0.037648 0.032521
4 0.419308 0.369636 0.037280 0.029966
4 0.648725 0.369784 0.038805 0.029824
3 0.613167 0.367341 0.028320 0.024471
0 0.480360 0.367567 0.027986 0.024703
13 0.161750 0.367698 0.023343 0.024953
15 0.269107 0.373809 0.023920 0.036660
8 0.243576 0.368168 0.021217 0.024830
17 0.503991 0.367923 0.015267 0.023865
3 0.216084 0.368533 0.027062 0.024704
22 0.187967 0.368393 0.021467 0.024302
14 0.359524 0.368296 0.037238 0.023977
24 0.389978 0.368137 0.015958 0.023528
11 0.296912 0.368563 0.027577 0.024252
28 0.325897 0.368582 0.025021 0.023981
18 0.386654 0.403871 0.027073 0.027759
4 0.460829 0.407009 0.038042 0.029986
4 0.352558 0.407602 0.037732 0.030073
26 0.131043 0.406889 0.031906 0.027867
7 0.411505 0.405429 0.017046 0.023981
10 0.493265 0.405382 0.019596 0.023742
7 0.431201 0.405566 0.017095 0.023993
28 0.318705 0.405943 0.024983 0.024662
4 0.217794 0.408388 0.037835 0.028940
36 0.605058 0.407671 0.016989 0.026505
25 0.180662 0.406089 0.027880 0.023254
24 0.157544 0.406262 0.015439 0.023592
10 0.248508 0.406717 0.018905 0.024405
5 0.272289 0.410166 0.027612 0.030026
18 0.286175 0.442482 0.027672 0.027181
4 0.415593 0.445333 0.036300 0.030192
11 0.318410 0.443199 0.028560 0.025422
3 0.349641 0.443018 0.027062 0.024816
34 0.489725 0.443135 0.024970 0.024993
4 0.658042 0.445859 0.037181 0.029865
10 0.445999 0.443451 0.020640 0.024175
36 0.380136 0.443441 0.027971 0.023929
20 0.163192 0.443534 0.027448 0.024072
3 0.193301 0.443768 0.025482 0.023949
24 0.466406 0.443690 0.015913 0.023696
25 0.536110 0.444031 0.026739 0.023700
17 0.513266 0.444385 0.016697 0.024184
13 0.220110 0.443924 0.022744 0.023258
22 0.260282 0.444231 0.022037 0.023411
9 0.630309 0.450341 0.014403 0.034380
35 0.697097 0.444025 0.034893 0.020624
17 0.240089 0.444896 0.014009 0.022167
26 0.133245 0.482699 0.031684 0.027263
4 0.497778 0.485369 0.039509 0.030959
11 0.436034 0.483200 0.026768 0.025165
3 0.164649 0.483290 0.027363 0.025280
25 0.321609 0.482904 0.028547 0.024280
3 0.353942 0.483799 0.028583 0.026036
34 0.531259 0.483437 0.025535 0.025111
28 0.463705 0.483353 0.024154 0.024863
12 0.191435 0.483938 0.021392 0.025785
3 0.292591 0.483773 0.026670 0.025218
22 0.264854 0.483651 0.018435 0.024959
8 0.214618 0.483398 0.022165 0.024178
17 0.377966 0.484039 0.016140 0.024510
1 0.672365 0.483918 0.026543 0.024230
35 0.403447 0.483724 0.033432 0.023417
28 0.240256 0.483979 0.023829 0.023892
22 0.594769 0.484759 0.022727 0.022935
37 0.563842 0.485242 0.032750 0.023707
35 0.641235 0.484779 0.031240 0.022715
24 0.615918 0.485043 0.016258 0.022598
32 0.733507 0.526417 0.037664 0.034083
3 0.428000 0.522609 0.027148 0.025436
25 0.457325 0.522003 0.028099 0.024054
7 0.483076 0.522530 0.016866 0.023853
32 0.322557 0.525255 0.031843 0.028411
8 0.216629 0.522796 0.020504 0.023454
33 0.392379 0.523080 0.037728 0.023993
20 0.536129 0.522940 0.028230 0.023712
36 0.579772 0.523306 0.028884 0.023854
3 0.190561 0.523487 0.024880 0.024036
21 0.505963 0.523434 0.025337 0.023905
7 0.298757 0.523164 0.015805 0.023199
22 0.260257 0.522997 0.021393 0.022700
7 0.346181 0.523761 0.015484 0.024197
32 0.610522 0.525426 0.031384 0.027410
7 0.238689 0.523153 0.016197 0.022819
3 0.639232 0.523877 0.025269 0.024083
11 0.667835 0.523935 0.024580 0.023941
24 0.280969 0.523152 0.014374 0.022200
25 0.182670 0.558143 0.026179 0.023709
24 0.157551 0.559578 0.023739 0.025180
4 0.386638 0.561746 0.035269 0.029046
15 0.626401 0.563803 0.023572 0.033138
28 0.698409 0.559587 0.024274 0.024502
27 0.217382 0.559264 0.036038 0.023464
0 0.278121 0.559455 0.025589 0.023652
5 0.647308 0.563362 0.026297 0.031213
11 0.250001 0.559397 0.024463 0.023118
3 0.477144 0.559660 0.024231 0.023512
21 0.418019 0.559694 0.023835 0.022960
9 0.300790 0.566623 0.015188 0.036675
22 0.601878 0.560210 0.021100 0.023768
25 0.576532 0.559596 0.026322 0.022404
35 0.446795 0.559740 0.030369 0.022507
22 0.673045 0.560122 0.021682 0.023190
3 0.323850 0.560508 0.026191 0.023791
33 0.509837 0.560068 0.036784 0.022629
7 0.537192 0.560689 0.015298 0.023425
37 0.322644 0.596463 0.032576 0.026116
11 0.209367 0.597290 0.027019 0.025876
21 0.161136 0.597468 0.026391 0.025693
27 0.449240 0.597266 0.024115 0.024730
3 0.239616 0.597306 0.026280 0.024578
7 0.185173 0.597249 0.016042 0.024382
3 0.403145 0.597681 0.025492 0.025212
25 0.682834 0.596903 0.026355 0.023530
34 0.448937 0.597087 0.024035 0.023608
2 0.572943 0.602709 0.034935 0.034734
3 0.606973 0.597820 0.026964 0.024522
5 0.633707 0.600487 0.023499 0.029682
0 0.355592 0.598080 0.027445 0.024750
22 0.487746 0.597583 0.021128 0.023753
12 0.427892 0.598195 0.019690 0.024957
34 0.659136 0.597886 0.024619 0.023656
35 0.708421 0.597847 0.030290 0.023486
21 0.511831 0.598160 0.023733 0.023698
20 0.539233 0.597885 0.026342 0.023052
18 0.204777 0.631659 0.026592 0.028027
24 0.182819 0.632636 0.015954 0.024640
22 0.160841 0.632245 0.022657 0.023640
0 0.465991 0.633885 0.028054 0.024623
11 0.513699 0.633819 0.026456 0.024362
10 0.421554 0.633713 0.021038 0.024001
4 0.239647 0.636310 0.035077 0.028780
10 0.269480 0.633590 0.020532 0.023127
4 0.577929 0.636068 0.037130 0.028028
3 0.612473 0.634454 0.025934 0.024621
32 0.332340 0.635836 0.027084 0.027146
11 0.641893 0.634498 0.025528 0.024458
4 0.391504 0.637646 0.035887 0.030714
3 0.543130 0.634325 0.025411 0.023934
16 0.359695 0.638857 0.026905 0.032808
34 0.708562 0.634862 0.025442 0.024694
24 0.688454 0.634593 0.015325 0.023437
24 0.290214 0.634650 0.015184 0.023125
28 0.668144 0.634597 0.023074 0.022971
18 0.208102 0.667972 0.027082 0.028350
13 0.161593 0.671563 0.022806 0.030154
14 0.243449 0.669518 0.036724 0.024661
25 0.465180 0.669772 0.028171 0.024959
11 0.277853 0.669338 0.026197 0.023975
26 0.184587 0.672985 0.016304 0.031244
9 0.184615 0.674928 0.017829 0.035060
34 0.305684 0.669744 0.025184 0.024501
15 0.519420 0.674619 0.025305 0.034146
4 0.405384 0.672804 0.035242 0.029529
22 0.493348 0.670540 0.021842 0.024734
0 0.594139 0.670831 0.029761 0.025138
3 0.563243 0.670612 0.027273 0.024669
3 0.642697 0.671275 0.027394 0.025118
11 0.673852 0.671474 0.029377 0.025034
34 0.372595 0.670810 0.024364 0.023665
5 0.342989 0.674126 0.029814 0.030029
21 0.438184 0.671177 0.024825 0.024115
3 0.185159 0.707369 0.027111 0.024808
34 0.242584 0.708140 0.025563 0.025279
4 0.499299 0.711470 0.038079 0.031879
1 0.216071 0.707798 0.026591 0.024087
4 0.325178 0.710738 0.038540 0.029375
15 0.532815 0.712104 0.023973 0.031924
25 0.288212 0.708111 0.026530 0.023655
24 0.160310 0.708261 0.015736 0.023945
25 0.385852 0.708449 0.028217 0.024050
15 0.358600 0.712332 0.024248 0.031700
24 0.266026 0.708948 0.016311 0.024368
22 0.414366 0.709497 0.021917 0.025221
25 0.640078 0.709880 0.028577 0.024985
33 0.563721 0.709946 0.040457 0.024569
9 0.616200 0.715568 0.016460 0.035363
7 0.595439 0.710372 0.018280 0.024641
17 0.437200 0.709902 0.015773 0.023063
22 0.669024 0.710676 0.022155 0.024469
7 0.691467 0.710797 0.017989 0.024702
1 0.230737 0.746271 0.027682 0.025740
15 0.259324 0.754306 0.023907 0.041397
11 0.168600 0.746727 0.028912 0.026013
3 0.200308 0.746818 0.027998 0.025679
3 0.486608 0.747909 0.028376 0.026299
3 0.299728 0.747540 0.028018 0.025469
34 0.546587 0.747603 0.025481 0.025521
22 0.412650 0.747042 0.023284 0.024228
11 0.517688 0.747951 0.027259 0.025774
32 0.369948 0.749947 0.029333 0.029612
21 0.455849 0.748035 0.026771 0.025411
17 0.434970 0.747538 0.014505 0.024243
17 0.391278 0.747942 0.014635 0.024967
3 0.640128 0.748680 0.028136 0.025614
17 0.325022 0.747734 0.015365 0.023389
10 0.568204 0.748201 0.014724 0.024119
9 0.615935 0.753278 0.015900 0.034125
0 0.591232 0.748727 0.029397 0.024983
17 0.694695 0.749658 0.015233 0.025245