3 0.617329 0.145368 0.026155 0.026351
25 0.538912 0.144818 0.027039 0.024834
25 0.589119 0.144794 0.028061 0.024776
28 0.562747 0.145391 0.022721 0.025209
10 0.498035 0.145288 0.018861 0.024921
24 0.516665 0.145241 0.015695 0.024704
24 0.478964 0.145525 0.015522 0.024379
28 0.426168 0.146028 0.024191 0.025130
0 0.644881 0.146124 0.026948 0.025187
29 0.402807 0.146182 0.025371 0.024876
22 0.354260 0.146688 0.021433 0.025142
5 0.284056 0.149912 0.024892 0.031016
34 0.310564 0.147433 0.025340 0.025763
3 0.258075 0.147846 0.025034 0.024859
22 0.214940 0.148544 0.019060 0.023995
17 0.236112 0.148406 0.014648 0.023509
25 0.190790 0.148700 0.026353 0.023780
34 0.165553 0.149057 0.023711 0.024362
8 0.140930 0.149636 0.021413 0.024292
25 0.623960 0.185204 0.026305 0.024634
22 0.649471 0.185781 0.020950 0.024429
7 0.669382 0.186113 0.016894 0.024949
13 0.509172 0.185715 0.021328 0.023925
7 0.585224 0.186258 0.017449 0.024937
33 0.555483 0.186233 0.038558 0.024339
36 0.482284 0.186535 0.026493 0.024536
25 0.415151 0.186618 0.027134 0.024098
13 0.372452 0.187281 0.021285 0.023938
20 0.300391 0.187882 0.026702 0.024791
22 0.439458 0.187297 0.020407 0.023555
25 0.346106 0.187509 0.026311 0.023875
17 0.392020 0.187898 0.014669 0.024453
24 0.324320 0.188026 0.014439 0.024235
17 0.277395 0.188337 0.015261 0.023758
22 0.256314 0.188175 0.020968 0.023343
21 0.204976 0.188866 0.025685 0.024533
34 0.161157 0.189643 0.023252 0.024138
24 0.182677 0.189327 0.015615 0.022893
32 0.135520 0.193044 0.033242 0.028669
18 0.581197 0.222993 0.025389 0.028515
8 0.555485 0.224686 0.022108 0.026532
34 0.680136 0.223927 0.023082 0.024556
0 0.610400 0.224301 0.027637 0.025135
1 0.655617 0.224381 0.025779 0.025106
25 0.512206 0.224890 0.027109 0.024698
17 0.633435 0.224595 0.013500 0.023773
17 0.535200 0.225261 0.014758 0.024912
36 0.484192 0.225759 0.027479 0.024786
11 0.438088 0.226922 0.026254 0.024985
17 0.460652 0.227163 0.013859 0.024954
21 0.344977 0.227342 0.026250 0.024548
3 0.172921 0.228279 0.026218 0.025495
1 0.203094 0.228243 0.027450 0.025179
28 0.232140 0.228435 0.023939 0.025245
32 0.302634 0.229954 0.026703 0.028044
33 0.403876 0.228247 0.036855 0.024326
11 0.143234 0.228807 0.027753 0.024842
36 0.589123 0.264487 0.027092 0.026137
3 0.666081 0.266195 0.026618 0.026763
3 0.559013 0.265228 0.025722 0.024674
0 0.619727 0.265753 0.026785 0.025693
9 0.641961 0.272056 0.015812 0.037215
22 0.532748 0.265563 0.021782 0.023723
17 0.511339 0.265885 0.014125 0.024056
21 0.488536 0.266264 0.025291 0.024765
24 0.467946 0.266186 0.014451 0.023108
17 0.411443 0.267245 0.013765 0.025009
22 0.431243 0.266301 0.020525 0.023112
28 0.391801 0.267309 0.023623 0.024535
11 0.257168 0.267755 0.026585 0.025116
3 0.347218 0.267443 0.026994 0.024489
3 0.286150 0.267815 0.025290 0.024790
36 0.316150 0.267782 0.027585 0.023948
24 0.371825 0.267770 0.016244 0.023523
28 0.164887 0.268682 0.023947 0.024940
21 0.137733 0.269181 0.026782 0.024576
35 0.224713 0.268672 0.032808 0.023144
4 0.616877 0.309165 0.038350 0.031460
0 0.504162 0.306351 0.027484 0.024776
1 0.457440 0.306725 0.026769 0.025495
3 0.581689 0.306613 0.027091 0.025263
9 0.528499 0.314944 0.018361 0.041681
25 0.235855 0.306422 0.027360 0.024205
3 0.552522 0.306702 0.025321 0.024731
3 0.206540 0.307196 0.027211 0.025214
34 0.339541 0.306943 0.023637 0.024641
25 0.311042 0.306676 0.028407 0.024046
3 0.265417 0.307478 0.027192 0.025619
24 0.182270 0.307990 0.016505 0.025257
22 0.378733 0.307258 0.021229 0.023689
11 0.142248 0.308096 0.026505 0.025202
17 0.164946 0.308407 0.014734 0.024036
18 0.459859 0.343631 0.026840 0.029075
34 0.556225 0.345003 0.026473 0.025622
14 0.493103 0.345337 0.035988 0.025515
11 0.528005 0.345491 0.027352 0.025543
25 0.610110 0.345358 0.029603 0.025257
7 0.651265 0.345620 0.016560 0.025496
27 0.565727 0.345556 0.046650 0.025314
28 0.348473 0.345818 0.025080 0.024893
11 0.320727 0.346324 0.026888 0.025702
34 0.391347 0.345622 0.024961 0.024171
17 0.438400 0.346732 0.013849 0.026272
25 0.263460 0.345932 0.025610 0.024530
13 0.418145 0.345774 0.021713 0.024196
34 0.291158 0.346367 0.025818 0.025168
37 0.174245 0.347884 0.031766 0.027861
15 0.221130 0.351400 0.023728 0.034773
30 0.140935 0.347192 0.026948 0.026261
3 0.141039 0.347603 0.026563 0.025743
18 0.274009 0.381705 0.026960 0.028461
18 0.410634 0.381910 0.025509 0.028586
3 0.320656 0.383343 0.026062 0.026103
8 0.589374 0.383743 0.022392 0.025461
21 0.616277 0.383744 0.025284 0.025214
25 0.438216 0.383087 0.026623 0.023859
13 0.640251 0.383248 0.020771 0.024101
0 0.350607 0.383315 0.027135 0.023924
17 0.659402 0.383202 0.016303 0.023616
34 0.563327 0.383717 0.025157 0.024519
0 0.243816 0.383862 0.028006 0.024664
20 0.212386 0.383879 0.027167 0.024607
3 0.468438 0.384079 0.026005 0.024826
25 0.156826 0.383997 0.027170 0.024457
11 0.497924 0.384362 0.026771 0.025131
24 0.389498 0.383687 0.013399 0.022848
28 0.523333 0.384320 0.022603 0.023973
24 0.134171 0.385457 0.018075 0.024646
36 0.336799 0.420352 0.025611 0.023902
3 0.415645 0.420821 0.025002 0.024382
25 0.265086 0.420512 0.025936 0.023727
11 0.550713 0.421381 0.026292 0.025403
25 0.186116 0.420463 0.026447 0.023399
25 0.521749 0.420645 0.025619 0.023570
8 0.211250 0.421057 0.018894 0.024373
0 0.444473 0.420633 0.025552 0.023102
22 0.292465 0.420954 0.021924 0.023486
11 0.580592 0.422036 0.026130 0.025296
28 0.160055 0.421613 0.022158 0.024400
24 0.500681 0.420967 0.015403 0.022369
17 0.313539 0.421512 0.014302 0.023424
28 0.608573 0.422901 0.023279 0.025809
17 0.483777 0.422604 0.013855 0.025120
34 0.650297 0.422646 0.025297 0.025182
32 0.132552 0.424229 0.031743 0.027794
24 0.629732 0.422685 0.014238 0.023680
18 0.410329 0.455654 0.026953 0.028753
0 0.306171 0.457502 0.027000 0.025983
11 0.495709 0.457389 0.027047 0.025329
9 0.388072 0.460730 0.014797 0.031672
7 0.470802 0.457785 0.015586 0.025531
14 0.442533 0.457524 0.034790 0.024557
1 0.217367 0.458081 0.026994 0.025588
3 0.526940 0.457403 0.026728 0.024183
13 0.262650 0.457318 0.021783 0.023794
24 0.158348 0.457692 0.016180 0.024142
22 0.136350 0.457308 0.022427 0.023246
13 0.368139 0.457726 0.021911 0.024020
9 0.368174 0.458043 0.021868 0.024520
10 0.674561 0.458501 0.018500 0.024431
21 0.650620 0.458346 0.024059 0.024071
35 0.185101 0.457919 0.033728 0.022982
22 0.608311 0.458118 0.022885 0.023373
17 0.241561 0.458400 0.015342 0.023916
17 0.282698 0.458029 0.013777 0.023049
17 0.630025 0.458814 0.014319 0.023674
11 0.137025 0.495719 0.027592 0.024929
11 0.263993 0.496411 0.026559 0.025242
3 0.234193 0.496549 0.025905 0.025241
11 0.381233 0.496735 0.025816 0.024801
28 0.163147 0.496380 0.022759 0.023957
13 0.188666 0.496264 0.022843 0.023438
25 0.533295 0.497254 0.028593 0.025293
28 0.351996 0.497063 0.024869 0.024289
13 0.431903 0.497174 0.020639 0.024498
28 0.407509 0.497733 0.022529 0.025092
7 0.287434 0.496959 0.015464 0.023446
22 0.310192 0.496888 0.021227 0.023168
17 0.210408 0.497860 0.015219 0.024829
3 0.563540 0.498555 0.026623 0.025919
17 0.331093 0.496983 0.013827 0.022721
11 0.592724 0.498575 0.026456 0.025073
24 0.510830 0.498243 0.017434 0.024102
14 0.648843 0.498775 0.034051 0.024598
26 0.488212 0.499156 0.024467 0.024204
14 0.165134 0.534336 0.034068 0.024181
3 0.404504 0.534711 0.025069 0.024731
3 0.224476 0.534942 0.026292 0.024985
21 0.299397 0.534543 0.025039 0.024002
25 0.253724 0.534224 0.026771 0.023305
7 0.277675 0.534509 0.016269 0.023608
28 0.365228 0.534874 0.023387 0.024139
28 0.194952 0.534541 0.023091 0.023217
7 0.323927 0.534858 0.016310 0.022918
32 0.130624 0.537066 0.032588 0.027166
3 0.483723 0.535811 0.025689 0.023964
3 0.569451 0.536527 0.025443 0.024826
7 0.545171 0.536058 0.015818 0.023597
4 0.629543 0.539393 0.035832 0.029992
28 0.455956 0.537483 0.023342 0.026059
33 0.517414 0.536112 0.035808 0.023199
28 0.596142 0.536742 0.025321 0.023681
34 0.661022 0.537606 0.025238 0.025234
18 0.625334 0.573293 0.029370 0.029112
0 0.232015 0.572563 0.026453 0.025968
3 0.320523 0.572125 0.027009 0.024939
8 0.260095 0.572259 0.022102 0.025185
3 0.289189 0.571940 0.026684 0.024519
15 0.394437 0.577249 0.023266 0.034934
34 0.156749 0.571808 0.024833 0.023778
0 0.184723 0.572809 0.026145 0.024483
3 0.459338 0.573405 0.027436 0.025673
21 0.368076 0.573376 0.026008 0.025343
22 0.133409 0.572072 0.021336 0.022612
25 0.488806 0.573167 0.028010 0.024204
25 0.550797 0.573585 0.029835 0.024785
33 0.423757 0.573667 0.037061 0.024944
9 0.207937 0.578054 0.016005 0.033252
3 0.520598 0.574283 0.027221 0.025400
8 0.597095 0.575017 0.022383 0.025294
17 0.575244 0.574899 0.015532 0.023992
22 0.132668 0.609847 0.020775 0.024519
3 0.274691 0.610427 0.026308 0.024805
28 0.439984 0.610564 0.023788 0.024533
25 0.415827 0.610388 0.026627 0.023981
11 0.469450 0.610588 0.026042 0.024065
24 0.153756 0.610610 0.015274 0.023898
28 0.496927 0.611842 0.025411 0.025645
14 0.529397 0.611488 0.035049 0.024849
13 0.581169 0.611271 0.022607 0.024354
32 0.215216 0.613172 0.029746 0.028076
22 0.372519 0.611409 0.021944 0.024039
33 0.309913 0.611306 0.037895 0.023439
35 0.180064 0.611645 0.034203 0.023447
7 0.558419 0.612183 0.016005 0.023586
18 0.648238 0.646467 0.027364 0.029638
4 0.277982 0.650099 0.036708 0.030907
21 0.132245 0.646945 0.026262 0.024527
3 0.162172 0.646655 0.026183 0.023804
25 0.191397 0.646401 0.028073 0.022914
25 0.363806 0.647582 0.028883 0.024559
3 0.313690 0.648391 0.028375 0.026011
16 0.499255 0.654970 0.027676 0.039140
3 0.571582 0.648426 0.028759 0.026026
34 0.392675 0.648171 0.025236 0.025253
8 0.470962 0.648432 0.022085 0.025663
22 0.220194 0.647560 0.021755 0.023058
28 0.244502 0.648131 0.022896 0.024179
22 0.602170 0.648196 0.023627 0.023952
24 0.339472 0.649174 0.016382 0.024681
28 0.526565 0.649277 0.025379 0.024335
18 0.600120 0.682944 0.030311 0.031312
37 0.636263 0.683806 0.034904 0.032448
25 0.150384 0.681364 0.027460 0.024815
8 0.571295 0.685436 0.024105 0.026373
13 0.279471 0.683800 0.020070 0.022841
3 0.348697 0.684797 0.026079 0.024699
14 0.406674 0.684910 0.035375 0.024632
3 0.441966 0.685173 0.027577 0.024997
5 0.469213 0.689162 0.027700 0.032350
22 0.375877 0.684902 0.021542 0.023682
25 0.525564 0.685450 0.026674 0.024036
7 0.547724 0.686513 0.015855 0.025155
18 0.156103 0.717949 0.027838 0.029756
1 0.188728 0.720123 0.027949 0.026197
22 0.130991 0.719468 0.022111 0.024436
28 0.219334 0.720175 0.025861 0.024700
1 0.298673 0.721223 0.027368 0.025402
25 0.365141 0.722519 0.029168 0.024997
17 0.323195 0.722655 0.014996 0.024680
24 0.340967 0.723012 0.014906 0.024124
3 0.477725 0.724248 0.028948 0.026306
34 0.394749 0.723397 0.025546 0.024539
36 0.426537 0.723579 0.028785 0.024663
3 0.532794 0.724339 0.027363 0.026135
13 0.505094 0.723794 0.021746 0.024838
8 0.562770 0.724069 0.024196 0.025279
11 0.613986 0.724619 0.030173 0.025826
28 0.644590 0.724616 0.027580 0.025543
7 0.586351 0.724628 0.018816 0.024726
24 0.452433 0.724669 0.014759 0.024548
18 0.304120 0.757835 0.027725 0.030464
3 0.201313 0.757798 0.028344 0.025739
25 0.231327 0.757900 0.027864 0.025810
10 0.172340 0.757674 0.021273 0.025231
14 0.139354 0.757681 0.037322 0.025046
8 0.277557 0.759211 0.022185 0.025457
7 0.255699 0.759389 0.017324 0.025217
15 0.433953 0.765502 0.024660 0.034867
24 0.329655 0.760523 0.016845 0.024179
28 0.380388 0.761597 0.026333 0.025375
21 0.351697 0.761470 0.026043 0.024230
8 0.407538 0.761723 0.022068 0.024629
34 0.480494 0.762296 0.025336 0.025081
22 0.458602 0.762613 0.021812 0.025439
34 0.526508 0.762932 0.028597 0.025552
24 0.503450 0.763095 0.015893 0.025022
4 0.661543 0.767389 0.040610 0.033315
36 0.623816 0.763771 0.029550 0.025304
28 0.593006 0.763910 0.025534 0.025203