15 0.652051 0.152858 0.023554 0.039019
15 0.760732 0.152529 0.023366 0.036245
25 0.582732 0.146804 0.029348 0.024728
21 0.696018 0.147216 0.023528 0.025311
13 0.675478 0.147036 0.020511 0.024527
10 0.610741 0.147413 0.020580 0.024865
17 0.739566 0.147885 0.015141 0.024963
17 0.631063 0.147241 0.014421 0.023378
25 0.806012 0.148352 0.029763 0.025550
36 0.552184 0.148027 0.027830 0.024872
24 0.781804 0.148538 0.016894 0.025889
24 0.499556 0.148186 0.015868 0.024670
28 0.476416 0.148894 0.025434 0.026027
11 0.837709 0.149471 0.028571 0.026707
1 0.446410 0.148837 0.029051 0.025339
3 0.414825 0.148886 0.027834 0.025377
28 0.866063 0.150403 0.025127 0.025853
0 0.365869 0.149944 0.027099 0.024004
7 0.340849 0.150845 0.015305 0.022874
37 0.545545 0.188102 0.033339 0.029599
25 0.698562 0.188517 0.028820 0.026278
10 0.726671 0.189108 0.021698 0.026184
8 0.753662 0.189400 0.023712 0.026550
4 0.618576 0.191422 0.037951 0.030577
5 0.342185 0.193043 0.030738 0.033733
34 0.373226 0.189397 0.027586 0.025611
21 0.651139 0.189429 0.024459 0.025609
4 0.410426 0.192056 0.039914 0.030848
7 0.673628 0.189226 0.016971 0.024935
3 0.465670 0.189468 0.028524 0.025237
36 0.580723 0.189424 0.029708 0.024936
3 0.511672 0.190022 0.027900 0.025811
12 0.796798 0.191267 0.021465 0.026909
7 0.776376 0.190308 0.017139 0.024877
17 0.440564 0.189967 0.015069 0.024000
28 0.821686 0.190969 0.025348 0.025429
1 0.850143 0.191975 0.027245 0.026187
17 0.874010 0.192792 0.015041 0.025478
18 0.623255 0.227780 0.026456 0.027860
4 0.716645 0.231826 0.038588 0.031574
3 0.680082 0.229374 0.027338 0.025960
5 0.650421 0.233420 0.028030 0.033464
11 0.345382 0.229852 0.027296 0.026209
4 0.444190 0.232194 0.038331 0.030716
3 0.552418 0.229671 0.028578 0.025231
17 0.747037 0.229674 0.015714 0.024950
13 0.580453 0.229727 0.021583 0.024899
10 0.372635 0.229818 0.020927 0.024792
9 0.601376 0.235950 0.016288 0.036671
17 0.471898 0.229645 0.014258 0.023376
29 0.834938 0.232063 0.026238 0.027494
3 0.863825 0.232582 0.029573 0.027267
26 0.806489 0.231873 0.024292 0.025291
32 0.604631 0.272562 0.034703 0.031673
8 0.549464 0.270417 0.023883 0.026943
7 0.630426 0.270423 0.017495 0.026087
10 0.479352 0.270459 0.022405 0.026139
25 0.449585 0.270015 0.029298 0.025105
28 0.575298 0.271089 0.024620 0.026666
2 0.351815 0.277011 0.037849 0.037734
36 0.417073 0.270984 0.030366 0.025568
33 0.680275 0.270842 0.038951 0.024753
28 0.386992 0.271397 0.023505 0.025846
26 0.522174 0.270844 0.024215 0.024157
15 0.839094 0.277771 0.023715 0.037747
29 0.741539 0.271775 0.025250 0.025684
28 0.767008 0.271853 0.025898 0.025564
22 0.794731 0.271969 0.024402 0.025177
28 0.713983 0.271858 0.026368 0.024496
1 0.866406 0.273836 0.028413 0.026559
16 0.305428 0.316497 0.033061 0.042596
18 0.344972 0.309528 0.028493 0.028342
15 0.632058 0.315265 0.024021 0.036612
15 0.402574 0.316386 0.023951 0.037351
25 0.462867 0.310235 0.028857 0.024547
25 0.677942 0.310804 0.028722 0.025416
32 0.741172 0.313407 0.035400 0.030343
36 0.431689 0.311034 0.029771 0.025340
24 0.653517 0.311483 0.017162 0.025971
28 0.704791 0.311224 0.025086 0.025357
17 0.610592 0.311113 0.015838 0.024861
22 0.570529 0.311037 0.023071 0.024632
28 0.489342 0.311237 0.025350 0.024866
21 0.374254 0.311540 0.026016 0.025403
17 0.591654 0.310965 0.015400 0.023428
24 0.513370 0.311624 0.016731 0.024442
7 0.768068 0.312347 0.017491 0.025624
35 0.539465 0.312271 0.033219 0.023242
33 0.817603 0.313179 0.033911 0.024782
15 0.889354 0.319714 0.024060 0.037458
28 0.848719 0.313245 0.024717 0.024068
18 0.530840 0.347153 0.027061 0.029920
18 0.657082 0.348030 0.028457 0.029004
8 0.503182 0.349209 0.022864 0.026011
25 0.626614 0.349025 0.026987 0.025239
4 0.567025 0.352054 0.037726 0.031224
21 0.686302 0.349739 0.026247 0.025560
28 0.600173 0.349365 0.024042 0.024809
28 0.445921 0.349867 0.025307 0.025806
1 0.345709 0.349790 0.029417 0.024903
26 0.474872 0.349836 0.025873 0.024872
28 0.375565 0.349939 0.024681 0.024224
17 0.709718 0.350043 0.016595 0.024088
0 0.738481 0.351018 0.031346 0.025652
9 0.764847 0.355756 0.016374 0.034781
7 0.784253 0.351277 0.016987 0.025417
1 0.810297 0.351574 0.028229 0.025752
3 0.882001 0.352642 0.024715 0.025253
25 0.855198 0.351940 0.026618 0.022860
18 0.505087 0.386967 0.025640 0.028140
25 0.703907 0.388261 0.027979 0.027686
25 0.466944 0.391606 0.036569 0.034109
25 0.576388 0.388219 0.027751 0.025178
21 0.530550 0.389022 0.026493 0.026042
25 0.347114 0.388846 0.028657 0.025569
36 0.653017 0.389348 0.029500 0.026144
17 0.553277 0.388922 0.015826 0.025221
10 0.375036 0.388732 0.022251 0.024204
36 0.756521 0.389788 0.030479 0.025683
22 0.603719 0.389704 0.022155 0.025175
24 0.679929 0.389226 0.017245 0.024021
17 0.730703 0.390246 0.015719 0.025058
5 0.841522 0.394234 0.027191 0.031347
24 0.798997 0.391298 0.016078 0.023452
7 0.865679 0.391989 0.017261 0.024612
7 0.817849 0.391230 0.016840 0.022958
18 0.528507 0.426292 0.029077 0.029774
11 0.497665 0.427787 0.027944 0.025727
4 0.461535 0.430486 0.037771 0.031069
8 0.344874 0.427985 0.022313 0.026046
34 0.582268 0.427919 0.025261 0.025151
3 0.426220 0.427759 0.027084 0.024638
25 0.726468 0.427831 0.028534 0.024663
3 0.651679 0.428371 0.028132 0.025364
34 0.757750 0.428617 0.028005 0.025585
22 0.558204 0.428565 0.024507 0.025181
17 0.703422 0.428348 0.015343 0.024282
22 0.680934 0.428526 0.023502 0.024205
32 0.396073 0.431128 0.030957 0.029340
33 0.615186 0.428969 0.039629 0.024657
3 0.802730 0.429806 0.028009 0.026277
1 0.834105 0.430498 0.028891 0.025723
15 0.724792 0.467410 0.023110 0.032383
0 0.695290 0.464163 0.029475 0.025759
25 0.543922 0.464516 0.026592 0.024383
37 0.661053 0.464619 0.033214 0.024551
2 0.756691 0.469879 0.037851 0.034924
3 0.451487 0.464907 0.028368 0.024765
25 0.419365 0.464868 0.026680 0.024141
28 0.480908 0.465198 0.023228 0.024308
29 0.393061 0.465524 0.023790 0.024876
10 0.368979 0.465504 0.020551 0.024090
3 0.840135 0.465981 0.026864 0.024602
22 0.344216 0.465736 0.023033 0.024042
11 0.811348 0.466300 0.026232 0.025030
7 0.787338 0.466132 0.017298 0.024349
17 0.598426 0.465818 0.014537 0.023451
36 0.870351 0.466615 0.028973 0.024942
18 0.390077 0.502002 0.028885 0.030100
5 0.419704 0.508162 0.027781 0.035035
25 0.639313 0.502891 0.026229 0.024142
3 0.542713 0.503842 0.029329 0.025845
34 0.492538 0.503627 0.028577 0.025262
13 0.342868 0.504327 0.023484 0.026389
34 0.594044 0.503898 0.025956 0.025301
9 0.366309 0.510427 0.015976 0.038318
22 0.465502 0.504069 0.022989 0.025163
34 0.666040 0.503707 0.024314 0.024422
17 0.443241 0.504249 0.016389 0.024912
22 0.570815 0.504148 0.022043 0.024525
24 0.734524 0.504314 0.016188 0.024051
34 0.808756 0.505640 0.022976 0.025902
32 0.784882 0.507968 0.030201 0.030152
25 0.834221 0.504905 0.027311 0.023721
22 0.859830 0.505659 0.020524 0.024376
26 0.878518 0.505821 0.014576 0.024445
4 0.644995 0.546370 0.039360 0.031788
34 0.677776 0.543275 0.026032 0.025158
3 0.347321 0.544701 0.029354 0.027864
0 0.709110 0.543323 0.028639 0.025077
34 0.805147 0.543627 0.024991 0.024630
32 0.778215 0.546198 0.031983 0.029436
11 0.588837 0.544693 0.027935 0.026383
21 0.834390 0.544088 0.026015 0.025099
3 0.865397 0.544669 0.028707 0.026252
7 0.614530 0.544425 0.017326 0.025397
25 0.532514 0.544119 0.028282 0.024230
7 0.754561 0.544018 0.017530 0.023975
36 0.398061 0.544927 0.030020 0.025723
28 0.559434 0.545178 0.024011 0.025102
13 0.427654 0.545444 0.022885 0.025565
28 0.483844 0.545757 0.026169 0.026020
24 0.508266 0.545779 0.016379 0.025016
32 0.453582 0.548801 0.034999 0.029219
29 0.674052 0.584479 0.024678 0.033228
8 0.645842 0.580748 0.023821 0.025051
3 0.729462 0.581313 0.028400 0.025390
4 0.766086 0.584468 0.039831 0.031559
10 0.605919 0.581483 0.021840 0.025315
32 0.699916 0.584100 0.029530 0.030169
3 0.802455 0.581660 0.027024 0.025058
3 0.536454 0.582091 0.028405 0.025881
4 0.573327 0.584829 0.038456 0.031067
25 0.460308 0.582277 0.028717 0.025280
22 0.489881 0.582707 0.023531 0.025908
16 0.347358 0.590135 0.032111 0.040438
4 0.403064 0.585644 0.039880 0.031354
15 0.347247 0.591862 0.032295 0.043267
24 0.826763 0.582240 0.016704 0.023799
10 0.434926 0.583440 0.020266 0.026146
11 0.870384 0.582736 0.027563 0.024546
28 0.897160 0.583353 0.023895 0.025250
7 0.371768 0.584457 0.016942 0.026286
17 0.511680 0.583507 0.014752 0.024036
18 0.800677 0.618541 0.025432 0.028434
8 0.345296 0.619921 0.029171 0.028785
36 0.611617 0.619251 0.030951 0.025518
15 0.773366 0.625579 0.028607 0.038076
3 0.722291 0.619335 0.028542 0.025038
11 0.662122 0.619519 0.028467 0.025001
11 0.549610 0.619961 0.027718 0.025733
24 0.747662 0.619617 0.016484 0.024935
28 0.692053 0.619850 0.024897 0.024934
3 0.579973 0.619635 0.027032 0.024468
7 0.854393 0.619987 0.018557 0.025112
13 0.401773 0.620938 0.025268 0.026410
21 0.829152 0.620494 0.026575 0.025405
21 0.373241 0.621421 0.028152 0.025912
9 0.505148 0.627417 0.015893 0.037665
28 0.480692 0.621498 0.025916 0.025612
7 0.524311 0.621324 0.016640 0.024728
32 0.446922 0.623921 0.037248 0.029156
18 0.603628 0.655410 0.029558 0.029706
15 0.662338 0.660640 0.024098 0.033055
4 0.788446 0.660526 0.040621 0.032630
25 0.573096 0.657293 0.027198 0.025540
29 0.824529 0.662386 0.024625 0.035356
21 0.633987 0.657776 0.027963 0.025544
36 0.750349 0.657324 0.028965 0.024350
3 0.544225 0.658045 0.027438 0.025293
28 0.849310 0.659072 0.023399 0.026291
3 0.513216 0.658457 0.027939 0.024882
17 0.725347 0.658245 0.016170 0.024280
14 0.478703 0.659159 0.036843 0.025668
3 0.378053 0.659025 0.027586 0.025275
11 0.345729 0.659237 0.030240 0.025590
36 0.410270 0.659537 0.029478 0.024314
32 0.441852 0.662299 0.033924 0.028590
3 0.846918 0.694512 0.027810 0.026477
0 0.349402 0.694301 0.028919 0.025779
3 0.546858 0.694250 0.027859 0.025454
25 0.577838 0.693678 0.028163 0.024290
24 0.629803 0.694397 0.016416 0.025679
25 0.513197 0.694386 0.030749 0.025620
28 0.605915 0.694016 0.024857 0.024734
9 0.374652 0.700542 0.018044 0.037775
25 0.788101 0.694236 0.028279 0.024199
3 0.400688 0.694852 0.028059 0.025379
29 0.431135 0.695440 0.028191 0.026309
28 0.461266 0.695990 0.027702 0.026515
35 0.656711 0.695106 0.035574 0.023671
24 0.487056 0.695583 0.017196 0.024472
18 0.526590 0.730198 0.029765 0.028792
25 0.604453 0.729790 0.027756 0.024492
0 0.308270 0.739622 0.044189 0.043875
15 0.868412 0.734230 0.024766 0.032179
9 0.341711 0.743898 0.017078 0.051341
1 0.839202 0.730915 0.029143 0.024924
21 0.557459 0.731394 0.028369 0.025726
26 0.581461 0.730585 0.014950 0.024079
22 0.632966 0.730861 0.021491 0.024328
25 0.730520 0.730791 0.029281 0.023991
17 0.581613 0.730829 0.015405 0.023996
22 0.810669 0.730855 0.022606 0.023991
36 0.679342 0.731182 0.029286 0.024586
5 0.435761 0.734693 0.029425 0.031424
17 0.653698 0.730972 0.014280 0.023710
36 0.780679 0.731189 0.029012 0.024121
3 0.366884 0.731832 0.027830 0.025138
25 0.496013 0.731989 0.027974 0.025207
24 0.706337 0.731613 0.016315 0.024265
34 0.467076 0.731972 0.026801 0.024928
18 0.782557 0.766310 0.029789 0.030352
34 0.782609 0.767077 0.029080 0.029005
18 0.378368 0.768866 0.028508 0.028950
9 0.758151 0.779659 0.017628 0.050445
13 0.736378 0.767983 0.023825 0.025460
34 0.879339 0.768723 0.026302 0.026229
3 0.672286 0.769046 0.028554 0.026691
5 0.813175 0.771942 0.027834 0.031999
15 0.550088 0.781340 0.024477 0.050675
11 0.639646 0.769404 0.028859 0.026538
2 0.582071 0.775182 0.037682 0.037724
22 0.857809 0.768980 0.021283 0.025065
7 0.612676 0.769405 0.017094 0.025908
36 0.705370 0.769293 0.030058 0.025275
0 0.346471 0.770153 0.029376 0.026154
28 0.454573 0.770423 0.025621 0.025617
0 0.520917 0.770322 0.028233 0.025263
11 0.424529 0.770990 0.027818 0.025026