4 0.524694 0.149633 0.036541 0.031848
4 0.451599 0.150469 0.038487 0.032431
3 0.738998 0.147945 0.028000 0.026005
28 0.655534 0.147573 0.024330 0.025030
26 0.564408 0.147486 0.023308 0.024402
10 0.482999 0.147901 0.020110 0.025142
22 0.681656 0.147886 0.022194 0.025040
12 0.587845 0.148014 0.021324 0.025230
11 0.333194 0.147931 0.027588 0.024705
3 0.708904 0.148377 0.026627 0.025581
32 0.613725 0.149659 0.027204 0.027613
0 0.786509 0.148633 0.027129 0.025494
14 0.391832 0.148152 0.035321 0.023915
28 0.360049 0.148170 0.022527 0.023780
11 0.833413 0.149339 0.027378 0.025895
24 0.763485 0.148401 0.016184 0.023745
7 0.420089 0.148035 0.017037 0.023003
24 0.809838 0.148429 0.016088 0.023208
4 0.398917 0.190106 0.037598 0.030466
4 0.517278 0.190588 0.038155 0.030659
3 0.481902 0.188197 0.026532 0.025522
2 0.339174 0.194048 0.038018 0.036663
12 0.600753 0.188742 0.022073 0.025695
7 0.369779 0.188717 0.017412 0.025402
20 0.692556 0.188586 0.027923 0.025103
28 0.623295 0.188288 0.022712 0.024206
24 0.546171 0.188027 0.017052 0.023578
8 0.721014 0.188839 0.023991 0.025063
21 0.451538 0.188687 0.025705 0.024445
20 0.842082 0.189453 0.027530 0.025579
25 0.792387 0.189187 0.026979 0.024871
22 0.647870 0.188923 0.020547 0.024174
17 0.428803 0.188967 0.016194 0.024057
24 0.668081 0.189182 0.015020 0.024312
35 0.571651 0.189035 0.032113 0.023998
10 0.816742 0.189643 0.019442 0.024972
28 0.765823 0.189756 0.024368 0.024822
9 0.743606 0.196768 0.015117 0.037963
10 0.541476 0.227729 0.019981 0.025366
11 0.602699 0.228462 0.028119 0.025928
9 0.493479 0.232579 0.015938 0.034043
25 0.514865 0.227754 0.028307 0.024250
0 0.702863 0.228136 0.031009 0.024755
4 0.569671 0.228534 0.031560 0.025489
1 0.467798 0.228526 0.027673 0.025468
22 0.383704 0.227990 0.022801 0.024034
27 0.639787 0.228698 0.042562 0.025425
28 0.356550 0.228542 0.024074 0.024884
17 0.727790 0.228428 0.016219 0.023992
24 0.407069 0.228247 0.016605 0.023598
35 0.432855 0.229455 0.036576 0.025608
4 0.297506 0.268081 0.036361 0.025816
8 0.749774 0.268125 0.023120 0.025701
4 0.389969 0.271191 0.039199 0.031750
20 0.719574 0.268521 0.027668 0.025560
3 0.536357 0.268635 0.027156 0.025675
34 0.506034 0.268215 0.025663 0.024691
29 0.565841 0.269904 0.025859 0.027790
25 0.453916 0.268137 0.028975 0.024091
1 0.641450 0.269019 0.029301 0.025843
16 0.799272 0.273285 0.027780 0.034337
22 0.614271 0.268587 0.021797 0.024696
7 0.774212 0.268719 0.017720 0.024727
1 0.334456 0.268833 0.029787 0.024644
10 0.825731 0.269703 0.021564 0.025579
28 0.425041 0.269140 0.026558 0.024086
21 0.588360 0.269247 0.024808 0.024188
17 0.666805 0.269386 0.016203 0.024433
17 0.360170 0.269076 0.015837 0.023538
11 0.739965 0.307681 0.027834 0.025894
25 0.469429 0.307231 0.028542 0.024876
3 0.439341 0.307793 0.028960 0.025917
3 0.771435 0.307993 0.027845 0.026165
13 0.599983 0.307356 0.022601 0.024845
14 0.682888 0.307948 0.037596 0.025221
21 0.621721 0.307926 0.025552 0.024908
3 0.802598 0.308193 0.028614 0.025327
7 0.714196 0.307963 0.017131 0.024857
4 0.355268 0.311935 0.038435 0.032760
28 0.648935 0.307855 0.024244 0.024506
0 0.300661 0.311173 0.033803 0.031094
7 0.494662 0.308308 0.015663 0.024366
21 0.407558 0.308497 0.027890 0.024160
26 0.574156 0.308548 0.025004 0.023959
24 0.513664 0.309329 0.017475 0.024980
35 0.541579 0.309164 0.035450 0.024594
17 0.383987 0.309202 0.014777 0.024155
18 0.335510 0.345720 0.030715 0.029882
22 0.302209 0.348850 0.029055 0.032021
28 0.586347 0.347360 0.023560 0.025534
3 0.448960 0.347765 0.027648 0.026203
3 0.418921 0.348165 0.027620 0.026823
14 0.619399 0.347529 0.036589 0.025276
26 0.508710 0.347922 0.026508 0.026035
11 0.714335 0.347824 0.028793 0.025743
26 0.479855 0.348010 0.025213 0.025917
5 0.787272 0.351955 0.030261 0.033698
0 0.844582 0.347814 0.026713 0.025371
7 0.648994 0.347693 0.017754 0.024851
11 0.387247 0.348340 0.027723 0.026050
34 0.743969 0.347920 0.027669 0.025111
34 0.816153 0.347616 0.024723 0.024349
13 0.536607 0.348238 0.022348 0.025251
17 0.866818 0.348552 0.015418 0.024590
34 0.712854 0.384163 0.027076 0.024930
0 0.744305 0.384494 0.028707 0.025204
3 0.613539 0.384549 0.028193 0.025068
8 0.686589 0.384384 0.023998 0.024655
13 0.639521 0.384403 0.020795 0.024650
3 0.832619 0.384774 0.027139 0.025365
4 0.798304 0.387427 0.036389 0.030030
21 0.861042 0.385259 0.025980 0.025136
10 0.662689 0.385037 0.020920 0.024286
28 0.584969 0.385301 0.023657 0.024733
17 0.769571 0.384961 0.016518 0.023423
32 0.557219 0.387985 0.030303 0.029077
25 0.452756 0.386232 0.030201 0.024991
4 0.340361 0.389893 0.039740 0.032038
3 0.422732 0.387073 0.027914 0.025166
7 0.479045 0.387122 0.016764 0.025191
21 0.392798 0.387733 0.027405 0.025396
35 0.523729 0.386822 0.031066 0.022710
17 0.369600 0.387775 0.014764 0.024226
3 0.712858 0.421433 0.027645 0.025650
4 0.655416 0.423237 0.037159 0.029126
25 0.759192 0.420809 0.027185 0.024224
10 0.686008 0.421423 0.020457 0.025119
3 0.790594 0.421556 0.027760 0.024815
11 0.821146 0.421858 0.026826 0.025074
10 0.845838 0.422161 0.020031 0.024988
4 0.512351 0.422584 0.032252 0.025100
21 0.562181 0.422618 0.025608 0.025118
22 0.606586 0.421894 0.021541 0.023351
25 0.457034 0.422827 0.028309 0.025103
24 0.737461 0.421641 0.016009 0.022663
17 0.627572 0.422285 0.014724 0.023895
10 0.483499 0.422896 0.020782 0.024769
24 0.538423 0.422546 0.017000 0.023374
3 0.427888 0.423766 0.028148 0.025219
17 0.584989 0.422785 0.013933 0.023232
13 0.330410 0.424659 0.021051 0.025090
28 0.378332 0.424802 0.023762 0.024843
24 0.402042 0.424237 0.017250 0.023518
21 0.352433 0.425239 0.025272 0.024847
36 0.608711 0.458089 0.028615 0.025880
0 0.736415 0.458083 0.028324 0.025195
36 0.704385 0.457733 0.029545 0.023799
32 0.850947 0.460318 0.029738 0.028854
7 0.829454 0.459110 0.018149 0.026398
28 0.782219 0.458151 0.024652 0.024284
4 0.544845 0.462048 0.038582 0.032004
22 0.807533 0.457783 0.021347 0.023359
28 0.677133 0.458806 0.021101 0.024573
27 0.578857 0.459223 0.024571 0.025378
34 0.579037 0.458870 0.024596 0.024376
3 0.509289 0.460080 0.027371 0.025512
25 0.455337 0.459866 0.029452 0.024456
17 0.633595 0.459342 0.014790 0.023256
10 0.482748 0.460448 0.020594 0.024869
36 0.422773 0.460919 0.031837 0.025204
34 0.379038 0.461322 0.025016 0.024118
1 0.333282 0.461943 0.028524 0.025055
9 0.358806 0.467371 0.016223 0.034615
18 0.730008 0.494371 0.029855 0.030109
25 0.699208 0.495613 0.028689 0.026840
36 0.857288 0.495652 0.029781 0.025255
3 0.763545 0.496550 0.029038 0.025917
24 0.790337 0.497044 0.016444 0.025323
1 0.625577 0.497902 0.027592 0.026331
25 0.533393 0.497849 0.029128 0.025910
22 0.813382 0.496648 0.022784 0.023380
17 0.834480 0.497129 0.013347 0.024103
34 0.652802 0.497595 0.025738 0.024999
4 0.592152 0.497947 0.033601 0.025649
24 0.676124 0.497712 0.017154 0.024768
10 0.561331 0.498205 0.020946 0.025310
3 0.503485 0.499295 0.027769 0.025713
11 0.472369 0.499483 0.027730 0.026036
3 0.441629 0.499731 0.028013 0.025555
32 0.411577 0.503298 0.030802 0.029617
0 0.294950 0.503967 0.033814 0.030634
3 0.348291 0.501726 0.028198 0.025990
36 0.380789 0.501270 0.030383 0.024972
9 0.323153 0.510882 0.017333 0.042656
18 0.651406 0.532925 0.028333 0.029239
18 0.475750 0.535245 0.027142 0.029488
3 0.682628 0.534680 0.028576 0.026087
15 0.714758 0.541077 0.028792 0.037929
1 0.762030 0.535129 0.027638 0.025585
25 0.622222 0.534798 0.027570 0.024662
3 0.817472 0.535342 0.027365 0.025199
22 0.789767 0.535085 0.021263 0.023437
28 0.537099 0.536327 0.025282 0.025585
21 0.594861 0.536300 0.026533 0.024713
0 0.565855 0.536196 0.026448 0.024217
3 0.507469 0.536935 0.027594 0.025015
11 0.447372 0.538060 0.026383 0.025127
8 0.379677 0.539048 0.022777 0.025250
9 0.422361 0.549522 0.016658 0.043563
17 0.403486 0.540295 0.015783 0.024922
3 0.332780 0.540867 0.029333 0.025921
24 0.358234 0.540346 0.015901 0.023708
34 0.690026 0.572026 0.029596 0.025400
11 0.659223 0.572743 0.029157 0.026259
14 0.597805 0.573248 0.040170 0.026779
5 0.736825 0.576501 0.032396 0.032777
34 0.769120 0.573080 0.030083 0.025281
28 0.562417 0.573756 0.025059 0.026220
7 0.631624 0.573596 0.018585 0.025845
21 0.533946 0.574729 0.027395 0.025928
13 0.508468 0.574544 0.024939 0.025398
26 0.480054 0.576301 0.027425 0.025814
26 0.446824 0.576900 0.028234 0.025982
34 0.751489 0.609674 0.026481 0.024740
27 0.864716 0.610587 0.041310 0.026497
22 0.726357 0.609465 0.021823 0.023877
1 0.829603 0.610408 0.025708 0.025116
28 0.699953 0.610143 0.024566 0.024134
17 0.806199 0.611163 0.014726 0.024252
3 0.585300 0.611409 0.026099 0.024398
10 0.537397 0.611524 0.021377 0.024617
7 0.644606 0.611145 0.016369 0.023857
14 0.505097 0.612237 0.037826 0.025228
33 0.618068 0.611717 0.034602 0.024116
28 0.471659 0.612970 0.024626 0.025533
8 0.394368 0.613861 0.022783 0.026381
11 0.442082 0.613858 0.028244 0.026190
7 0.417071 0.614390 0.017294 0.023988
3 0.366271 0.615323 0.026386 0.023760
11 0.734972 0.647305 0.027113 0.025543
0 0.839279 0.646914 0.027718 0.024480
4 0.631378 0.651001 0.036400 0.032446
34 0.762614 0.646816 0.025386 0.024060
3 0.666513 0.648096 0.026925 0.026358
9 0.690768 0.654188 0.017334 0.038419
7 0.710346 0.647271 0.016553 0.024142
24 0.601779 0.648795 0.015326 0.025529
3 0.521438 0.649235 0.027779 0.025788
28 0.579680 0.649178 0.024052 0.025151
11 0.551966 0.649510 0.026788 0.025377
34 0.432386 0.651214 0.027538 0.025515
3 0.379263 0.651635 0.027803 0.025045
22 0.407347 0.651781 0.022505 0.025013
33 0.339223 0.652653 0.046695 0.024894
3 0.738652 0.683683 0.028052 0.025960
11 0.707233 0.683804 0.027944 0.026003
0 0.658594 0.684257 0.027407 0.026159
24 0.682797 0.684132 0.016859 0.025048
9 0.795170 0.690059 0.016657 0.035298
24 0.633630 0.685062 0.016882 0.023759
28 0.610600 0.686234 0.024932 0.026052
11 0.582405 0.686116 0.027695 0.025803
33 0.527149 0.687064 0.038191 0.025736
7 0.557283 0.686832 0.017063 0.024665
3 0.491905 0.687445 0.028218 0.025274
3 0.360363 0.688670 0.026575 0.025322
4 0.439400 0.688047 0.032583 0.024011
28 0.407762 0.688505 0.024654 0.024382
12 0.334238 0.690493 0.023332 0.027155
9 0.384721 0.693597 0.017266 0.033116
28 0.869524 0.720688 0.023475 0.025031
32 0.844755 0.722228 0.024959 0.027988
28 0.819461 0.721131 0.025034 0.025214
3 0.717880 0.721292 0.026617 0.025228
29 0.793526 0.721536 0.023017 0.024058
17 0.773104 0.722091 0.014615 0.024619
32 0.687885 0.724511 0.031944 0.029294
36 0.657694 0.722529 0.027719 0.025176
34 0.614651 0.723181 0.026571 0.025879
22 0.590489 0.723651 0.021672 0.024421
28 0.565316 0.724385 0.024770 0.024849
21 0.539690 0.724520 0.025276 0.024757
24 0.516809 0.725712 0.016340 0.024606
0 0.473457 0.726491 0.027194 0.025713
29 0.414323 0.726830 0.025347 0.026333
20 0.443102 0.726874 0.027634 0.024910
17 0.498036 0.726936 0.016356 0.024840
29 0.332436 0.728201 0.027540 0.027361
22 0.387907 0.727138 0.022219 0.023791
17 0.856476 0.759412 0.016265 0.025034
13 0.834165 0.758986 0.021545 0.023869
14 0.784379 0.760142 0.036180 0.025767
7 0.814093 0.759451 0.015483 0.022815
11 0.726403 0.760540 0.026268 0.024931
3 0.650134 0.761238 0.026883 0.025532
28 0.753446 0.760597 0.023272 0.024148
13 0.676267 0.760972 0.020757 0.024230
28 0.698860 0.761084 0.023689 0.024392
8 0.596530 0.761660 0.023672 0.025101
28 0.620866 0.761469 0.023349 0.024280
13 0.553907 0.762906 0.021958 0.024160
17 0.574514 0.763259 0.014363 0.023693
36 0.526044 0.764021 0.028533 0.024142
25 0.450590 0.764400 0.028425 0.024273
3 0.393398 0.765186 0.027639 0.024797
24 0.367544 0.765619 0.017164 0.024868
22 0.479141 0.764886 0.022756 0.023217
28 0.422719 0.765612 0.023916 0.024667
17 0.501155 0.765151 0.015544 0.023611
17 0.348601 0.766607 0.016148 0.025389