18 0.361361 0.135349 0.029886 0.028086
34 0.418941 0.136385 0.028184 0.025556
8 0.390814 0.136886 0.024749 0.025641
4 0.551102 0.140486 0.041288 0.031827
28 0.585994 0.137604 0.023855 0.025066
24 0.443944 0.137135 0.018144 0.024013
3 0.513422 0.137216 0.027209 0.024109
22 0.467133 0.137447 0.023445 0.024531
21 0.331939 0.137099 0.026694 0.023808
4 0.669161 0.141060 0.038180 0.031283
25 0.632409 0.137528 0.028542 0.023952
24 0.608113 0.137672 0.016476 0.023937
3 0.733126 0.138499 0.028271 0.025470
28 0.703369 0.138234 0.023536 0.024530
17 0.489861 0.137510 0.014983 0.022763
0 0.764408 0.139039 0.028372 0.024971
25 0.840421 0.139252 0.027853 0.024670
29 0.811636 0.139885 0.025898 0.025456
27 0.876379 0.140222 0.038597 0.024813
4 0.337328 0.179534 0.038853 0.033165
3 0.401207 0.176851 0.026893 0.025000
28 0.372054 0.177229 0.024226 0.024875
0 0.483220 0.177040 0.028919 0.024343
4 0.670810 0.179979 0.038455 0.030180
11 0.596683 0.177717 0.026988 0.024999
15 0.751206 0.184220 0.025183 0.037861
11 0.432100 0.177868 0.028677 0.025114
34 0.623817 0.177434 0.025111 0.024246
29 0.567369 0.177725 0.024268 0.023977
27 0.629363 0.177834 0.035890 0.024066
7 0.458110 0.178157 0.016597 0.024227
1 0.779377 0.178659 0.028305 0.025134
9 0.526643 0.184260 0.016505 0.036116
28 0.808163 0.178809 0.024033 0.025061
17 0.545369 0.177848 0.014687 0.022564
9 0.729223 0.184332 0.015768 0.035465
28 0.874136 0.179178 0.022640 0.024429
28 0.705081 0.179293 0.025103 0.024393
8 0.333118 0.215715 0.023855 0.024704
3 0.506816 0.216421 0.026728 0.025122
13 0.385071 0.216121 0.022301 0.024057
21 0.359181 0.216652 0.025013 0.024534
17 0.407350 0.217653 0.014749 0.026526
22 0.534213 0.216585 0.021757 0.023643
8 0.587129 0.217452 0.024820 0.024967
32 0.429502 0.219366 0.033705 0.028698
3 0.694512 0.217721 0.027823 0.025314
34 0.747918 0.217570 0.026877 0.024653
28 0.459868 0.217469 0.023588 0.023962
22 0.721576 0.217895 0.023007 0.024613
22 0.665955 0.218592 0.022223 0.025713
13 0.640273 0.218201 0.022903 0.024889
10 0.864665 0.218409 0.021023 0.025209
2 0.833845 0.222524 0.037375 0.032614
24 0.804060 0.218300 0.015918 0.023931
21 0.613712 0.218422 0.026145 0.023920
26 0.780195 0.218670 0.025348 0.023988
0 0.334503 0.256933 0.030417 0.025374
4 0.795765 0.261500 0.040002 0.033824
34 0.829982 0.257464 0.027809 0.024833
17 0.360875 0.259312 0.015333 0.028388
25 0.758921 0.257271 0.027614 0.024274
25 0.687480 0.257430 0.030663 0.024441
10 0.715938 0.257851 0.021888 0.025259
24 0.737168 0.257846 0.016931 0.024196
22 0.559378 0.257962 0.022588 0.024412
10 0.519005 0.257906 0.022014 0.024261
34 0.583326 0.258121 0.024251 0.024548
4 0.456652 0.260702 0.041555 0.029686
7 0.380154 0.258015 0.016514 0.024266
21 0.403434 0.258272 0.027250 0.024415
34 0.873883 0.258761 0.024339 0.025279
24 0.662604 0.258228 0.015923 0.024181
32 0.613436 0.260638 0.030047 0.028581
21 0.494000 0.258679 0.026518 0.024401
24 0.853895 0.259256 0.015937 0.024779
17 0.425917 0.258648 0.014599 0.023338
3 0.377378 0.295962 0.028612 0.025352
22 0.329719 0.295879 0.023399 0.024575
4 0.415660 0.299131 0.041109 0.030454
15 0.497388 0.302146 0.025216 0.035962
34 0.451007 0.296883 0.027416 0.024592
11 0.555903 0.297512 0.029373 0.025785
29 0.524471 0.297470 0.025849 0.025443
17 0.352693 0.296804 0.014937 0.023538
4 0.625010 0.300112 0.040104 0.030104
1 0.587915 0.297802 0.028506 0.025220
3 0.689169 0.298223 0.028208 0.025480
4 0.812057 0.300425 0.039756 0.029839
34 0.658442 0.298119 0.026809 0.024856
0 0.748190 0.298484 0.028176 0.025031
17 0.474472 0.297845 0.015085 0.023553
34 0.844201 0.298613 0.024100 0.024807
9 0.865611 0.303795 0.014117 0.034369
28 0.719055 0.299044 0.024540 0.024611
21 0.776846 0.299035 0.024458 0.024072
18 0.874261 0.336180 0.026729 0.028925
0 0.292844 0.343489 0.043321 0.041114
3 0.350200 0.336110 0.028324 0.024788
9 0.323291 0.345960 0.018053 0.044401
3 0.525458 0.336531 0.028089 0.025318
3 0.382330 0.336442 0.027644 0.024997
25 0.474315 0.336085 0.028734 0.024122
32 0.593119 0.338275 0.031842 0.028361
4 0.419452 0.339531 0.039405 0.030678
25 0.651184 0.336472 0.027392 0.024095
7 0.499718 0.336779 0.017041 0.024528
3 0.622745 0.336957 0.026749 0.024480
7 0.451160 0.337078 0.017124 0.024518
10 0.820820 0.337078 0.021568 0.024050
25 0.793027 0.336881 0.028024 0.023547
36 0.742714 0.337552 0.030157 0.024586
25 0.845286 0.337125 0.026993 0.023480
7 0.716467 0.337762 0.016242 0.023778
24 0.770071 0.337595 0.017240 0.023364
24 0.697721 0.337946 0.016192 0.023522
4 0.595455 0.376909 0.037907 0.031438
4 0.523065 0.376094 0.039366 0.029449
3 0.559937 0.374359 0.028384 0.024737
34 0.750786 0.373959 0.026997 0.023780
21 0.469493 0.374562 0.026142 0.024539
4 0.383197 0.377504 0.039209 0.030354
22 0.793770 0.374474 0.020909 0.024034
21 0.328009 0.375513 0.027633 0.026063
22 0.726142 0.374275 0.022774 0.023553
36 0.648719 0.374584 0.028911 0.023946
28 0.701096 0.374656 0.023932 0.024042
12 0.676181 0.375130 0.021004 0.024904
17 0.493864 0.374593 0.015172 0.023603
36 0.438079 0.374693 0.031144 0.023743
34 0.819054 0.375010 0.026979 0.024055
17 0.624363 0.374633 0.016190 0.023021
17 0.352450 0.375686 0.014934 0.024064
26 0.847199 0.376134 0.025509 0.024587
17 0.412701 0.375366 0.014466 0.022538
18 0.609558 0.410947 0.028238 0.028810
36 0.539089 0.412870 0.029233 0.024805
5 0.638145 0.418940 0.032303 0.036711
13 0.566831 0.412871 0.021998 0.023870
34 0.710028 0.413389 0.026519 0.024813
11 0.476458 0.413893 0.028831 0.025395
25 0.347875 0.413483 0.027891 0.024205
3 0.507985 0.413871 0.026879 0.024729
21 0.425611 0.414011 0.026570 0.024973
22 0.398203 0.413776 0.023370 0.024431
4 0.816863 0.415880 0.039172 0.028580
7 0.450754 0.413938 0.016954 0.024431
28 0.372977 0.414214 0.023643 0.024748
24 0.324044 0.414120 0.016035 0.023832
17 0.664863 0.414432 0.015738 0.024008
25 0.872489 0.414353 0.024536 0.023618
17 0.846024 0.414209 0.015515 0.022606
3 0.464487 0.450710 0.028881 0.025693
0 0.623624 0.450107 0.029717 0.024135
13 0.805363 0.450418 0.023390 0.023980
3 0.779062 0.450379 0.025362 0.023891
14 0.553729 0.450652 0.037728 0.024209
28 0.520685 0.450731 0.024387 0.024297
20 0.591203 0.450449 0.028855 0.023728
29 0.713401 0.450451 0.025720 0.023728
29 0.494296 0.451039 0.026075 0.024855
7 0.736647 0.450777 0.016236 0.023823
22 0.669900 0.450604 0.021681 0.023398
7 0.690290 0.450873 0.016724 0.023919
25 0.300754 0.452173 0.030754 0.026393
17 0.647988 0.450674 0.015504 0.023036
9 0.754757 0.456389 0.017125 0.033302
1 0.355153 0.452289 0.028234 0.024563
7 0.438215 0.451959 0.016738 0.023585
35 0.857583 0.451428 0.029442 0.022477
33 0.408499 0.452456 0.038672 0.023926
25 0.699588 0.488284 0.028931 0.024208
0 0.295280 0.496663 0.037824 0.040867
10 0.727453 0.488876 0.021403 0.024447
1 0.755123 0.489186 0.028199 0.025032
22 0.818350 0.488505 0.021383 0.023579
3 0.581687 0.488796 0.027052 0.024147
36 0.650580 0.488872 0.028701 0.024187
11 0.451203 0.489965 0.030340 0.025643
24 0.557882 0.489349 0.015427 0.024003
7 0.624639 0.489425 0.016369 0.023853
17 0.797249 0.489411 0.014645 0.023705
24 0.676473 0.489464 0.016692 0.023661
22 0.536956 0.489226 0.023074 0.022906
24 0.605357 0.489448 0.014902 0.022873
25 0.360871 0.490025 0.029563 0.023981
7 0.477570 0.489798 0.015608 0.023381
3 0.331438 0.491079 0.026069 0.025500
37 0.415402 0.491248 0.033489 0.025453
18 0.632707 0.527125 0.025808 0.027245
3 0.829706 0.528408 0.028413 0.025585
3 0.723566 0.527842 0.028381 0.024387
28 0.880737 0.528380 0.023924 0.024877
13 0.522074 0.528167 0.022009 0.023839
34 0.772232 0.527882 0.024474 0.023249
28 0.584164 0.528708 0.023835 0.024866
25 0.659453 0.528400 0.026325 0.024108
17 0.544090 0.528832 0.014745 0.024642
22 0.608913 0.528657 0.021415 0.024168
28 0.684137 0.529251 0.023334 0.024248
4 0.337543 0.532928 0.037836 0.031381
11 0.427357 0.529653 0.027876 0.024698
22 0.473136 0.529206 0.020839 0.022861
17 0.452471 0.529950 0.015129 0.023187
17 0.366736 0.530410 0.014693 0.023835
11 0.694803 0.565745 0.027611 0.024504
4 0.659227 0.568669 0.037263 0.030258
3 0.764850 0.565689 0.026678 0.024277
34 0.815549 0.565388 0.026629 0.023313
3 0.580456 0.565532 0.026224 0.023184
28 0.492857 0.566196 0.023934 0.024266
13 0.738053 0.565620 0.021864 0.022977
26 0.845359 0.566446 0.024985 0.024429
4 0.370591 0.569462 0.038728 0.030367
28 0.626755 0.566555 0.023562 0.024534
12 0.466595 0.566855 0.022129 0.025130
22 0.517777 0.565748 0.021440 0.022519
22 0.791956 0.565957 0.020160 0.022892
17 0.718476 0.566442 0.014582 0.023466
36 0.332505 0.567522 0.028354 0.024175
28 0.404125 0.567537 0.023928 0.024167
18 0.605829 0.603034 0.025928 0.027958
9 0.584599 0.608975 0.014868 0.033726
3 0.505194 0.604445 0.027287 0.024495
36 0.535249 0.604494 0.027559 0.024013
34 0.700627 0.604690 0.027343 0.024160
5 0.634266 0.608426 0.027051 0.031443
13 0.563574 0.604665 0.021740 0.023738
22 0.676231 0.604843 0.022302 0.023401
11 0.475354 0.605305 0.026360 0.023887
25 0.346270 0.605769 0.027002 0.024754
17 0.656143 0.605155 0.013473 0.023098
7 0.450149 0.606199 0.017365 0.024647
28 0.373079 0.606819 0.024684 0.025186
21 0.426063 0.606566 0.025228 0.024295
22 0.398751 0.606389 0.023914 0.023888
24 0.323745 0.606602 0.016067 0.024058
3 0.492442 0.641417 0.030109 0.025622
11 0.525573 0.641725 0.028011 0.026061
0 0.599926 0.641271 0.029486 0.024887
4 0.453168 0.645558 0.041283 0.033264
4 0.673357 0.644600 0.038935 0.030239
10 0.553636 0.641849 0.020738 0.024683
28 0.777176 0.642555 0.025555 0.025674
3 0.808566 0.642166 0.029026 0.024755
28 0.416677 0.642734 0.025844 0.025432
25 0.749061 0.642530 0.029335 0.024592
21 0.330959 0.644054 0.027423 0.025254
20 0.362396 0.643727 0.029048 0.024489
18 0.791317 0.677181 0.026695 0.027619
34 0.715089 0.679179 0.025859 0.023430
2 0.554088 0.684384 0.035469 0.033734
0 0.838624 0.679513 0.025462 0.023725
24 0.816068 0.679088 0.014993 0.022657
15 0.621113 0.684544 0.021838 0.033407
11 0.762407 0.679911 0.026831 0.024027
24 0.860836 0.679666 0.014646 0.023507
11 0.687573 0.679669 0.026292 0.023232
7 0.878023 0.680351 0.016683 0.024491
11 0.463377 0.680421 0.026658 0.024561
8 0.643792 0.679821 0.020879 0.023344
4 0.395001 0.683929 0.038116 0.031400
3 0.431453 0.680590 0.027922 0.024522
28 0.491202 0.680168 0.022231 0.023166
20 0.518236 0.679869 0.027276 0.022550
17 0.664089 0.680367 0.013875 0.023355
18 0.651759 0.715601 0.027450 0.028501
18 0.812354 0.714940 0.024654 0.026563
0 0.583879 0.716530 0.027135 0.024936
28 0.556139 0.716052 0.022406 0.023418
32 0.680493 0.718643 0.028529 0.028297
22 0.627788 0.716606 0.020820 0.024008
12 0.836345 0.716729 0.020515 0.023775
11 0.369188 0.717426 0.028020 0.024824
28 0.858825 0.716604 0.022039 0.022984
12 0.532567 0.717279 0.021210 0.024331
10 0.704454 0.717405 0.021702 0.024224
20 0.504911 0.716988 0.026386 0.023350
3 0.744484 0.717404 0.027064 0.023880
17 0.608184 0.716716 0.014269 0.022354
24 0.791921 0.716797 0.014464 0.022187
24 0.450594 0.717321 0.016162 0.023083
20 0.424927 0.717533 0.026970 0.023120
22 0.771168 0.717131 0.020427 0.021648
3 0.826799 0.754091 0.027090 0.024677
25 0.795889 0.754126 0.028514 0.024710
34 0.630503 0.754208 0.025908 0.024298
5 0.602384 0.759303 0.026815 0.033753
3 0.574092 0.754990 0.026309 0.024422
0 0.733336 0.755174 0.027064 0.023940
34 0.397206 0.755567 0.026290 0.024387
14 0.539314 0.755136 0.036428 0.023515
27 0.470623 0.755482 0.040341 0.023610
28 0.687914 0.755418 0.023509 0.023410
35 0.767153 0.755720 0.033956 0.023936
8 0.438153 0.755850 0.023731 0.024063
22 0.506565 0.755359 0.022438 0.023059
9 0.665904 0.765252 0.015129 0.042772
11 0.369505 0.756840 0.027094 0.025446
24 0.709550 0.755861 0.015142 0.022525