18 0.599576 0.138450 0.030240 0.029700
0 0.328779 0.138605 0.030649 0.026796
34 0.513033 0.138976 0.028397 0.025723
22 0.486889 0.139075 0.024542 0.025597
12 0.542440 0.139881 0.023036 0.026571
32 0.574239 0.141487 0.030104 0.029704
4 0.407275 0.141860 0.042666 0.030309
18 0.765741 0.140491 0.029641 0.025741
29 0.705501 0.145080 0.025765 0.034691
17 0.353757 0.140024 0.016106 0.024104
22 0.629157 0.140095 0.022717 0.023922
34 0.654346 0.140505 0.026427 0.023636
9 0.681609 0.147933 0.017533 0.038274
4 0.578922 0.183580 0.036563 0.030714
5 0.404949 0.183543 0.025352 0.030070
3 0.542865 0.180513 0.028426 0.023773
8 0.512776 0.180690 0.023079 0.024111
3 0.347710 0.180668 0.026889 0.023844
25 0.684889 0.180848 0.028135 0.024015
3 0.655160 0.181165 0.026467 0.024046
27 0.618417 0.180902 0.042649 0.023500
20 0.484400 0.180940 0.028402 0.023535
21 0.453368 0.181093 0.026002 0.023328
22 0.713348 0.181663 0.022473 0.022935
29 0.773641 0.182122 0.023907 0.023628
28 0.856483 0.183368 0.024222 0.025840
9 0.753074 0.190303 0.016937 0.039169
7 0.797302 0.182537 0.017095 0.023497
32 0.831136 0.185523 0.030654 0.028495
17 0.734364 0.183121 0.015743 0.023424
8 0.436057 0.219755 0.022901 0.024705
4 0.561570 0.222595 0.035947 0.030160
27 0.523224 0.220021 0.041912 0.024616
20 0.407534 0.219941 0.028307 0.024026
34 0.843848 0.219958 0.025050 0.023812
4 0.811901 0.223326 0.037148 0.030312
34 0.595591 0.219845 0.025546 0.023329
11 0.750725 0.220632 0.027270 0.024800
25 0.330828 0.219956 0.028484 0.023374
21 0.462548 0.220364 0.024346 0.023776
13 0.488996 0.220263 0.022150 0.022946
21 0.377782 0.220724 0.025971 0.023745
28 0.778708 0.221173 0.024604 0.024417
33 0.697952 0.220806 0.036543 0.023037
28 0.666688 0.221314 0.023718 0.023640
32 0.638578 0.224002 0.031275 0.028317
7 0.726218 0.221670 0.015723 0.023645
8 0.490958 0.259565 0.023585 0.025443
25 0.551228 0.259068 0.030501 0.024143
3 0.521294 0.259920 0.027019 0.025204
15 0.655809 0.264906 0.024629 0.035014
34 0.401731 0.259498 0.026120 0.024093
34 0.351343 0.259694 0.026938 0.024334
20 0.460072 0.259667 0.029306 0.024124
3 0.582927 0.259913 0.026711 0.024241
21 0.429342 0.260148 0.026289 0.024497
12 0.378185 0.260700 0.022369 0.025122
22 0.325850 0.260141 0.022639 0.023966
28 0.825802 0.260801 0.024367 0.025104
13 0.680375 0.260201 0.021420 0.023822
32 0.612874 0.262266 0.027365 0.027751
13 0.804228 0.260980 0.022827 0.025146
34 0.706008 0.260418 0.025843 0.023894
32 0.735480 0.263836 0.031161 0.030292
15 0.779130 0.268041 0.023624 0.038612
25 0.437321 0.296702 0.029029 0.023582
3 0.669153 0.297565 0.026989 0.024578
34 0.467842 0.297221 0.026841 0.023566
34 0.533246 0.297199 0.026032 0.023297
12 0.558429 0.298131 0.021693 0.025129
11 0.699512 0.297850 0.026424 0.024510
8 0.640501 0.297262 0.021884 0.023102
20 0.612203 0.297303 0.027808 0.023126
21 0.583033 0.297493 0.024821 0.023289
7 0.413538 0.297958 0.017390 0.023827
22 0.507719 0.297521 0.022629 0.022853
1 0.330299 0.298256 0.029302 0.023406
32 0.808625 0.300866 0.032372 0.028591
28 0.727211 0.298592 0.024377 0.023808
34 0.771927 0.298271 0.026434 0.022994
28 0.837109 0.298682 0.024093 0.023769
33 0.384147 0.298573 0.038075 0.023163
17 0.356032 0.298553 0.015045 0.022786
24 0.749830 0.298678 0.014726 0.022623
18 0.352251 0.334337 0.029253 0.029041
3 0.607218 0.335354 0.026620 0.024777
8 0.535579 0.335705 0.022991 0.025413
17 0.559166 0.335742 0.015066 0.024690
22 0.579883 0.335480 0.021078 0.023899
36 0.508445 0.335785 0.027205 0.024208
20 0.637255 0.335736 0.028117 0.024069
22 0.325264 0.335669 0.021352 0.023733
3 0.452516 0.336406 0.027740 0.025122
4 0.819047 0.338855 0.035998 0.029896
9 0.377217 0.341688 0.018268 0.034893
28 0.479820 0.336555 0.023909 0.024126
32 0.712004 0.338474 0.030283 0.027824
3 0.740587 0.336627 0.026101 0.023932
36 0.683284 0.336510 0.027596 0.023625
20 0.421157 0.336457 0.028244 0.023200
11 0.769323 0.336723 0.025685 0.023706
17 0.396645 0.336459 0.014886 0.022464
17 0.792214 0.337053 0.013851 0.023362
10 0.370674 0.374856 0.021145 0.025344
3 0.446643 0.374853 0.026417 0.025108
3 0.750308 0.375118 0.027475 0.025470
3 0.535798 0.375237 0.026691 0.025190
36 0.781712 0.375391 0.029378 0.025425
11 0.398031 0.375064 0.026564 0.024682
10 0.675243 0.375038 0.020187 0.024159
11 0.701601 0.375356 0.027300 0.024684
32 0.609658 0.377427 0.029258 0.028819
21 0.344790 0.375327 0.025821 0.024548
3 0.838817 0.375416 0.027492 0.024489
11 0.565048 0.375307 0.026008 0.024176
14 0.644108 0.375461 0.036906 0.024076
17 0.422904 0.375439 0.015013 0.023540
32 0.507474 0.377963 0.030291 0.028357
24 0.321703 0.375327 0.015988 0.022703
17 0.725629 0.375840 0.015414 0.023276
32 0.810938 0.378058 0.028720 0.027063
18 0.620473 0.411675 0.023377 0.027839
15 0.671314 0.415154 0.024061 0.030612
25 0.549657 0.412449 0.027664 0.023651
11 0.328751 0.412966 0.025477 0.024208
1 0.521784 0.412863 0.027225 0.023929
8 0.771897 0.413269 0.021807 0.024741
8 0.646458 0.413376 0.022520 0.024941
0 0.698535 0.412926 0.026349 0.023969
15 0.391567 0.419665 0.023379 0.037248
3 0.745125 0.413400 0.026634 0.024371
3 0.825249 0.413420 0.025789 0.024312
8 0.594525 0.413173 0.021687 0.023778
29 0.391572 0.420411 0.023038 0.037968
17 0.573622 0.413459 0.014317 0.024048
2 0.422759 0.420060 0.036905 0.036678
21 0.797836 0.413784 0.024351 0.023995
17 0.351866 0.413672 0.014879 0.023704
24 0.369587 0.413319 0.016442 0.022244
11 0.458492 0.414482 0.027578 0.024265
33 0.856929 0.414210 0.033828 0.023449
17 0.482808 0.414322 0.014900 0.023658
3 0.888188 0.415034 0.025975 0.024884
18 0.829015 0.448911 0.026796 0.028025
36 0.664773 0.449808 0.027394 0.025281
3 0.473131 0.450803 0.026818 0.025108
28 0.636621 0.450380 0.023525 0.024127
25 0.757541 0.450729 0.027533 0.024006
8 0.803851 0.450904 0.022236 0.024079
34 0.569094 0.450776 0.025695 0.023796
7 0.782245 0.451138 0.016912 0.024252
27 0.568675 0.450762 0.024455 0.023344
24 0.547611 0.451236 0.015226 0.023998
22 0.500292 0.451396 0.022400 0.024312
34 0.367659 0.451379 0.026340 0.024160
4 0.699903 0.454517 0.036177 0.030024
24 0.391271 0.451436 0.015473 0.023683
4 0.334522 0.454896 0.036870 0.029577
34 0.731221 0.452327 0.023964 0.024097
35 0.418204 0.452722 0.035236 0.023263
15 0.437705 0.497973 0.026246 0.039775
5 0.325395 0.494570 0.028580 0.032370
25 0.840002 0.490703 0.027407 0.024522
21 0.408801 0.490941 0.026372 0.024935
28 0.379152 0.491123 0.027225 0.024630
34 0.743814 0.490902 0.026340 0.023907
4 0.712750 0.493885 0.036704 0.029833
28 0.604572 0.491342 0.021724 0.024492
24 0.767346 0.490737 0.017206 0.023113
29 0.581424 0.491304 0.023133 0.024082
25 0.647131 0.491075 0.027018 0.023498
3 0.480086 0.491605 0.025612 0.024104
3 0.678544 0.491603 0.027164 0.023981
3 0.555567 0.491287 0.025746 0.023238
35 0.793374 0.491460 0.032753 0.023297
0 0.509724 0.491585 0.027366 0.023526
24 0.818022 0.491619 0.014613 0.023502
22 0.352484 0.491628 0.021556 0.022934
24 0.625250 0.491733 0.014777 0.023087
34 0.461211 0.528735 0.026536 0.024522
25 0.489932 0.528960 0.027675 0.024305
5 0.432455 0.533295 0.025989 0.032920
4 0.799545 0.532799 0.036782 0.031791
28 0.516833 0.529071 0.024017 0.024313
8 0.716294 0.529960 0.023170 0.026029
34 0.608428 0.529631 0.027119 0.025125
11 0.578875 0.529678 0.028016 0.025209
3 0.546655 0.529733 0.027674 0.025116
3 0.656416 0.530208 0.028073 0.025983
15 0.833954 0.535674 0.025698 0.036450
11 0.687856 0.530207 0.027156 0.024826
17 0.771609 0.530324 0.015122 0.024510
22 0.357131 0.530071 0.022934 0.023977
3 0.404082 0.530454 0.026263 0.024463
25 0.330573 0.530190 0.025819 0.023903
17 0.379670 0.530718 0.015290 0.023938
4 0.442091 0.568862 0.039428 0.032059
3 0.612416 0.565469 0.026971 0.024190
15 0.477632 0.571560 0.025832 0.036343
25 0.739011 0.565428 0.027579 0.023638
3 0.788560 0.565533 0.026806 0.023441
3 0.818236 0.566348 0.027206 0.024444
16 0.506570 0.573823 0.028569 0.039214
25 0.327930 0.566077 0.027383 0.023507
22 0.584601 0.566179 0.022592 0.023640
20 0.643413 0.566174 0.028792 0.023565
17 0.763978 0.566260 0.015439 0.023646
25 0.555400 0.566460 0.029146 0.023841
17 0.842683 0.566521 0.014844 0.023794
36 0.402706 0.566596 0.029336 0.023708
32 0.675515 0.569234 0.032229 0.028927
22 0.355826 0.566650 0.022987 0.023487
9 0.531877 0.576358 0.016149 0.042438
24 0.716031 0.567101 0.015626 0.023502
17 0.377426 0.566926 0.015343 0.023090
22 0.580989 0.602570 0.023507 0.024852
3 0.503175 0.603228 0.028695 0.026073
34 0.606860 0.602514 0.026883 0.024515
28 0.891399 0.603246 0.024427 0.025008
21 0.871356 0.602903 0.015075 0.023546
21 0.777336 0.602768 0.025071 0.023160
36 0.805986 0.602728 0.030136 0.023002
3 0.723368 0.603439 0.029052 0.024135
4 0.331602 0.607199 0.041208 0.031296
34 0.367510 0.603998 0.027839 0.024867
12 0.752076 0.603672 0.022751 0.023922
22 0.692994 0.604024 0.024192 0.023881
25 0.470475 0.603964 0.029613 0.023508
34 0.423259 0.604528 0.027436 0.023567
8 0.395843 0.605210 0.022484 0.024430
18 0.830406 0.636715 0.026693 0.028943
9 0.808429 0.649623 0.016536 0.047352
11 0.626812 0.638388 0.027736 0.024789
4 0.680872 0.641162 0.037894 0.030226
25 0.570053 0.638421 0.026915 0.023600
8 0.785443 0.638712 0.021658 0.023848
28 0.595878 0.638781 0.024504 0.023963
7 0.651093 0.638546 0.016577 0.023480
32 0.740368 0.641512 0.031828 0.029236
34 0.711909 0.638669 0.022651 0.023295
25 0.483205 0.639080 0.029975 0.024071
24 0.543261 0.639670 0.020316 0.024640
17 0.764109 0.638991 0.015247 0.023121
32 0.290789 0.642680 0.036459 0.029953
10 0.510778 0.639827 0.019192 0.022511
1 0.383511 0.640150 0.028560 0.022883
13 0.439160 0.640997 0.021878 0.024316
10 0.319622 0.640468 0.019064 0.022310
7 0.459046 0.641033 0.015486 0.022973
17 0.409610 0.640772 0.016741 0.021496
4 0.685450 0.676825 0.036797 0.029775
34 0.717871 0.674939 0.027306 0.024385
28 0.605821 0.675106 0.022828 0.023962
34 0.512914 0.675277 0.024956 0.023733
5 0.632078 0.679010 0.025534 0.031068
25 0.559970 0.675093 0.027739 0.023215
4 0.433466 0.678499 0.037905 0.029897
24 0.294370 0.676962 0.022698 0.026788
34 0.467216 0.675428 0.025088 0.023338
9 0.583758 0.679553 0.015722 0.031429
27 0.467114 0.675439 0.024692 0.023153
11 0.379846 0.675972 0.027555 0.024024
24 0.535668 0.675427 0.016318 0.022616
24 0.490735 0.676091 0.015891 0.023481
7 0.404121 0.676501 0.016838 0.024031
28 0.350612 0.676624 0.024117 0.023284
25 0.324974 0.676313 0.030441 0.022579
18 0.409195 0.711414 0.027847 0.027669
3 0.834519 0.711316 0.027590 0.026001
11 0.802508 0.711751 0.029184 0.026155
34 0.631351 0.712347 0.026641 0.025141
14 0.744526 0.712323 0.040921 0.024671
17 0.712407 0.712208 0.016409 0.024313
7 0.776790 0.712044 0.017192 0.023970
12 0.658899 0.712770 0.023106 0.025379
25 0.526420 0.712278 0.029402 0.023948
22 0.606424 0.712656 0.022097 0.024339
36 0.577581 0.712690 0.029145 0.024019
34 0.479228 0.712616 0.024831 0.023573
4 0.445815 0.715496 0.038461 0.029063
24 0.502415 0.712763 0.015504 0.023033
22 0.288839 0.715993 0.028105 0.029075
11 0.338009 0.713989 0.027982 0.024487
4 0.373784 0.716976 0.036382 0.029925
17 0.313087 0.714582 0.014375 0.023288
34 0.767730 0.749580 0.027474 0.025251
4 0.732040 0.753009 0.039399 0.031133
4 0.489061 0.752876 0.039207 0.030650
3 0.695067 0.750430 0.027278 0.025428
0 0.548063 0.750393 0.028943 0.024879
10 0.521337 0.750124 0.020481 0.023815
3 0.598477 0.750539 0.026359 0.024591
3 0.414069 0.750613 0.026716 0.024555
4 0.377537 0.753301 0.037611 0.029812
11 0.628376 0.750532 0.027309 0.024063
17 0.652509 0.750861 0.015082 0.023734
24 0.671104 0.750729 0.015799 0.023427
9 0.439386 0.761477 0.018108 0.044710
9 0.573652 0.762131 0.017481 0.045776
17 0.458114 0.750782 0.016244 0.022456