8 0.526939 0.144701 0.023910 0.025813
4 0.363122 0.148432 0.038001 0.032698
4 0.480428 0.147917 0.037509 0.031594
3 0.609473 0.145422 0.028435 0.025792
15 0.282523 0.152357 0.025312 0.039381
3 0.639516 0.145434 0.027256 0.025290
3 0.444983 0.145499 0.026691 0.025295
13 0.581511 0.145294 0.023244 0.024723
21 0.555708 0.145661 0.025696 0.024837
36 0.670431 0.146051 0.028969 0.025414
0 0.310185 0.146093 0.027974 0.025183
13 0.255929 0.146186 0.024170 0.024798
21 0.414663 0.146235 0.025552 0.024662
1 0.194963 0.146526 0.027225 0.025153
17 0.392813 0.146507 0.014260 0.024237
17 0.333981 0.146754 0.016284 0.024546
17 0.219159 0.146838 0.014374 0.024277
32 0.097108 0.151223 0.038108 0.031193
13 0.428495 0.185544 0.021672 0.025530
27 0.564421 0.185453 0.041292 0.025133
34 0.336418 0.185556 0.025446 0.025268
32 0.453023 0.188217 0.034150 0.030463
0 0.633169 0.185783 0.028136 0.025250
11 0.205764 0.186018 0.026776 0.025586
28 0.483357 0.185449 0.024100 0.024344
3 0.528885 0.186012 0.027627 0.025355
3 0.601617 0.186214 0.028200 0.025665
24 0.386898 0.186151 0.016725 0.024920
7 0.406331 0.186035 0.016787 0.024637
22 0.362743 0.186323 0.022909 0.025076
24 0.313520 0.186335 0.016822 0.025089
11 0.261661 0.186517 0.027410 0.025328
28 0.289757 0.186469 0.024651 0.025191
28 0.233771 0.186408 0.023353 0.025012
13 0.127410 0.186411 0.023674 0.024062
11 0.156440 0.187123 0.027417 0.025295
7 0.180737 0.186723 0.016467 0.024277
29 0.307377 0.225122 0.027486 0.026739
28 0.335658 0.224873 0.025652 0.025570
25 0.515469 0.224827 0.032756 0.025444
21 0.452240 0.225278 0.028257 0.025293
11 0.276578 0.225609 0.029100 0.025634
3 0.483523 0.225361 0.027827 0.024950
4 0.144214 0.229162 0.041607 0.032518
14 0.397397 0.225382 0.037575 0.024716
22 0.363033 0.225336 0.023545 0.024581
1 0.222756 0.226066 0.029869 0.025420
17 0.250184 0.226198 0.015944 0.025356
7 0.426303 0.225839 0.016681 0.023827
25 0.385753 0.263759 0.028652 0.025136
3 0.461377 0.264353 0.027892 0.025656
3 0.657930 0.265093 0.029169 0.026749
34 0.338987 0.264316 0.027456 0.024248
21 0.571623 0.264607 0.023488 0.024394
25 0.546064 0.264398 0.026107 0.023976
21 0.519752 0.265474 0.026545 0.025505
34 0.134764 0.265371 0.026609 0.024744
34 0.416775 0.265046 0.027949 0.024073
10 0.613931 0.265042 0.020991 0.024011
14 0.258978 0.265107 0.038229 0.024095
14 0.170879 0.265657 0.039958 0.025018
7 0.290111 0.264941 0.017208 0.023515
24 0.362965 0.264863 0.016893 0.022932
27 0.417167 0.265313 0.027191 0.023515
22 0.313800 0.265031 0.022283 0.022903
7 0.202334 0.265861 0.016176 0.023721
26 0.491433 0.266454 0.024255 0.024719
32 0.224551 0.268616 0.031114 0.028448
15 0.521149 0.308808 0.024304 0.033304
15 0.612959 0.309213 0.026009 0.033874
34 0.672420 0.305695 0.024053 0.026527
5 0.643073 0.309025 0.031532 0.033034
3 0.413323 0.305912 0.027561 0.025812
8 0.585226 0.305821 0.022663 0.025325
8 0.383328 0.306285 0.023323 0.025849
3 0.263758 0.306114 0.027579 0.025407
21 0.493426 0.306137 0.026332 0.025191
22 0.293061 0.306154 0.023971 0.025032
14 0.225840 0.306606 0.037392 0.025772
20 0.443610 0.306097 0.027459 0.024494
14 0.329525 0.306338 0.040574 0.024653
22 0.151133 0.306632 0.023687 0.024860
24 0.127025 0.306562 0.017008 0.024428
9 0.196054 0.314441 0.015893 0.040004
24 0.469794 0.306305 0.016441 0.023716
33 0.551910 0.306722 0.038170 0.023850
34 0.684287 0.343838 0.024274 0.025173
3 0.451663 0.344176 0.028812 0.025249
4 0.488595 0.347189 0.037705 0.031273
34 0.522211 0.344311 0.026327 0.025378
3 0.320198 0.344976 0.028153 0.025989
25 0.571559 0.344140 0.028086 0.024257
25 0.656906 0.344082 0.026611 0.023792
22 0.422063 0.344463 0.024039 0.024435
15 0.601187 0.350627 0.024657 0.036751
28 0.394850 0.345119 0.023613 0.024842
24 0.547419 0.345498 0.017288 0.025142
34 0.288769 0.345532 0.026555 0.025147
24 0.345163 0.345216 0.016461 0.024450
4 0.255372 0.348381 0.037998 0.030315
3 0.218902 0.345756 0.027948 0.024995
28 0.159914 0.346177 0.025317 0.025720
21 0.188448 0.345969 0.025384 0.025211
21 0.367971 0.345552 0.025579 0.024226
22 0.130882 0.346377 0.021814 0.024018
3 0.483801 0.383562 0.028121 0.025522
28 0.659160 0.384048 0.023428 0.025647
28 0.454063 0.383986 0.023813 0.025390
24 0.509233 0.384469 0.016618 0.025263
25 0.532655 0.384015 0.028891 0.024158
13 0.561655 0.384001 0.022436 0.023910
16 0.315818 0.390409 0.028490 0.036615
5 0.634411 0.387836 0.025181 0.031398
3 0.373126 0.384884 0.028860 0.025433
15 0.315903 0.391565 0.028522 0.038520
16 0.206212 0.391608 0.029086 0.038432
32 0.606499 0.386964 0.030070 0.029091
28 0.343967 0.384923 0.023432 0.024479
24 0.398827 0.384788 0.016600 0.024205
20 0.238373 0.385441 0.028813 0.025403
3 0.173955 0.386042 0.027986 0.026564
9 0.129987 0.393760 0.016215 0.038950
17 0.149410 0.386399 0.015759 0.024063
26 0.285208 0.386602 0.026312 0.023902
32 0.488487 0.423384 0.032274 0.029910
28 0.519014 0.421210 0.024779 0.025509
1 0.272798 0.421530 0.030496 0.025658
9 0.542646 0.429492 0.015223 0.040919
11 0.396771 0.422302 0.028944 0.026317
10 0.424619 0.421597 0.021235 0.024058
22 0.345508 0.422467 0.025149 0.025592
7 0.370294 0.422324 0.017466 0.024733
17 0.561942 0.422584 0.016259 0.025153
22 0.585536 0.422468 0.022144 0.024447
9 0.301664 0.427302 0.017698 0.032302
26 0.321582 0.423486 0.015569 0.023189
18 0.619067 0.457451 0.027978 0.028811
25 0.553844 0.457654 0.028638 0.024481
4 0.473910 0.461163 0.037284 0.029896
34 0.398999 0.458563 0.026787 0.024288
4 0.653486 0.461791 0.035723 0.030099
11 0.240329 0.459328 0.027284 0.025160
24 0.423804 0.458981 0.016235 0.023803
10 0.504558 0.458899 0.019114 0.023514
28 0.271124 0.459263 0.025181 0.024162
22 0.528597 0.458567 0.020758 0.022760
8 0.191434 0.459438 0.022375 0.024500
14 0.304072 0.459973 0.037177 0.025295
22 0.373971 0.459362 0.021573 0.024030
7 0.443625 0.459470 0.016314 0.023894
10 0.682281 0.459818 0.020236 0.024585
3 0.163005 0.459851 0.028839 0.024553
9 0.596124 0.465685 0.016154 0.036154
7 0.214807 0.459812 0.016958 0.024330
17 0.578469 0.459752 0.015019 0.023704
18 0.692938 0.498247 0.027487 0.028491
4 0.536032 0.501198 0.039145 0.031742
3 0.386980 0.498533 0.027813 0.026153
25 0.198701 0.497890 0.027949 0.024777
11 0.470928 0.498585 0.027532 0.025512
21 0.169123 0.498923 0.027904 0.025764
28 0.500738 0.498979 0.024316 0.025671
28 0.224882 0.498980 0.025227 0.025439
3 0.274030 0.499091 0.027778 0.025655
24 0.411223 0.498510 0.017474 0.023814
34 0.568304 0.499090 0.024693 0.024852
22 0.357326 0.499011 0.022852 0.024417
35 0.437923 0.499138 0.034021 0.024426
22 0.594097 0.499330 0.022289 0.024633
34 0.618781 0.499624 0.026185 0.025176
9 0.249150 0.506869 0.017400 0.039614
26 0.140306 0.500179 0.024743 0.024493
18 0.599963 0.537408 0.028024 0.028419
10 0.175511 0.538035 0.022607 0.025456
25 0.204168 0.537726 0.029206 0.024247
4 0.422826 0.541182 0.039533 0.030991
36 0.282826 0.538302 0.029482 0.025075
34 0.456269 0.538355 0.026310 0.024960
4 0.322071 0.541795 0.040057 0.031759
3 0.385272 0.538663 0.028324 0.025254
22 0.542400 0.538986 0.020872 0.025378
10 0.355728 0.538832 0.022699 0.025009
4 0.635655 0.542639 0.036559 0.032441
21 0.517262 0.539157 0.025925 0.025077
24 0.495481 0.538738 0.015640 0.023512
22 0.234824 0.539191 0.021720 0.023923
11 0.570310 0.539870 0.027911 0.025165
17 0.257719 0.538884 0.015457 0.022820
10 0.667538 0.540354 0.022004 0.024948
18 0.458709 0.577039 0.027027 0.030113
18 0.247168 0.576341 0.028759 0.027936
3 0.157386 0.576612 0.029420 0.025850
24 0.131247 0.577696 0.017012 0.025552
11 0.217366 0.577712 0.027744 0.025431
26 0.187475 0.577998 0.024609 0.025990
1 0.334799 0.578324 0.029506 0.025897
8 0.432750 0.578450 0.023099 0.025497
25 0.381739 0.577912 0.026368 0.024215
30 0.299369 0.578746 0.035527 0.025760
7 0.409212 0.578360 0.019146 0.024808
17 0.360109 0.578724 0.014505 0.024982
4 0.299408 0.578923 0.034783 0.025287
0 0.489383 0.579129 0.028318 0.025610
3 0.537807 0.579507 0.026779 0.025314
9 0.514243 0.586375 0.017272 0.037909
7 0.593775 0.580147 0.016650 0.024696
11 0.567819 0.580100 0.027781 0.024531
5 0.655757 0.584390 0.026115 0.032800
4 0.143636 0.619198 0.039640 0.032768
29 0.206208 0.617090 0.025732 0.026809
34 0.178841 0.616999 0.027154 0.025947
25 0.235356 0.616775 0.027620 0.025271
15 0.265872 0.622378 0.024035 0.035365
3 0.345325 0.618032 0.027510 0.025571
8 0.438740 0.618272 0.022617 0.025482
3 0.409763 0.618762 0.028138 0.025247
1 0.508208 0.618845 0.029421 0.025347
20 0.377013 0.618479 0.027870 0.024570
15 0.642435 0.623002 0.023950 0.033463
22 0.538956 0.619122 0.024746 0.025372
24 0.319711 0.618634 0.016174 0.024294
20 0.294653 0.618731 0.027187 0.024394
24 0.481915 0.619060 0.017465 0.024541
7 0.461479 0.619078 0.017420 0.024431
11 0.611625 0.619207 0.029259 0.024433
20 0.670272 0.620040 0.029323 0.024764
25 0.223599 0.653997 0.028838 0.025469
22 0.252222 0.654867 0.021507 0.024427
7 0.177245 0.655530 0.018721 0.024907
15 0.278701 0.660127 0.024905 0.033956
9 0.198329 0.661866 0.017788 0.037166
22 0.317188 0.656272 0.023049 0.024726
13 0.530123 0.656449 0.022035 0.024893
34 0.342580 0.656510 0.026640 0.024971
33 0.145194 0.656101 0.038169 0.023948
15 0.591694 0.661983 0.025394 0.035442
11 0.415186 0.657396 0.028933 0.025819
20 0.447834 0.657005 0.028264 0.024080
22 0.369192 0.657350 0.021501 0.024522
21 0.503592 0.657565 0.027137 0.024771
17 0.389838 0.657276 0.014977 0.024107
26 0.389681 0.657535 0.015291 0.024499
17 0.551328 0.657033 0.014980 0.023405
28 0.643079 0.658236 0.025485 0.025534
8 0.476384 0.657296 0.022737 0.023581
5 0.615657 0.662328 0.029282 0.032743
17 0.569020 0.657842 0.014295 0.023648
18 0.334543 0.692461 0.027444 0.028090
11 0.140627 0.692237 0.026889 0.024957
3 0.172300 0.692534 0.027912 0.025231
30 0.207638 0.692075 0.035919 0.023812
3 0.261209 0.692828 0.027832 0.024545
3 0.455809 0.693688 0.027731 0.025322
24 0.285254 0.692984 0.015293 0.022996
0 0.365317 0.693662 0.027661 0.024338
4 0.491611 0.696941 0.038121 0.030855
32 0.308612 0.696226 0.029926 0.029075
3 0.554688 0.694584 0.028053 0.025587
9 0.391334 0.702528 0.016799 0.041465
4 0.591876 0.697388 0.038630 0.030930
34 0.524599 0.694411 0.025395 0.024793
3 0.673823 0.695247 0.029218 0.026010
21 0.643999 0.694852 0.026104 0.025217
24 0.429205 0.694688 0.016894 0.024199
4 0.145902 0.732610 0.038249 0.032179
34 0.178410 0.730486 0.026132 0.025922
4 0.232354 0.732881 0.040168 0.030076
3 0.269261 0.730691 0.028210 0.025190
34 0.367050 0.730678 0.026045 0.024506
32 0.397018 0.733266 0.033798 0.029659
10 0.456475 0.732396 0.024769 0.027706
11 0.428007 0.730844 0.027571 0.024132
11 0.337805 0.730947 0.027537 0.024299
7 0.312048 0.730989 0.017429 0.024029
9 0.292627 0.735828 0.015651 0.033516
3 0.539339 0.731340 0.026711 0.024526
28 0.657811 0.732175 0.025217 0.024835
32 0.481987 0.734285 0.032139 0.028612
33 0.574874 0.732214 0.038123 0.024314
11 0.629022 0.732690 0.027723 0.024870
7 0.603153 0.732320 0.017562 0.024063
28 0.511556 0.732060 0.023650 0.023371
18 0.584705 0.768844 0.027628 0.029133
4 0.145993 0.771035 0.038075 0.032478
34 0.180295 0.767854 0.026103 0.024984
3 0.228696 0.768640 0.028348 0.025971
34 0.360157 0.769082 0.025700 0.026045
11 0.330828 0.768802 0.029201 0.025365
0 0.279709 0.768911 0.029383 0.025375
34 0.427384 0.769036 0.025882 0.024760
22 0.402964 0.769447 0.023166 0.024709
24 0.254249 0.769327 0.015927 0.024366
4 0.620804 0.773685 0.038387 0.032824
24 0.304634 0.769140 0.016434 0.023539
11 0.555429 0.770120 0.029241 0.025451
28 0.500224 0.770507 0.024009 0.025594
24 0.451533 0.769821 0.015354 0.024170
10 0.651972 0.771051 0.020959 0.025745
22 0.526501 0.770841 0.022855 0.025056
21 0.473798 0.770325 0.025911 0.023876