18 0.866720 0.149604 0.030368 0.028705
25 0.373597 0.150393 0.029465 0.025259
32 0.639935 0.153617 0.032921 0.031424
3 0.669945 0.151091 0.027311 0.025703
34 0.730521 0.150885 0.025933 0.025188
3 0.406201 0.150979 0.027660 0.025265
11 0.702496 0.151288 0.027543 0.025633
3 0.576601 0.151572 0.028765 0.026054
11 0.544470 0.151799 0.028281 0.026434
13 0.819326 0.151719 0.024474 0.026194
15 0.465621 0.155397 0.023854 0.033363
33 0.765622 0.151309 0.041830 0.025059
11 0.437156 0.151608 0.026707 0.025575
26 0.344164 0.152313 0.026090 0.026552
36 0.608959 0.151746 0.028010 0.025351
7 0.796128 0.151479 0.016667 0.023866
10 0.516579 0.152320 0.019743 0.025326
32 0.490044 0.155502 0.032497 0.029623
4 0.619072 0.196530 0.040018 0.032981
28 0.820258 0.193287 0.027423 0.026283
32 0.845284 0.195797 0.034273 0.030908
3 0.876994 0.193296 0.028213 0.025164
3 0.733230 0.193933 0.026964 0.026107
10 0.585283 0.193860 0.021803 0.025886
25 0.450411 0.193593 0.029463 0.025205
11 0.348738 0.193722 0.027584 0.025374
26 0.399991 0.194592 0.026819 0.027104
25 0.556570 0.193754 0.028875 0.025280
11 0.508189 0.194104 0.028201 0.025486
7 0.375128 0.193878 0.015981 0.025022
21 0.656769 0.194254 0.026801 0.025609
7 0.534227 0.193929 0.015810 0.024773
9 0.796535 0.201057 0.016618 0.038561
28 0.479243 0.194568 0.024905 0.025203
32 0.703530 0.197375 0.030692 0.030297
24 0.425381 0.194639 0.016581 0.024698
28 0.871380 0.232919 0.023934 0.026051
29 0.789923 0.233836 0.026157 0.026704
8 0.514800 0.234191 0.023704 0.027378
25 0.347152 0.233498 0.028876 0.025787
11 0.739678 0.233775 0.028259 0.026240
29 0.596396 0.234283 0.027083 0.026832
32 0.844182 0.235760 0.029513 0.029114
36 0.424451 0.233952 0.031291 0.025328
28 0.815127 0.233884 0.024638 0.025115
13 0.455793 0.234034 0.023851 0.025413
22 0.375634 0.233964 0.023243 0.025170
3 0.708269 0.234383 0.026990 0.025743
7 0.539465 0.234611 0.017536 0.025899
17 0.765006 0.234626 0.016118 0.025619
17 0.397967 0.234462 0.015117 0.025072
26 0.566100 0.234586 0.024839 0.025230
7 0.622300 0.235020 0.019317 0.025944
36 0.649063 0.234539 0.029465 0.024859
17 0.477956 0.234506 0.016281 0.024467
32 0.679121 0.236880 0.030410 0.028606
13 0.343619 0.274571 0.023202 0.025567
13 0.786362 0.274648 0.023552 0.025659
3 0.410090 0.274939 0.028071 0.026038
25 0.467748 0.274710 0.029653 0.025243
25 0.757907 0.274565 0.029607 0.024340
36 0.544863 0.275492 0.030564 0.025430
22 0.497837 0.275501 0.022078 0.025397
24 0.384557 0.274773 0.016962 0.023903
24 0.732877 0.275260 0.016271 0.024811
17 0.365225 0.275850 0.016116 0.025930
28 0.438455 0.275296 0.023194 0.024776
13 0.575564 0.275552 0.023876 0.025186
3 0.623968 0.275825 0.027872 0.025518
28 0.709537 0.275431 0.024443 0.024473
17 0.519475 0.276053 0.014901 0.025554
17 0.598230 0.275829 0.016520 0.024690
8 0.801819 0.313946 0.024216 0.026920
4 0.739244 0.316669 0.040060 0.031296
3 0.866683 0.314260 0.029189 0.026158
3 0.833231 0.314449 0.030138 0.025828
10 0.774140 0.314637 0.021825 0.025722
25 0.605971 0.315362 0.031641 0.026298
10 0.342370 0.315550 0.020048 0.025549
32 0.314794 0.317629 0.035313 0.029632
5 0.682481 0.320701 0.030347 0.034834
9 0.632625 0.322737 0.016478 0.038638
29 0.413278 0.316829 0.026661 0.026067
14 0.475014 0.316767 0.041175 0.025911
34 0.554550 0.316579 0.028891 0.025505
17 0.707689 0.316195 0.016725 0.024727
28 0.655115 0.316200 0.023433 0.024621
24 0.580376 0.316423 0.017499 0.024763
28 0.438538 0.316695 0.024279 0.025184
24 0.528312 0.317218 0.017657 0.025208
13 0.791988 0.353424 0.024159 0.024712
36 0.404505 0.354973 0.031221 0.027414
25 0.535830 0.354537 0.030643 0.026472
25 0.591002 0.354334 0.029244 0.026043
0 0.683117 0.354121 0.028351 0.025548
22 0.565527 0.354813 0.022761 0.026393
12 0.731178 0.355212 0.021113 0.026389
35 0.850437 0.353819 0.033766 0.023237
3 0.503949 0.355343 0.029733 0.026150
7 0.709526 0.354817 0.016809 0.024682
4 0.470477 0.357910 0.035394 0.030363
35 0.648497 0.355080 0.035790 0.023164
8 0.711545 0.393285 0.023081 0.026313
0 0.763616 0.393166 0.029245 0.025536
28 0.684506 0.393811 0.025464 0.026129
22 0.814312 0.393337 0.022604 0.025010
3 0.882053 0.393835 0.028727 0.025870
7 0.735450 0.393378 0.017458 0.024862
7 0.855280 0.393379 0.018137 0.024758
17 0.790539 0.393539 0.016336 0.024875
8 0.637958 0.393968 0.023022 0.025510
24 0.835907 0.393956 0.017012 0.024596
11 0.608352 0.394253 0.027479 0.024829
24 0.660876 0.394355 0.015822 0.024286
11 0.402610 0.394729 0.030051 0.025008
34 0.345448 0.394396 0.024932 0.024295
28 0.580300 0.394784 0.023351 0.024798
11 0.552207 0.394734 0.027991 0.024603
7 0.430240 0.395185 0.018576 0.024206
7 0.471888 0.396300 0.016783 0.025558
24 0.493070 0.395866 0.016327 0.024677
35 0.518559 0.395798 0.032331 0.023499
34 0.814752 0.431010 0.028298 0.025212
22 0.788340 0.431547 0.023018 0.025383
25 0.616601 0.432012 0.028137 0.025236
1 0.698692 0.431985 0.035442 0.025010
17 0.668689 0.432230 0.016519 0.025283
17 0.765170 0.431974 0.015970 0.024404
22 0.644991 0.432281 0.022941 0.024919
4 0.397454 0.435873 0.040221 0.031374
28 0.589160 0.432944 0.025973 0.024523
3 0.464686 0.433746 0.027979 0.026024
12 0.343876 0.434310 0.022897 0.026442
28 0.538868 0.433735 0.023945 0.025231
22 0.563166 0.433528 0.021908 0.024533
21 0.434581 0.434063 0.026975 0.024855
7 0.366397 0.433252 0.016368 0.023132
21 0.512797 0.434222 0.024753 0.024625
24 0.490482 0.434519 0.016885 0.025057
28 0.512857 0.434474 0.024773 0.024645
0 0.781198 0.468405 0.030131 0.025260
7 0.808784 0.468269 0.016693 0.024611
17 0.893972 0.468538 0.013963 0.024741
7 0.848033 0.468250 0.016721 0.023605
22 0.750367 0.468921 0.026508 0.024758
9 0.829634 0.475163 0.021051 0.036769
3 0.712610 0.469198 0.027670 0.024556
25 0.655203 0.469061 0.030302 0.024197
28 0.683829 0.470047 0.025051 0.026159
4 0.590356 0.473342 0.039774 0.030396
3 0.464742 0.471373 0.028158 0.025435
28 0.435448 0.471727 0.024431 0.025558
11 0.496388 0.471695 0.027239 0.025239
17 0.620748 0.470964 0.016461 0.023489
27 0.530785 0.471758 0.039180 0.024932
13 0.381646 0.471941 0.021478 0.024921
22 0.314542 0.472081 0.023270 0.025179
7 0.359622 0.472260 0.017858 0.024844
32 0.405540 0.474733 0.033024 0.029568
24 0.338947 0.472200 0.016596 0.024023
17 0.881519 0.505046 0.014316 0.024421
22 0.831370 0.505588 0.023258 0.024953
1 0.859248 0.505378 0.026363 0.024487
21 0.804764 0.506061 0.026477 0.024916
29 0.778253 0.507000 0.025759 0.025251
1 0.728808 0.507518 0.029235 0.025012
21 0.698152 0.508008 0.025536 0.024881
17 0.754150 0.507719 0.015428 0.024204
22 0.670123 0.508396 0.022271 0.023849
4 0.571525 0.511764 0.038039 0.029350
25 0.606582 0.509146 0.027399 0.023900
35 0.638911 0.509605 0.034699 0.024372
3 0.534297 0.510246 0.027384 0.025433
13 0.410576 0.510531 0.023882 0.025677
9 0.509190 0.518305 0.017169 0.040475
28 0.486331 0.510946 0.023654 0.024622
21 0.383809 0.511609 0.026761 0.024747
32 0.456213 0.513326 0.033062 0.028001
11 0.871928 0.544169 0.026113 0.025941
28 0.899980 0.544443 0.024756 0.025527
34 0.842118 0.544849 0.025485 0.025410
4 0.809578 0.548120 0.039693 0.031877
28 0.774662 0.546448 0.025224 0.025340
14 0.738760 0.547144 0.037366 0.024334
32 0.703553 0.549963 0.034080 0.029099
25 0.619216 0.548150 0.027096 0.025191
20 0.673055 0.548085 0.027069 0.024934
28 0.644145 0.548566 0.024385 0.025446
13 0.567683 0.549307 0.022081 0.025913
8 0.512180 0.549351 0.023451 0.025927
21 0.540556 0.549591 0.027189 0.025598
29 0.448045 0.550756 0.026079 0.027447
32 0.591984 0.551362 0.032890 0.028640
28 0.356544 0.550741 0.027465 0.025784
8 0.420245 0.550656 0.024335 0.025457
7 0.475988 0.550326 0.019091 0.024546
20 0.388977 0.550958 0.030866 0.025241
25 0.785870 0.582161 0.029572 0.024966
17 0.814406 0.583056 0.014683 0.023922
24 0.762213 0.583501 0.018468 0.024811
28 0.737991 0.583692 0.024527 0.024648
22 0.678434 0.584613 0.022729 0.023823
3 0.648894 0.585599 0.028446 0.025595
34 0.505910 0.587211 0.027913 0.026246
4 0.469758 0.590096 0.041717 0.030997
3 0.430775 0.588035 0.028618 0.025523
14 0.393341 0.588672 0.038480 0.024888
11 0.795763 0.621006 0.029661 0.027211
34 0.872119 0.620793 0.026248 0.026165
28 0.827950 0.620319 0.025076 0.025214
24 0.850719 0.620511 0.016231 0.024745
3 0.763435 0.621117 0.028040 0.025639
8 0.731586 0.621607 0.025337 0.025217
0 0.637414 0.623250 0.029118 0.025349
17 0.709004 0.623962 0.013738 0.026086
32 0.685840 0.625823 0.034014 0.029167
10 0.575223 0.624267 0.022110 0.025719
17 0.661510 0.624364 0.014124 0.025899
11 0.546145 0.625090 0.030549 0.026819
24 0.612868 0.623903 0.015802 0.024196
32 0.514735 0.626895 0.030365 0.028629
3 0.484719 0.626517 0.030310 0.026406
2 0.412165 0.630736 0.038721 0.034310
3 0.450866 0.626907 0.028363 0.025179
34 0.838690 0.657845 0.025736 0.026056
11 0.809524 0.657694 0.029481 0.025547
8 0.778465 0.657826 0.023149 0.025589
3 0.716607 0.658287 0.028244 0.026379
11 0.748974 0.658079 0.028432 0.025303
25 0.685192 0.658758 0.030246 0.025469
3 0.616580 0.660612 0.027120 0.025771
30 0.650934 0.659841 0.035011 0.024150
9 0.591163 0.668508 0.018459 0.040980
0 0.564178 0.661613 0.029902 0.025863
36 0.530895 0.662212 0.029329 0.025042
3 0.498185 0.663051 0.028587 0.026010
11 0.464886 0.663091 0.027916 0.025732
2 0.406287 0.669837 0.039412 0.036689
7 0.439435 0.663545 0.016396 0.023693
22 0.370618 0.664621 0.023070 0.024718
26 0.342602 0.665409 0.027535 0.023151
3 0.815971 0.693673 0.031281 0.025968
2 0.775724 0.700012 0.041885 0.036887
35 0.733199 0.696009 0.035641 0.023932
25 0.630351 0.696675 0.027945 0.025041
22 0.660169 0.696854 0.023702 0.025193
17 0.682623 0.697825 0.016557 0.025983
9 0.704116 0.704696 0.018071 0.039254
22 0.584756 0.698795 0.023216 0.025329
3 0.554658 0.699870 0.028981 0.025648
17 0.607218 0.698532 0.015082 0.022730
3 0.479476 0.700547 0.029456 0.025722
3 0.428497 0.701007 0.029426 0.025591
33 0.516996 0.700927 0.040853 0.024311
17 0.401667 0.701274 0.017391 0.023635
25 0.346254 0.702425 0.029158 0.024897
22 0.377079 0.702099 0.022970 0.024132
3 0.815589 0.731244 0.030862 0.025494
11 0.720306 0.732965 0.027696 0.025095
25 0.689576 0.733029 0.029702 0.024115
4 0.630798 0.736385 0.041669 0.030437
7 0.577143 0.735737 0.017751 0.024861
8 0.553234 0.736097 0.024313 0.025497
34 0.525238 0.736950 0.025945 0.025098
28 0.433187 0.737500 0.025093 0.025810
3 0.464893 0.737898 0.028111 0.025653
11 0.496199 0.737952 0.027635 0.024833
25 0.403781 0.738493 0.030410 0.025129
34 0.372390 0.739030 0.027296 0.025403
5 0.340573 0.744797 0.031172 0.034485
3 0.861306 0.768049 0.030276 0.027207
0 0.806227 0.769141 0.030540 0.025277
24 0.833664 0.769034 0.018757 0.024226
25 0.703412 0.770969 0.028657 0.025678
10 0.735668 0.770688 0.025992 0.023991
15 0.675562 0.777793 0.024727 0.036560
0 0.643643 0.773373 0.029286 0.026171
10 0.613793 0.773788 0.022464 0.024835
14 0.579827 0.774464 0.038798 0.026005
28 0.544177 0.775112 0.025302 0.025601
3 0.481584 0.775975 0.030361 0.026595
11 0.515755 0.775670 0.028324 0.025387
22 0.449999 0.776413 0.024100 0.025702
28 0.421423 0.777153 0.026676 0.026729
0 0.366822 0.778559 0.030342 0.025856
9 0.394691 0.788925 0.018837 0.046359
24 0.338806 0.778048 0.017966 0.024466