18 0.474716 0.147609 0.028968 0.028781
4 0.610841 0.152040 0.039267 0.031525
3 0.540103 0.149200 0.028565 0.025713
11 0.508015 0.149091 0.028023 0.025340
32 0.446752 0.151392 0.031194 0.029441
36 0.572770 0.149473 0.030084 0.025511
10 0.643726 0.149259 0.022033 0.024906
11 0.335530 0.149684 0.030350 0.025749
25 0.670665 0.149535 0.029613 0.024845
22 0.386742 0.150012 0.024208 0.025443
7 0.363254 0.149939 0.017452 0.025129
0 0.743383 0.150320 0.030139 0.025819
9 0.697433 0.156009 0.017320 0.036594
7 0.716454 0.150664 0.017084 0.025088
2 0.801417 0.156584 0.038642 0.036197
7 0.770363 0.150763 0.017642 0.023727
7 0.833020 0.152455 0.018296 0.026736
11 0.549735 0.189433 0.027953 0.025771
28 0.519503 0.189491 0.025057 0.024689
4 0.656574 0.192716 0.037915 0.030991
4 0.330051 0.192770 0.038973 0.030896
36 0.619616 0.189842 0.030372 0.024542
0 0.413846 0.190322 0.029002 0.025336
34 0.365160 0.190327 0.029406 0.025171
1 0.463623 0.190187 0.028171 0.024666
34 0.689137 0.190140 0.026542 0.024463
35 0.584370 0.189967 0.035558 0.023996
3 0.720969 0.190806 0.029710 0.025566
21 0.769662 0.191751 0.026785 0.025198
22 0.815012 0.191779 0.022266 0.024865
24 0.746619 0.191581 0.016972 0.024416
17 0.793037 0.191751 0.016482 0.024234
17 0.837250 0.192400 0.015938 0.025063
3 0.708297 0.230311 0.029478 0.025864
25 0.553853 0.229812 0.029305 0.024862
8 0.657222 0.230581 0.023445 0.026133
34 0.583687 0.230354 0.025970 0.025658
4 0.452299 0.233541 0.039348 0.031518
34 0.487528 0.230530 0.026838 0.025476
7 0.680997 0.230855 0.018405 0.024949
4 0.808974 0.233698 0.039515 0.030261
24 0.317606 0.230912 0.017229 0.024639
3 0.629596 0.231045 0.026887 0.024825
7 0.777860 0.230941 0.017338 0.024398
24 0.529907 0.231023 0.015597 0.024453
33 0.747119 0.230985 0.040575 0.024253
22 0.387543 0.231343 0.023287 0.024481
11 0.844605 0.231985 0.027841 0.025634
21 0.340413 0.231930 0.026465 0.024838
17 0.364267 0.232009 0.015003 0.024693
17 0.867878 0.232854 0.015617 0.025850
25 0.463276 0.269813 0.027819 0.025794
4 0.543939 0.272545 0.043413 0.030929
3 0.432907 0.270203 0.029017 0.026242
34 0.493165 0.269855 0.026788 0.025202
29 0.400791 0.270986 0.026830 0.027025
3 0.646742 0.270935 0.028811 0.026247
3 0.583945 0.271116 0.030250 0.026469
4 0.785072 0.273836 0.039809 0.031811
3 0.746454 0.271297 0.030705 0.026053
13 0.320991 0.271003 0.024394 0.025172
5 0.615299 0.274632 0.030340 0.032121
34 0.820247 0.271271 0.026877 0.025220
22 0.715150 0.271373 0.023274 0.024974
17 0.344309 0.271447 0.016886 0.024300
26 0.371182 0.271917 0.027016 0.024989
17 0.692763 0.272024 0.015112 0.024955
34 0.556996 0.308656 0.028081 0.025307
34 0.467074 0.308841 0.027691 0.025570
4 0.611343 0.311737 0.039530 0.031187
11 0.526681 0.309278 0.028193 0.026191
29 0.495784 0.309604 0.026368 0.025832
27 0.558189 0.309165 0.030758 0.024920
3 0.811641 0.310367 0.030190 0.027035
11 0.324479 0.309633 0.028229 0.025564
21 0.438429 0.309743 0.027648 0.025239
4 0.383050 0.312869 0.041889 0.031316
4 0.732788 0.313148 0.040816 0.031779
21 0.692680 0.310483 0.031110 0.026385
11 0.844075 0.310761 0.028667 0.026562
10 0.645685 0.309985 0.022441 0.024983
13 0.671450 0.309950 0.023188 0.024744
17 0.415068 0.310086 0.015055 0.024767
7 0.351630 0.310183 0.017573 0.024688
7 0.868296 0.310976 0.017538 0.025533
10 0.766484 0.311084 0.021918 0.025356
4 0.610138 0.351226 0.039272 0.032176
3 0.571613 0.348388 0.029516 0.026120
2 0.533577 0.353937 0.040078 0.037146
28 0.462932 0.348068 0.025303 0.024881
0 0.432770 0.348365 0.030231 0.024862
15 0.340498 0.352557 0.024602 0.032933
10 0.643696 0.348599 0.022316 0.024814
34 0.384426 0.348588 0.026560 0.024569
24 0.361070 0.349208 0.015421 0.025022
1 0.704758 0.349737 0.029782 0.025413
4 0.763387 0.352832 0.040216 0.031292
26 0.672073 0.349868 0.026972 0.024626
0 0.823662 0.350767 0.030104 0.026294
10 0.795632 0.350001 0.020582 0.024506
17 0.731679 0.349884 0.016094 0.024255
3 0.873516 0.351420 0.027554 0.025205
34 0.504562 0.386200 0.029606 0.026088
3 0.551900 0.387296 0.029633 0.026702
3 0.347089 0.386757 0.029757 0.025588
9 0.373284 0.395438 0.019113 0.042893
28 0.398601 0.386664 0.024620 0.025329
4 0.468284 0.390056 0.039669 0.031750
36 0.429769 0.386974 0.030247 0.025516
15 0.881123 0.397944 0.024178 0.047364
3 0.636532 0.387405 0.028782 0.026231
0 0.585415 0.387395 0.029361 0.025679
1 0.669620 0.387671 0.030785 0.025795
28 0.731994 0.388352 0.025869 0.025937
3 0.763073 0.388193 0.029174 0.024901
17 0.860406 0.388245 0.014132 0.024511
21 0.701867 0.388768 0.027294 0.025257
35 0.796118 0.389020 0.033939 0.023973
25 0.526392 0.425014 0.028273 0.026432
5 0.322685 0.429214 0.030128 0.033716
36 0.454698 0.425154 0.031341 0.024775
25 0.375407 0.425125 0.029954 0.024293
34 0.555952 0.425609 0.026197 0.024883
3 0.600702 0.426150 0.026871 0.025856
24 0.502285 0.425481 0.016777 0.024485
8 0.628763 0.426251 0.022615 0.025989
22 0.406312 0.425476 0.023751 0.024398
17 0.428151 0.425474 0.015969 0.023569
11 0.680493 0.427785 0.029021 0.025275
25 0.824516 0.427184 0.028582 0.023987
7 0.653263 0.427212 0.017514 0.023675
28 0.710123 0.428677 0.024473 0.026074
14 0.746763 0.428149 0.040107 0.024890
17 0.848350 0.428209 0.015352 0.024063
24 0.800385 0.428530 0.016403 0.024551
7 0.800528 0.428778 0.016828 0.024576
7 0.779887 0.429242 0.017532 0.024957
18 0.784124 0.462814 0.030842 0.027986
3 0.381148 0.462550 0.027880 0.024998
11 0.442926 0.462796 0.029959 0.025430
23 0.675859 0.468937 0.028729 0.037343
21 0.411379 0.462895 0.026877 0.025009
34 0.472006 0.463187 0.026219 0.025538
1 0.327304 0.463432 0.029255 0.025858
34 0.543095 0.463613 0.027742 0.025211
9 0.354066 0.470217 0.017404 0.038409
3 0.595402 0.463977 0.028944 0.025124
5 0.512937 0.467499 0.027323 0.032103
34 0.843391 0.463476 0.025960 0.023985
4 0.747252 0.467320 0.040028 0.031046
5 0.815023 0.467392 0.028026 0.030915
3 0.708684 0.464478 0.027990 0.024948
24 0.568994 0.464290 0.016500 0.024435
9 0.621076 0.471563 0.016715 0.038493
28 0.645004 0.464593 0.025021 0.024343
18 0.341556 0.499808 0.028668 0.027447
3 0.872489 0.500553 0.025960 0.025512
3 0.445181 0.501574 0.029994 0.025214
32 0.372995 0.503816 0.034754 0.029185
24 0.317816 0.501672 0.017013 0.024654
28 0.569668 0.501951 0.026203 0.024820
17 0.593932 0.502639 0.015180 0.025713
35 0.409192 0.501776 0.034155 0.023486
17 0.850091 0.501647 0.014356 0.023125
17 0.490949 0.501757 0.015580 0.023299
34 0.785045 0.502276 0.026454 0.023909
22 0.828277 0.501998 0.022123 0.023275
2 0.693110 0.507628 0.037643 0.034186
4 0.752345 0.505748 0.039216 0.030170
24 0.807867 0.502384 0.014830 0.023109
35 0.621330 0.503054 0.035897 0.024293
7 0.722514 0.503202 0.015854 0.023279
32 0.539936 0.505716 0.032138 0.028130
20 0.657103 0.503365 0.027076 0.022928
18 0.674800 0.539818 0.025621 0.027141
15 0.765066 0.546060 0.024142 0.036588
3 0.367472 0.540613 0.027994 0.025603
3 0.569105 0.540526 0.028130 0.025380
0 0.827116 0.540383 0.027669 0.025010
34 0.507449 0.539919 0.025566 0.024050
1 0.398564 0.540592 0.028735 0.025122
3 0.449878 0.540345 0.028028 0.024420
0 0.601362 0.540950 0.028186 0.025092
21 0.480172 0.540627 0.025451 0.024292
11 0.735708 0.541097 0.028016 0.025219
9 0.425014 0.548355 0.016171 0.039692
8 0.647824 0.541609 0.022299 0.024635
32 0.704171 0.543471 0.032673 0.027578
17 0.626535 0.541245 0.013998 0.022725
18 0.519887 0.576982 0.027952 0.027419
25 0.583195 0.577169 0.028799 0.024666
28 0.867483 0.577593 0.025407 0.024218
25 0.660357 0.577325 0.027781 0.023573
2 0.362367 0.583336 0.036372 0.035104
34 0.690280 0.577975 0.026764 0.024307
13 0.796864 0.577902 0.023644 0.024030
10 0.823398 0.577870 0.022187 0.023939
34 0.768021 0.577755 0.026490 0.023654
4 0.423281 0.580804 0.038447 0.029702
25 0.738102 0.577559 0.028311 0.023086
0 0.489545 0.578660 0.027963 0.024951
24 0.844642 0.578173 0.015098 0.023923
7 0.392127 0.578361 0.017003 0.023804
34 0.613086 0.578695 0.025346 0.024333
34 0.457769 0.578513 0.027868 0.023754
20 0.326287 0.578691 0.027449 0.023361
24 0.714950 0.578538 0.015603 0.022896
24 0.560097 0.579179 0.016579 0.023817
24 0.637082 0.578763 0.015928 0.022892
23 0.410231 0.621138 0.030281 0.036930
25 0.756343 0.616381 0.030894 0.024811
34 0.786877 0.617170 0.026592 0.025578
4 0.591195 0.620214 0.039503 0.031472
36 0.860532 0.617533 0.030548 0.025448
22 0.324174 0.617386 0.024478 0.024364
8 0.813698 0.617660 0.021948 0.024893
36 0.553814 0.617792 0.029348 0.024854
3 0.522048 0.617850 0.027144 0.024916
0 0.471873 0.617939 0.029556 0.025073
3 0.691387 0.618045 0.028884 0.025158
34 0.440577 0.617525 0.026489 0.024006
28 0.348663 0.617483 0.023325 0.023776
24 0.731960 0.617639 0.016067 0.023699
17 0.835570 0.617339 0.014858 0.022766
28 0.625378 0.618407 0.025433 0.024485
35 0.657469 0.618298 0.032960 0.024094
17 0.497296 0.618993 0.016129 0.025110
26 0.377633 0.618238 0.025961 0.023553
4 0.602487 0.656216 0.038789 0.030219
28 0.806807 0.654398 0.024583 0.024773
3 0.345488 0.655088 0.028787 0.025212
29 0.779855 0.654952 0.024545 0.024497
8 0.374555 0.655473 0.024079 0.025519
11 0.426145 0.654951 0.028432 0.024131
14 0.489787 0.655124 0.037690 0.024472
11 0.723519 0.655626 0.027582 0.025280
36 0.564082 0.654777 0.029430 0.023564
28 0.456052 0.655132 0.024174 0.024193
10 0.522037 0.654921 0.022299 0.023599
28 0.752921 0.655577 0.025149 0.024405
7 0.399717 0.655670 0.017515 0.024551
24 0.320166 0.656454 0.016093 0.025504
7 0.697681 0.655830 0.016463 0.023730
33 0.667623 0.656259 0.039403 0.024415
13 0.554420 0.690111 0.020186 0.023904
10 0.577137 0.690226 0.020786 0.024118
25 0.621386 0.690055 0.026601 0.023282
0 0.863304 0.690950 0.027644 0.025069
3 0.528600 0.690418 0.026736 0.023961
3 0.483736 0.690676 0.027642 0.024447
11 0.758719 0.690865 0.028258 0.024431
3 0.833317 0.691020 0.027090 0.024393
11 0.701404 0.690773 0.026881 0.023891
8 0.786829 0.691042 0.023208 0.024358
28 0.406673 0.690788 0.024016 0.023738
3 0.327182 0.691423 0.026213 0.024904
25 0.453754 0.690635 0.028125 0.023203
24 0.429783 0.690517 0.016301 0.022827
28 0.674366 0.690846 0.023190 0.023277
21 0.380061 0.691006 0.024051 0.023385
28 0.729753 0.691159 0.024118 0.023643
24 0.597863 0.691058 0.016609 0.023370
22 0.353283 0.690993 0.022770 0.023110
24 0.809444 0.691026 0.015978 0.022764
25 0.511834 0.726256 0.027325 0.023636
3 0.643182 0.727034 0.028126 0.025032
2 0.862074 0.732111 0.040045 0.035068
22 0.827495 0.726999 0.021916 0.024123
11 0.674044 0.727486 0.027233 0.024906
21 0.799183 0.727470 0.027680 0.024511
11 0.414133 0.727438 0.027191 0.024386
35 0.588846 0.727570 0.037660 0.024587
28 0.385567 0.728099 0.024720 0.025121
29 0.772076 0.727878 0.025817 0.024680
10 0.537948 0.727134 0.020279 0.023049
12 0.726658 0.728143 0.020958 0.024699
1 0.327950 0.728150 0.028489 0.024675
20 0.482400 0.727670 0.027450 0.023689
28 0.701787 0.727768 0.024341 0.023795
21 0.358303 0.728086 0.025786 0.023890
35 0.448619 0.728000 0.035234 0.023522
7 0.747815 0.727727 0.017137 0.022443
4 0.818868 0.766471 0.038558 0.031402
25 0.694912 0.763649 0.026848 0.023872
34 0.722989 0.764056 0.025097 0.024033
25 0.629292 0.764719 0.026093 0.024577
15 0.603003 0.773474 0.023958 0.041918
28 0.783632 0.764894 0.025239 0.024224
10 0.655830 0.764956 0.021389 0.024185
29 0.547768 0.766065 0.024468 0.025908
5 0.322255 0.770186 0.029914 0.034014
25 0.575424 0.765367 0.027740 0.024214
25 0.465622 0.765757 0.029878 0.024598
24 0.760930 0.765024 0.016786 0.023119
3 0.520623 0.765581 0.027126 0.024159
10 0.494412 0.766031 0.020636 0.023843
28 0.375836 0.766347 0.025603 0.024182
22 0.350179 0.766403 0.021416 0.023870
21 0.404030 0.766804 0.025414 0.024068
35 0.435592 0.766670 0.033262 0.023073