4 0.482843 0.147856 0.038864 0.032121
3 0.662570 0.145802 0.027603 0.026060
0 0.613338 0.145959 0.029909 0.026124
3 0.517887 0.145717 0.026766 0.025246
28 0.565087 0.145757 0.024743 0.025169
9 0.542446 0.153254 0.016272 0.039695
13 0.432669 0.146092 0.022087 0.024878
34 0.341608 0.146095 0.026560 0.024825
25 0.313161 0.146149 0.027968 0.024699
22 0.369155 0.146557 0.021745 0.024828
17 0.453176 0.146269 0.015183 0.023883
24 0.392561 0.146615 0.016604 0.024199
3 0.243013 0.147413 0.026046 0.025581
22 0.269920 0.146862 0.021988 0.023678
17 0.291584 0.147484 0.014078 0.024217
33 0.208369 0.147367 0.036513 0.023831
28 0.177586 0.147448 0.021916 0.023645
12 0.152875 0.148853 0.021008 0.024636
18 0.360183 0.183977 0.028636 0.030798
18 0.497300 0.184421 0.026609 0.028979
8 0.524666 0.185442 0.023247 0.025846
3 0.615834 0.185873 0.030215 0.026457
21 0.471802 0.186104 0.025555 0.025913
28 0.419180 0.186239 0.024576 0.025816
11 0.648265 0.186395 0.028519 0.025979
24 0.568244 0.185971 0.016230 0.025044
10 0.587701 0.185640 0.020666 0.024306
5 0.446961 0.189525 0.026746 0.031951
11 0.390968 0.186584 0.027360 0.026029
11 0.330471 0.186928 0.027331 0.025678
3 0.196587 0.187196 0.027549 0.025922
34 0.285825 0.186770 0.024446 0.024675
3 0.228042 0.187405 0.027320 0.025483
11 0.259318 0.187682 0.026331 0.025371
3 0.561521 0.225252 0.028043 0.025346
0 0.593291 0.225593 0.028688 0.025657
25 0.434067 0.225622 0.026980 0.025434
22 0.461967 0.225815 0.022810 0.025611
3 0.385706 0.226516 0.029420 0.026997
3 0.529574 0.225506 0.027725 0.024861
29 0.641853 0.226011 0.025957 0.025621
9 0.503912 0.231349 0.016013 0.036286
29 0.156181 0.227142 0.026924 0.026951
3 0.299610 0.226652 0.027413 0.025359
17 0.694047 0.226374 0.016564 0.024611
24 0.411236 0.226787 0.016775 0.025050
20 0.330288 0.226992 0.028257 0.025072
14 0.211783 0.227425 0.035261 0.025144
28 0.180324 0.227648 0.023063 0.025180
24 0.273160 0.227084 0.017428 0.023907
20 0.246711 0.227635 0.027741 0.024968
18 0.222184 0.265763 0.026389 0.029949
15 0.435096 0.270653 0.024690 0.035417
1 0.495315 0.265752 0.028751 0.025018
10 0.585995 0.265780 0.021333 0.025074
11 0.404987 0.266503 0.029299 0.026140
9 0.521930 0.271385 0.016344 0.035735
29 0.344164 0.267137 0.024685 0.027150
25 0.372675 0.265995 0.028811 0.024754
3 0.315418 0.266950 0.028121 0.026351
20 0.463730 0.266226 0.028349 0.024894
11 0.654615 0.266647 0.028811 0.025704
22 0.562406 0.265713 0.022506 0.023741
22 0.624695 0.266582 0.024179 0.025419
17 0.541581 0.266212 0.015124 0.024609
28 0.685152 0.266866 0.026058 0.025821
25 0.191714 0.266702 0.030425 0.025256
36 0.159686 0.266924 0.031275 0.024693
21 0.250422 0.268256 0.026912 0.025856
17 0.275076 0.267799 0.017425 0.024940
18 0.598411 0.303047 0.027455 0.030972
25 0.568706 0.303935 0.028410 0.025794
3 0.538539 0.304532 0.027897 0.026485
4 0.476103 0.307618 0.038566 0.032154
32 0.368840 0.307872 0.032644 0.031989
34 0.508198 0.304905 0.023896 0.025326
3 0.305839 0.305340 0.026487 0.025556
28 0.441626 0.305219 0.024728 0.024843
11 0.275223 0.305649 0.027876 0.025657
34 0.170792 0.305511 0.024901 0.025326
21 0.628292 0.305963 0.029547 0.025920
14 0.405184 0.305872 0.038677 0.025718
24 0.149173 0.305652 0.015800 0.025182
2 0.219417 0.310645 0.038042 0.034854
36 0.336545 0.305446 0.028682 0.024364
17 0.654463 0.305830 0.016006 0.024497
7 0.249197 0.306437 0.017035 0.024372
18 0.631301 0.343039 0.028044 0.029398
3 0.527302 0.343094 0.026187 0.025082
1 0.557138 0.344007 0.027949 0.025865
21 0.497110 0.343784 0.026144 0.025307
22 0.453437 0.343598 0.021136 0.024858
4 0.161882 0.347535 0.038198 0.032302
3 0.425641 0.343924 0.025993 0.024651
0 0.663477 0.344582 0.030501 0.025834
29 0.287121 0.344234 0.025113 0.024831
25 0.315963 0.343861 0.027559 0.024079
34 0.195477 0.344452 0.026463 0.025047
7 0.475467 0.343488 0.015425 0.023063
17 0.689553 0.344796 0.015356 0.025392
21 0.602733 0.344732 0.024123 0.024761
36 0.394197 0.344556 0.027672 0.024312
11 0.345950 0.344784 0.026345 0.024473
17 0.369443 0.344835 0.015244 0.024135
17 0.581892 0.344645 0.015336 0.023678
9 0.264258 0.350755 0.016295 0.035646
0 0.240756 0.344527 0.026083 0.023149
3 0.545990 0.382323 0.028095 0.025916
3 0.605351 0.382617 0.027389 0.026407
3 0.495076 0.382803 0.027061 0.026159
25 0.652927 0.382707 0.029443 0.025575
24 0.521137 0.382881 0.016479 0.025746
4 0.226122 0.385377 0.038829 0.030564
28 0.576803 0.382981 0.026238 0.025411
24 0.630133 0.383195 0.016054 0.025732
25 0.294507 0.382809 0.027868 0.024894
28 0.466508 0.383312 0.024430 0.025431
15 0.438874 0.389116 0.027908 0.036580
3 0.189432 0.383231 0.027276 0.024808
36 0.368943 0.383248 0.029507 0.024263
22 0.321975 0.383725 0.021974 0.024181
17 0.343964 0.383895 0.015637 0.023946
35 0.263331 0.383748 0.034180 0.023596
26 0.410728 0.384309 0.024199 0.022757
25 0.397656 0.420186 0.030953 0.024310
28 0.198713 0.420772 0.027237 0.025414
25 0.344554 0.420807 0.031239 0.025196
4 0.458213 0.423643 0.038979 0.030440
17 0.427214 0.421560 0.017309 0.023268
25 0.251187 0.457850 0.028451 0.025376
25 0.182760 0.457217 0.027966 0.023289
34 0.626569 0.458895 0.025905 0.026194
3 0.564954 0.458475 0.027714 0.025273
11 0.597309 0.459052 0.028660 0.026318
11 0.371757 0.458853 0.029421 0.025715
8 0.321796 0.458703 0.021841 0.025304
24 0.227872 0.458663 0.016169 0.025142
34 0.281356 0.458694 0.025999 0.024838
7 0.208895 0.458951 0.016585 0.025294
14 0.433122 0.458689 0.037905 0.024761
28 0.398964 0.459295 0.024035 0.025813
32 0.537314 0.460863 0.028448 0.028564
7 0.344937 0.459303 0.017705 0.025323
36 0.505771 0.459287 0.030357 0.025165
10 0.466717 0.459146 0.022090 0.024729
34 0.701664 0.459931 0.025303 0.025974
25 0.674107 0.459625 0.028936 0.025070
24 0.649780 0.459578 0.016018 0.023965
25 0.294378 0.495856 0.029422 0.026248
3 0.184807 0.496833 0.028599 0.026207
34 0.393631 0.496487 0.027031 0.025328
0 0.424663 0.496704 0.028130 0.025493
3 0.623250 0.497301 0.029218 0.026598
29 0.471006 0.497483 0.024708 0.026336
34 0.323979 0.497208 0.025098 0.025189
11 0.216992 0.497528 0.028205 0.025532
3 0.499938 0.497749 0.026884 0.025956
5 0.365036 0.500790 0.027588 0.031874
22 0.527166 0.497592 0.022974 0.025446
4 0.587935 0.497454 0.035034 0.025039
24 0.270782 0.497580 0.017106 0.025151
28 0.245935 0.497759 0.024909 0.025496
24 0.663165 0.497604 0.016925 0.025081
17 0.449132 0.497616 0.015270 0.025099
28 0.554523 0.497943 0.024562 0.025320
34 0.713767 0.498389 0.023258 0.026138
18 0.508481 0.534837 0.026587 0.029759
3 0.238929 0.535775 0.029076 0.025899
36 0.184170 0.535426 0.030563 0.024905
4 0.475791 0.539249 0.037390 0.031927
3 0.417312 0.536306 0.028385 0.025910
3 0.270952 0.536434 0.028374 0.026156
33 0.307703 0.536479 0.039582 0.025811
15 0.622745 0.541127 0.024166 0.035057
24 0.212565 0.535992 0.016397 0.024740
11 0.539765 0.536997 0.028031 0.026497
12 0.444974 0.536831 0.021796 0.026108
11 0.365740 0.536638 0.028144 0.025535
11 0.594338 0.536774 0.027238 0.025640
7 0.338636 0.536454 0.016376 0.024879
7 0.391571 0.536675 0.016465 0.024827
21 0.666905 0.537303 0.027051 0.025762
24 0.643940 0.537435 0.015974 0.025051
28 0.693517 0.537594 0.023754 0.025118
18 0.268038 0.572129 0.028663 0.029274
15 0.178624 0.576406 0.024553 0.032212
25 0.317173 0.572959 0.028866 0.025138
8 0.635620 0.573721 0.023738 0.026386
3 0.683633 0.573892 0.028414 0.026565
22 0.151797 0.573021 0.023990 0.024469
7 0.658084 0.574083 0.016561 0.026260
25 0.532947 0.573790 0.027932 0.025578
3 0.607408 0.574205 0.027383 0.026090
7 0.218850 0.573884 0.017000 0.024654
34 0.467431 0.574144 0.026716 0.025074
34 0.562615 0.574253 0.026178 0.025051
8 0.240614 0.574153 0.022091 0.024823
28 0.418013 0.574483 0.024655 0.025301
24 0.293855 0.573788 0.014376 0.023865
33 0.384005 0.574730 0.038974 0.024952
22 0.442743 0.574548 0.020462 0.024226
35 0.346174 0.574830 0.034754 0.024405
24 0.510778 0.575017 0.015052 0.023880
7 0.185614 0.612353 0.017119 0.025072
33 0.154136 0.612896 0.042514 0.025418
34 0.645624 0.612915 0.026550 0.025219
21 0.228519 0.613239 0.028249 0.025625
24 0.205267 0.612719 0.015040 0.024442
4 0.328370 0.616400 0.041118 0.031620
4 0.595204 0.613337 0.033559 0.025328
17 0.297233 0.613186 0.015627 0.024785
22 0.275462 0.613270 0.022272 0.024825
29 0.462839 0.614264 0.025386 0.026728
28 0.563631 0.613899 0.024974 0.025432
10 0.360630 0.613439 0.020194 0.024456
1 0.534706 0.613876 0.027635 0.025298
10 0.488544 0.613923 0.021018 0.025274
24 0.668824 0.613678 0.015504 0.024715
24 0.622904 0.613308 0.017492 0.023828
17 0.253395 0.613674 0.015053 0.024437
22 0.384872 0.613932 0.021915 0.024656
24 0.509453 0.614072 0.016035 0.024660
24 0.405996 0.613832 0.015281 0.024136
35 0.432285 0.614878 0.034443 0.023662
3 0.180294 0.648215 0.027900 0.025722
22 0.208548 0.648721 0.021463 0.024105
22 0.151429 0.648760 0.023372 0.024109
25 0.342160 0.649744 0.029173 0.025560
34 0.231141 0.649484 0.024373 0.024647
8 0.443059 0.650648 0.022296 0.025604
3 0.275805 0.650821 0.026428 0.025104
34 0.374805 0.650888 0.031929 0.024790
25 0.670498 0.650501 0.028343 0.023884
13 0.521300 0.650704 0.022365 0.024288
3 0.415102 0.650987 0.026796 0.024414
24 0.317096 0.650553 0.016895 0.023502
10 0.695486 0.650953 0.019401 0.024215
29 0.623326 0.651344 0.026190 0.024794
36 0.491888 0.651071 0.028560 0.024150
33 0.571593 0.651534 0.038336 0.023875
7 0.466311 0.651446 0.016847 0.023366
17 0.542868 0.651707 0.014481 0.023760
7 0.647451 0.651657 0.015118 0.022670
29 0.304648 0.684843 0.024890 0.024902
9 0.195367 0.690181 0.017243 0.035301
7 0.174905 0.684998 0.016959 0.024362
28 0.278497 0.684920 0.022731 0.023562
22 0.152520 0.685111 0.022117 0.023860
12 0.235186 0.685557 0.021416 0.024694
17 0.214653 0.685466 0.014637 0.023940
3 0.600121 0.686551 0.027494 0.025858
25 0.534844 0.686118 0.028844 0.024967
3 0.463538 0.686620 0.027792 0.025482
11 0.334894 0.686201 0.027580 0.024569
3 0.567986 0.686849 0.029084 0.025786
3 0.366102 0.686501 0.027485 0.024984
0 0.653128 0.686781 0.029753 0.025524
22 0.491401 0.686649 0.022704 0.024427
7 0.627174 0.686470 0.016991 0.024005
9 0.677639 0.705952 0.015829 0.062699
3 0.395209 0.686556 0.025078 0.023696
7 0.695291 0.687167 0.016425 0.024890
33 0.427645 0.686781 0.036782 0.023617
17 0.512482 0.687162 0.014878 0.024288
11 0.234139 0.721305 0.029098 0.025780
10 0.261430 0.721538 0.021177 0.025512
28 0.202624 0.721380 0.025337 0.025068
11 0.290763 0.722172 0.027509 0.025746
25 0.174462 0.721130 0.028330 0.022553
25 0.476955 0.722600 0.027384 0.024844
10 0.503591 0.723311 0.021555 0.025714
21 0.361324 0.722513 0.026768 0.024016
25 0.567396 0.723020 0.027809 0.024912
24 0.150017 0.723197 0.017530 0.025220
8 0.655823 0.723993 0.024869 0.026808
28 0.389439 0.722600 0.023837 0.023693
34 0.596362 0.723409 0.025432 0.024856
3 0.626067 0.724108 0.028165 0.025827
24 0.336233 0.723303 0.017129 0.024039
17 0.316686 0.722760 0.015056 0.022832
22 0.414828 0.723111 0.021679 0.023344
35 0.445220 0.723615 0.033652 0.023382
24 0.543319 0.724686 0.016128 0.024492
37 0.251236 0.758598 0.032284 0.026859
4 0.290349 0.761909 0.040857 0.031826
11 0.329641 0.759861 0.028839 0.026055
3 0.157542 0.760236 0.027297 0.024550
7 0.221700 0.759895 0.018273 0.023818
25 0.547777 0.761117 0.028626 0.026097
17 0.354580 0.760768 0.014942 0.024624
33 0.191341 0.760689 0.036387 0.024128
25 0.442370 0.761187 0.028917 0.024680
33 0.382816 0.761049 0.040967 0.024239
10 0.416699 0.761568 0.020515 0.024657
34 0.578188 0.762122 0.026683 0.025497
28 0.499492 0.761926 0.025211 0.025028
22 0.472779 0.761654 0.023081 0.024393
24 0.524037 0.762650 0.017330 0.024588
28 0.622567 0.762774 0.025397 0.024672
11 0.652441 0.762962 0.027457 0.023905