29 0.620793 0.150769 0.025405 0.025128
21 0.644589 0.151128 0.023587 0.025669
17 0.665317 0.151304 0.015142 0.025581
11 0.573866 0.151948 0.028367 0.026129
7 0.598580 0.151495 0.016210 0.024781
18 0.314994 0.153787 0.028707 0.028814
3 0.543757 0.152370 0.027436 0.025538
32 0.513862 0.155349 0.032487 0.030394
3 0.451585 0.154227 0.027793 0.026662
25 0.419616 0.153760 0.030096 0.025592
3 0.387888 0.154394 0.027764 0.026601
36 0.482549 0.153797 0.028496 0.025236
14 0.352282 0.155183 0.038605 0.025914
13 0.271141 0.156186 0.022020 0.026659
9 0.292158 0.160850 0.015850 0.035165
34 0.244392 0.156645 0.026618 0.025625
30 0.136381 0.157609 0.035354 0.026464
7 0.204364 0.157687 0.017676 0.026203
24 0.223499 0.157485 0.015469 0.025412
33 0.175667 0.157902 0.038579 0.025676
15 0.598680 0.201020 0.025136 0.042287
28 0.665936 0.193104 0.024645 0.026176
25 0.642261 0.192824 0.027305 0.025004
24 0.620091 0.193861 0.015818 0.025644
18 0.156935 0.196696 0.028822 0.030437
11 0.521028 0.195352 0.028550 0.027419
3 0.520879 0.195324 0.028098 0.027254
3 0.552369 0.195093 0.028698 0.026272
17 0.576664 0.195267 0.015336 0.026212
28 0.489960 0.196696 0.027144 0.026818
0 0.441729 0.196855 0.027537 0.025829
3 0.392128 0.197400 0.027861 0.026605
17 0.467300 0.196738 0.015517 0.025178
29 0.325178 0.198298 0.025383 0.027441
7 0.350299 0.198014 0.018647 0.026032
24 0.417269 0.197214 0.017450 0.024406
8 0.299224 0.198158 0.023699 0.026151
36 0.270334 0.198167 0.028931 0.025838
21 0.238978 0.198821 0.028055 0.026337
1 0.189557 0.199129 0.028663 0.026429
22 0.131311 0.198766 0.022151 0.025061
11 0.645910 0.233306 0.028919 0.025860
36 0.594278 0.233950 0.030448 0.026801
24 0.620710 0.234515 0.016209 0.024780
34 0.503435 0.235640 0.026650 0.026214
8 0.546388 0.235681 0.024198 0.025580
25 0.474440 0.236193 0.028988 0.025819
17 0.568806 0.235501 0.015342 0.024296
11 0.367835 0.238398 0.027935 0.026419
3 0.398225 0.238396 0.027603 0.025560
7 0.342085 0.238828 0.016887 0.026082
28 0.289053 0.238657 0.026191 0.025559
21 0.317610 0.239038 0.027847 0.025655
4 0.142338 0.242663 0.040419 0.032533
5 0.233048 0.244465 0.031120 0.035049
22 0.261538 0.239732 0.022355 0.025090
17 0.171366 0.240630 0.014698 0.025664
4 0.549627 0.278621 0.040920 0.031956
3 0.462773 0.277619 0.028652 0.027331
0 0.513102 0.277411 0.027491 0.026364
35 0.590800 0.277207 0.037668 0.025235
24 0.487831 0.277969 0.016543 0.025068
4 0.373080 0.282162 0.039122 0.032845
36 0.429178 0.278882 0.029760 0.025516
36 0.333353 0.279578 0.031049 0.026585
3 0.299961 0.279928 0.028838 0.026845
17 0.403236 0.279173 0.016141 0.024672
5 0.132615 0.284091 0.031478 0.033564
11 0.267256 0.280661 0.029219 0.025963
28 0.188696 0.280630 0.025348 0.025069
21 0.216863 0.281061 0.027465 0.025332
7 0.240326 0.281215 0.016912 0.024927
22 0.162267 0.281208 0.023260 0.024833
3 0.635363 0.315857 0.030368 0.026481
0 0.584589 0.317286 0.028529 0.026630
3 0.522173 0.318410 0.027585 0.026336
3 0.553031 0.317842 0.027387 0.025018
11 0.522251 0.318577 0.027695 0.026248
4 0.453072 0.321843 0.039936 0.032461
11 0.491090 0.318886 0.027941 0.025334
3 0.107473 0.319211 0.028839 0.025893
14 0.376509 0.320066 0.038803 0.026490
25 0.268265 0.320192 0.028843 0.026458
20 0.413707 0.319265 0.029543 0.024436
29 0.319441 0.320709 0.024462 0.026612
22 0.295526 0.320633 0.022159 0.026013
28 0.342424 0.320262 0.024164 0.025027
22 0.137465 0.320438 0.021383 0.023630
4 0.214736 0.323408 0.037511 0.029511
7 0.244322 0.320510 0.016073 0.023177
24 0.244209 0.321643 0.016195 0.025395
17 0.159208 0.320843 0.015008 0.022989
3 0.649169 0.354934 0.026326 0.025792
3 0.619536 0.355022 0.028458 0.025462
0 0.569819 0.356128 0.027793 0.025355
0 0.439207 0.357569 0.028053 0.025566
20 0.535951 0.358082 0.034425 0.026335
11 0.470791 0.357988 0.027536 0.025921
3 0.501627 0.357642 0.026914 0.025213
3 0.248355 0.358756 0.028299 0.026255
20 0.387980 0.358478 0.028016 0.024884
24 0.413801 0.358309 0.017504 0.024239
29 0.287052 0.359157 0.028480 0.025855
14 0.351103 0.358725 0.037604 0.024879
28 0.316827 0.359346 0.025681 0.025218
25 0.216243 0.358817 0.028252 0.023809
29 0.141584 0.360317 0.025860 0.026122
28 0.169054 0.360148 0.026035 0.024637
24 0.192707 0.360178 0.016057 0.023999
27 0.646378 0.394535 0.026978 0.024812
11 0.618416 0.395218 0.027024 0.025194
3 0.418421 0.397505 0.028495 0.025962
32 0.535013 0.399200 0.030939 0.029325
25 0.465125 0.397100 0.027419 0.024779
28 0.387746 0.397693 0.024550 0.025433
3 0.358072 0.397871 0.028141 0.025730
3 0.308685 0.398189 0.027443 0.026078
15 0.250653 0.405177 0.027550 0.039755
24 0.443145 0.397561 0.014606 0.024442
15 0.181697 0.404508 0.025716 0.038284
32 0.564327 0.400607 0.024455 0.030418
13 0.491231 0.397523 0.020902 0.024001
4 0.146013 0.402043 0.040558 0.031978
17 0.511345 0.397940 0.014638 0.023738
26 0.218307 0.398882 0.028135 0.025403
28 0.279369 0.398509 0.024582 0.024432
24 0.332184 0.398619 0.016025 0.024278
15 0.645512 0.438422 0.023557 0.037290
29 0.645713 0.438602 0.024982 0.037315
18 0.245386 0.434805 0.033420 0.029389
4 0.611703 0.435964 0.039165 0.030713
4 0.453559 0.437809 0.039245 0.031934
25 0.391558 0.435270 0.030372 0.025826
10 0.419896 0.435534 0.021765 0.025918
7 0.485338 0.435617 0.019064 0.025751
32 0.310253 0.438353 0.033257 0.031216
3 0.511831 0.436018 0.028089 0.026510
14 0.548324 0.435733 0.038893 0.025851
7 0.580868 0.435399 0.017879 0.024472
25 0.165615 0.436205 0.030240 0.025912
28 0.341403 0.436814 0.025486 0.026268
24 0.366201 0.436470 0.017989 0.024878
3 0.670990 0.472070 0.027786 0.025626
11 0.671063 0.472100 0.026828 0.025268
28 0.642644 0.472297 0.024773 0.024997
11 0.370444 0.472750 0.027496 0.025444
4 0.334684 0.474918 0.037257 0.029746
3 0.401040 0.472863 0.027282 0.025442
7 0.695209 0.472437 0.017568 0.024467
25 0.615758 0.472243 0.028413 0.023730
3 0.431205 0.473486 0.026235 0.025805
3 0.569635 0.473343 0.028465 0.025370
24 0.593831 0.473511 0.016364 0.025547
29 0.506256 0.473472 0.024207 0.025054
28 0.532802 0.473652 0.026838 0.025139
10 0.302036 0.473232 0.020868 0.024165
3 0.110226 0.473976 0.030122 0.025607
4 0.218022 0.476476 0.038818 0.030599
25 0.272880 0.473397 0.030032 0.024091
22 0.140297 0.473725 0.023261 0.024714
0 0.460865 0.473975 0.027912 0.024994
7 0.247910 0.473923 0.016333 0.024426
12 0.184646 0.474344 0.023254 0.024878
17 0.162793 0.474041 0.014583 0.023732
7 0.484715 0.474229 0.014640 0.024070
18 0.481340 0.509929 0.027995 0.029548
25 0.377450 0.511098 0.028999 0.025188
10 0.678685 0.511686 0.021999 0.026232
4 0.647176 0.514538 0.038955 0.031884
24 0.254147 0.511708 0.017814 0.025023
11 0.281171 0.511888 0.027866 0.025261
0 0.554332 0.512329 0.029264 0.026119
11 0.145945 0.512352 0.028078 0.025748
3 0.522631 0.512399 0.027316 0.025836
28 0.425580 0.512060 0.024321 0.025134
11 0.453747 0.512363 0.026838 0.025717
3 0.330512 0.512099 0.027371 0.024737
7 0.617124 0.512616 0.018011 0.025418
24 0.353908 0.511936 0.015722 0.023826
17 0.578705 0.512378 0.015604 0.024534
24 0.597526 0.512439 0.016217 0.024604
32 0.206744 0.515136 0.029562 0.029703
17 0.305336 0.512188 0.014611 0.023766
7 0.230932 0.512468 0.017267 0.024172
28 0.176645 0.512845 0.025395 0.024880
3 0.146318 0.551066 0.027412 0.026260
0 0.273361 0.551552 0.029472 0.026231
0 0.324004 0.551614 0.029381 0.026229
4 0.505770 0.551746 0.035341 0.026050
22 0.651181 0.551441 0.023164 0.025317
3 0.622490 0.551813 0.027898 0.025971
11 0.177589 0.551837 0.027442 0.025815
3 0.208235 0.551838 0.027593 0.025667
11 0.591883 0.552325 0.028265 0.026584
7 0.390806 0.552072 0.017345 0.025825
22 0.369409 0.551774 0.022995 0.024931
3 0.240183 0.552159 0.028536 0.025601
10 0.474704 0.552038 0.021235 0.025158
17 0.298246 0.552038 0.014742 0.024909
1 0.541363 0.552427 0.029417 0.025193
17 0.347495 0.552166 0.014275 0.024465
17 0.565997 0.552854 0.015406 0.024988
18 0.686092 0.587309 0.026588 0.028708
18 0.488825 0.588252 0.026278 0.029971
20 0.272444 0.588173 0.027884 0.025546
25 0.302960 0.588163 0.027729 0.024498
12 0.141372 0.590569 0.024376 0.028640
15 0.370779 0.593655 0.024349 0.034553
10 0.329328 0.588919 0.019583 0.024973
25 0.657634 0.588951 0.027158 0.024756
4 0.207168 0.591782 0.036442 0.030403
28 0.242522 0.589279 0.025320 0.025270
3 0.170953 0.589601 0.028173 0.025655
25 0.416566 0.589187 0.026158 0.024421
24 0.392963 0.589021 0.016451 0.023493
17 0.349042 0.589217 0.014170 0.023691
17 0.635839 0.589991 0.015101 0.025029
28 0.442733 0.589582 0.024942 0.024128
13 0.613674 0.589594 0.021862 0.023987
28 0.588364 0.589809 0.024528 0.023892
3 0.519166 0.590774 0.026205 0.025003
2 0.554246 0.591817 0.036244 0.027004
4 0.288916 0.629254 0.040425 0.030628
11 0.346684 0.627143 0.027073 0.026099
15 0.254490 0.633007 0.024759 0.036745
28 0.418350 0.627882 0.024694 0.026275
13 0.443805 0.627513 0.022604 0.025405
21 0.144405 0.627591 0.026383 0.025505
14 0.383028 0.627632 0.037718 0.025443
28 0.208260 0.627317 0.023823 0.024610
7 0.321115 0.627347 0.017475 0.024658
1 0.492397 0.628480 0.029966 0.026295
17 0.168012 0.627729 0.015118 0.024225
17 0.231143 0.627684 0.014783 0.024017
10 0.585075 0.628120 0.020126 0.023548
9 0.521057 0.635496 0.015449 0.038167
17 0.539793 0.629031 0.016138 0.024471
22 0.561172 0.628537 0.021073 0.023033
0 0.167845 0.663588 0.028085 0.025084
29 0.300279 0.663856 0.024656 0.025599
28 0.326726 0.663317 0.024388 0.024064
25 0.568772 0.663550 0.028070 0.024250
28 0.596892 0.663841 0.025137 0.024804
24 0.351020 0.663401 0.017954 0.023800
3 0.410865 0.663916 0.028194 0.024786
0 0.219771 0.663732 0.028168 0.024332
3 0.271369 0.664028 0.028881 0.024185
25 0.377156 0.664276 0.030767 0.024540
17 0.194141 0.664703 0.015876 0.024954
3 0.441690 0.664774 0.027518 0.024636
18 0.330809 0.698301 0.027851 0.029249
37 0.422090 0.700133 0.031591 0.028367
13 0.358673 0.699917 0.021488 0.025613
11 0.300884 0.699783 0.027371 0.025305
4 0.264233 0.702594 0.038919 0.029472
3 0.388081 0.700688 0.029565 0.025347
15 0.171798 0.706461 0.023310 0.036488
3 0.228524 0.700316 0.026026 0.023657
11 0.568332 0.702044 0.027448 0.025714
32 0.198475 0.703352 0.030764 0.028209
0 0.453696 0.702058 0.027389 0.024944
3 0.599747 0.702007 0.027148 0.024777
15 0.481225 0.705744 0.022546 0.031499
7 0.543488 0.702661 0.016504 0.024619
2 0.513483 0.708819 0.037168 0.036536
13 0.663116 0.703054 0.021516 0.025004
36 0.633273 0.702875 0.029543 0.024264
10 0.684631 0.703631 0.020317 0.025652
18 0.200389 0.736000 0.028383 0.028071
18 0.407268 0.737415 0.028531 0.027554
34 0.302485 0.736747 0.025901 0.025405
22 0.277167 0.736951 0.022743 0.024934
5 0.229753 0.740905 0.027291 0.032574
32 0.379636 0.739785 0.030991 0.029086
3 0.348197 0.737812 0.027928 0.024539
17 0.255832 0.737620 0.016935 0.024150
3 0.585525 0.738995 0.028248 0.025671
0 0.617353 0.739431 0.028712 0.025617
28 0.554898 0.739865 0.027061 0.026254
29 0.497823 0.739237 0.024568 0.024967
33 0.442447 0.739213 0.040131 0.024911
25 0.525900 0.739038 0.028388 0.023906
7 0.661029 0.739641 0.016538 0.024665
7 0.473682 0.739682 0.017664 0.024548
9 0.643122 0.746958 0.017133 0.038434
14 0.328048 0.775731 0.037137 0.024917
4 0.244676 0.775776 0.033629 0.024515
28 0.209935 0.775755 0.025481 0.024180
15 0.439623 0.791413 0.024715 0.055257
25 0.467059 0.777212 0.028010 0.025928
28 0.390685 0.777042 0.024983 0.024420
21 0.363583 0.776919 0.025198 0.024101
10 0.495380 0.778130 0.022501 0.025683
24 0.415071 0.777511 0.016785 0.024274
11 0.584480 0.778687 0.029383 0.025981
30 0.651720 0.778514 0.035084 0.025388
11 0.616733 0.778958 0.027966 0.026098
2 0.547493 0.785518 0.037395 0.038896
24 0.517695 0.778434 0.016834 0.024326
4 0.651502 0.779119 0.034348 0.025240