3 0.860917 0.146181 0.028011 0.026320
25 0.737772 0.145898 0.028877 0.024679
4 0.586933 0.148541 0.034893 0.029593
3 0.453873 0.146200 0.026786 0.024852
25 0.481137 0.145761 0.025067 0.023770
1 0.692288 0.146300 0.027109 0.024816
16 0.324057 0.153249 0.027659 0.038425
10 0.616137 0.146271 0.019901 0.024451
34 0.767405 0.146648 0.025767 0.024813
3 0.423537 0.146439 0.026437 0.024261
15 0.323998 0.153351 0.027760 0.037732
36 0.552328 0.146452 0.028179 0.023430
22 0.506376 0.146290 0.021911 0.023037
22 0.396442 0.146725 0.020380 0.022791
17 0.527724 0.147068 0.014491 0.023023
9 0.347560 0.156408 0.017621 0.040958
18 0.377552 0.184404 0.028619 0.028844
18 0.721663 0.184629 0.027153 0.028932
11 0.465552 0.185563 0.027002 0.025313
3 0.497009 0.185678 0.025471 0.024533
15 0.349007 0.191561 0.026124 0.036289
11 0.558486 0.185994 0.026541 0.025067
36 0.526821 0.185355 0.028390 0.023448
2 0.413044 0.192505 0.035639 0.037593
3 0.850044 0.186562 0.030993 0.025600
7 0.441181 0.185785 0.015488 0.023708
3 0.651611 0.186559 0.026218 0.025063
28 0.585641 0.186339 0.023663 0.024499
5 0.749131 0.190206 0.025989 0.031790
34 0.816108 0.186572 0.026035 0.024450
14 0.617647 0.186355 0.035049 0.023805
13 0.678414 0.186411 0.022316 0.023757
9 0.698854 0.192824 0.016065 0.036451
17 0.771993 0.187621 0.014939 0.024704
26 0.319927 0.187299 0.025820 0.023668
22 0.792350 0.187388 0.021860 0.023769
18 0.401945 0.223328 0.029668 0.028354
8 0.373666 0.224750 0.022729 0.025270
4 0.533942 0.227933 0.040604 0.031391
8 0.721322 0.225217 0.022653 0.025944
3 0.751047 0.225488 0.029679 0.026425
21 0.451120 0.225558 0.029141 0.025760
25 0.654168 0.224953 0.030829 0.024228
0 0.605344 0.225493 0.027777 0.024931
5 0.782247 0.229369 0.029327 0.032295
9 0.680454 0.231697 0.017510 0.036563
7 0.698932 0.225731 0.016091 0.024583
25 0.325808 0.225767 0.028795 0.024197
24 0.427091 0.225697 0.015477 0.024057
25 0.830535 0.226388 0.028159 0.025375
17 0.629643 0.226158 0.014570 0.024832
17 0.567088 0.226138 0.017490 0.024596
7 0.351098 0.226093 0.016583 0.024379
17 0.807408 0.227446 0.016408 0.026882
35 0.861053 0.226845 0.034678 0.024864
15 0.683275 0.270275 0.023144 0.037361
11 0.418244 0.264432 0.028343 0.025533
3 0.709615 0.264979 0.027049 0.025178
21 0.389274 0.265246 0.024951 0.025517
11 0.654991 0.265044 0.027467 0.024468
3 0.500730 0.264976 0.026697 0.024290
11 0.469457 0.265188 0.027072 0.024698
4 0.838529 0.268311 0.036980 0.030861
0 0.740548 0.265151 0.027795 0.024403
7 0.443608 0.265054 0.016623 0.023893
1 0.608498 0.265346 0.026952 0.024474
28 0.581458 0.265114 0.023862 0.023955
9 0.765109 0.271863 0.016288 0.036979
34 0.869072 0.265651 0.022994 0.024464
1 0.804859 0.265380 0.024980 0.023798
9 0.782285 0.273331 0.017073 0.039583
0 0.343049 0.265709 0.027504 0.024265
36 0.531441 0.265539 0.027818 0.023873
26 0.631277 0.265599 0.014240 0.023946
12 0.557982 0.266303 0.019950 0.025306
17 0.366337 0.265753 0.014646 0.024179
24 0.318603 0.266219 0.016930 0.024217
3 0.457454 0.305288 0.029998 0.025381
36 0.402737 0.305106 0.029409 0.024884
27 0.363247 0.305384 0.042562 0.025235
3 0.587982 0.306126 0.027863 0.026411
5 0.488754 0.309530 0.030279 0.032800
10 0.687036 0.305732 0.021730 0.025113
25 0.324614 0.305805 0.029027 0.025200
34 0.854860 0.306149 0.026639 0.025765
3 0.729647 0.305607 0.026952 0.024666
24 0.431298 0.305739 0.017256 0.024573
8 0.540572 0.306099 0.022725 0.025013
21 0.827843 0.306218 0.026581 0.025112
7 0.517199 0.305818 0.017071 0.024189
28 0.617891 0.306559 0.025070 0.025411
24 0.754727 0.305707 0.015803 0.023662
7 0.563168 0.307147 0.016547 0.026432
0 0.779178 0.306223 0.028257 0.024335
14 0.654032 0.306693 0.038448 0.024829
17 0.804541 0.306889 0.015656 0.024403
11 0.325126 0.343767 0.027858 0.025440
29 0.639449 0.345059 0.026683 0.026677
36 0.758076 0.345205 0.032476 0.025782
1 0.705269 0.345155 0.028104 0.025358
22 0.381653 0.344599 0.020927 0.024118
3 0.449523 0.344620 0.028784 0.024071
22 0.479823 0.344728 0.023210 0.024001
34 0.404852 0.344986 0.023972 0.024368
24 0.504192 0.345039 0.016048 0.023289
4 0.818355 0.348690 0.039621 0.030421
17 0.731210 0.345529 0.015004 0.024032
26 0.586769 0.345820 0.015739 0.024567
1 0.561824 0.345633 0.027882 0.024173
24 0.680177 0.345821 0.015407 0.024432
35 0.529452 0.345647 0.033202 0.023815
26 0.610355 0.346004 0.025281 0.024389
7 0.661589 0.346334 0.015302 0.024238
17 0.847949 0.347139 0.015239 0.024648
3 0.499562 0.384470 0.029621 0.027612
3 0.421809 0.384216 0.027397 0.026951
36 0.453195 0.383927 0.029701 0.025559
11 0.390791 0.384321 0.028377 0.026163
25 0.321779 0.384037 0.027961 0.025339
11 0.628370 0.384765 0.027851 0.026272
3 0.658480 0.384880 0.027466 0.026121
0 0.550282 0.384819 0.026916 0.025910
28 0.717397 0.384913 0.024384 0.025589
21 0.597682 0.385133 0.026248 0.025596
24 0.525814 0.384966 0.015794 0.025115
7 0.365350 0.384573 0.016465 0.024280
34 0.765835 0.385550 0.029625 0.026160
24 0.740746 0.385333 0.016665 0.025359
25 0.813378 0.384890 0.027129 0.023915
17 0.575383 0.385664 0.016015 0.025056
24 0.791404 0.385591 0.016304 0.024825
18 0.770569 0.420701 0.027609 0.027931
36 0.399535 0.421140 0.029922 0.024367
25 0.322328 0.421053 0.028845 0.023466
22 0.350125 0.421685 0.021383 0.024549
11 0.567799 0.422472 0.028953 0.025992
13 0.428864 0.421564 0.023099 0.023942
3 0.717847 0.422839 0.028306 0.026321
34 0.595896 0.422288 0.024983 0.025141
28 0.524131 0.422352 0.024900 0.025196
27 0.602086 0.422617 0.040016 0.025545
1 0.803295 0.422242 0.029340 0.024554
3 0.637593 0.422832 0.026954 0.025720
27 0.838700 0.422370 0.039799 0.024775
17 0.372243 0.422054 0.016020 0.023873
0 0.668557 0.423263 0.028858 0.026075
22 0.745823 0.422591 0.023120 0.024617
32 0.470849 0.424634 0.029321 0.027984
18 0.652064 0.457112 0.027800 0.028233
0 0.395667 0.458837 0.029510 0.025995
11 0.549709 0.460101 0.028641 0.027129
34 0.579714 0.459424 0.025287 0.025384
4 0.317751 0.462984 0.041833 0.032126
15 0.750735 0.463939 0.024489 0.033963
11 0.623489 0.459305 0.026660 0.024553
1 0.445587 0.459130 0.027811 0.024031
21 0.475962 0.459435 0.026155 0.024406
2 0.784966 0.465285 0.039524 0.035841
0 0.720797 0.459937 0.028481 0.024923
17 0.421700 0.459774 0.014861 0.024261
18 0.629633 0.497012 0.026053 0.029187
14 0.498679 0.498253 0.037696 0.025971
10 0.465596 0.498471 0.021928 0.024656
11 0.437959 0.498796 0.027950 0.025265
3 0.691211 0.499058 0.027595 0.025632
7 0.529368 0.498317 0.016088 0.024033
11 0.660022 0.498853 0.027753 0.024982
1 0.555962 0.498858 0.028335 0.024950
1 0.360695 0.499260 0.027734 0.025414
22 0.835433 0.498970 0.022031 0.024469
21 0.602587 0.499152 0.026636 0.024738
3 0.735098 0.499631 0.028038 0.025552
27 0.865520 0.499655 0.038045 0.025383
28 0.809809 0.499271 0.023664 0.024584
0 0.293734 0.505858 0.025675 0.037477
21 0.390138 0.499520 0.025329 0.024467
21 0.783048 0.499503 0.024680 0.024122
17 0.580127 0.499077 0.015440 0.022915
13 0.761109 0.499556 0.019420 0.023789
9 0.316914 0.507207 0.016291 0.038435
7 0.336333 0.499979 0.016399 0.023664
18 0.748348 0.536796 0.026713 0.028188
3 0.848741 0.538057 0.028592 0.025492
4 0.519599 0.541318 0.039669 0.031995
32 0.421577 0.540539 0.033827 0.029736
4 0.636887 0.541054 0.036578 0.030534
3 0.585989 0.538798 0.028668 0.025879
12 0.467168 0.538871 0.020564 0.025630
7 0.489643 0.538333 0.017671 0.024424
11 0.818012 0.538883 0.027881 0.025517
22 0.338377 0.538870 0.022823 0.025237
14 0.782812 0.538671 0.036769 0.024604
21 0.555757 0.538920 0.025945 0.024684
13 0.703695 0.538783 0.024740 0.024305
34 0.668578 0.538901 0.024958 0.023933
17 0.447575 0.539139 0.014830 0.024098
17 0.360237 0.539336 0.016160 0.024451
24 0.315351 0.539551 0.018091 0.024165
0 0.619235 0.578193 0.028217 0.025243
28 0.857968 0.577984 0.023870 0.024670
2 0.744661 0.583373 0.037101 0.035231
4 0.475005 0.581280 0.037957 0.030770
3 0.439220 0.579118 0.027839 0.026217
9 0.644132 0.584463 0.014813 0.036813
4 0.356579 0.581885 0.037608 0.031554
3 0.535544 0.579023 0.028689 0.025723
25 0.507200 0.578490 0.026357 0.024084
3 0.320354 0.579371 0.027411 0.025810
26 0.661636 0.579259 0.014729 0.025544
37 0.799469 0.578514 0.032213 0.023884
7 0.773775 0.578397 0.015815 0.022916
24 0.681331 0.578527 0.017347 0.023133
35 0.706653 0.578810 0.032981 0.023635
17 0.385841 0.579262 0.016569 0.024218
21 0.409433 0.579900 0.025823 0.025408
24 0.560671 0.579418 0.015993 0.023854
35 0.585868 0.579925 0.032831 0.022811
18 0.467017 0.617151 0.028021 0.029419
4 0.614787 0.620558 0.039548 0.031468
15 0.848096 0.621958 0.022774 0.033745
1 0.727984 0.618473 0.027948 0.025617
21 0.757702 0.618319 0.025930 0.025222
34 0.567038 0.618708 0.025780 0.025440
5 0.495623 0.622627 0.028726 0.032962
0 0.679180 0.618911 0.028500 0.025488
17 0.827453 0.618166 0.015210 0.023555
3 0.353549 0.619144 0.028875 0.025485
17 0.780482 0.618477 0.014581 0.023784
22 0.542339 0.618594 0.022615 0.024004
13 0.422072 0.618777 0.021438 0.024330
17 0.645646 0.618674 0.015921 0.023772
11 0.322895 0.619536 0.026392 0.025349
17 0.520763 0.619323 0.014855 0.024898
9 0.443546 0.623376 0.018102 0.032599
17 0.703955 0.619302 0.015206 0.024406
35 0.895914 0.619278 0.027767 0.020742
4 0.780979 0.658155 0.036962 0.031491
15 0.749230 0.659795 0.025028 0.034443
0 0.550620 0.655766 0.030086 0.025991
4 0.667198 0.658261 0.036518 0.030906
21 0.845532 0.655323 0.025332 0.024550
7 0.867002 0.655155 0.016617 0.024066
3 0.702202 0.655678 0.027227 0.024969
3 0.631197 0.656374 0.027535 0.025003
10 0.509687 0.656182 0.021111 0.024528
8 0.371279 0.656321 0.022006 0.024707
3 0.343605 0.656700 0.027410 0.025290
17 0.726227 0.656224 0.014726 0.024200
3 0.600825 0.656560 0.027504 0.024606
11 0.417853 0.657320 0.027335 0.024950
14 0.478302 0.657021 0.037519 0.024197
7 0.392684 0.657154 0.016488 0.023475
28 0.831561 0.692517 0.025471 0.024955
5 0.778740 0.696107 0.026022 0.032101
8 0.683248 0.692999 0.022490 0.025382
3 0.750903 0.692418 0.027114 0.024189
21 0.592766 0.692965 0.026152 0.025188
27 0.708180 0.692447 0.027856 0.024110
34 0.707177 0.692506 0.024775 0.024215
33 0.651004 0.693256 0.039134 0.024687
22 0.805916 0.692428 0.020599 0.022799
24 0.569967 0.693162 0.015547 0.023903
7 0.515676 0.694055 0.016413 0.024102
36 0.386624 0.694605 0.030205 0.025019
14 0.483417 0.694300 0.039764 0.024355
3 0.354326 0.694650 0.028749 0.024996
11 0.419231 0.694742 0.028006 0.024920
11 0.322763 0.695020 0.028024 0.024882
28 0.448237 0.694858 0.023908 0.024264
3 0.814606 0.729442 0.027019 0.025305
11 0.784239 0.729650 0.028286 0.025477
8 0.533073 0.730074 0.023467 0.025402
3 0.752343 0.729925 0.028767 0.024901
3 0.562894 0.730124 0.027834 0.024793
25 0.703903 0.730043 0.027277 0.023976
11 0.594156 0.730605 0.027175 0.025060
17 0.728343 0.730440 0.015082 0.024492
34 0.342244 0.730931 0.026561 0.025224
28 0.506923 0.730933 0.024519 0.025136
32 0.641428 0.733458 0.029026 0.029975
1 0.440393 0.730757 0.029781 0.024530
24 0.681106 0.730536 0.014654 0.023060
7 0.618752 0.731013 0.016562 0.023942
21 0.314503 0.731880 0.026313 0.025583
17 0.465416 0.731256 0.015050 0.023640
17 0.663108 0.731026 0.015316 0.023170
18 0.523686 0.768634 0.027904 0.029569
3 0.844521 0.767297 0.027019 0.025822
11 0.813832 0.767290 0.028244 0.025717
4 0.606709 0.771682 0.040643 0.032857
32 0.669330 0.770607 0.032067 0.029370
34 0.740196 0.768466 0.027088 0.024632
5 0.551649 0.772563 0.026632 0.032404
21 0.712659 0.768609 0.026385 0.024397
33 0.777869 0.768503 0.039839 0.024123
2 0.326532 0.775821 0.039111 0.037429
8 0.494334 0.769670 0.021779 0.025098
7 0.357611 0.770238 0.016729 0.024985
7 0.471934 0.770218 0.015894 0.023576
33 0.441977 0.770392 0.038983 0.023908