18 0.373831 0.150161 0.028211 0.029289
22 0.576247 0.150040 0.023641 0.023855
24 0.597310 0.149871 0.016975 0.023491
10 0.551877 0.150382 0.019905 0.024326
25 0.404879 0.151357 0.030291 0.025103
35 0.623516 0.150379 0.032352 0.023034
4 0.521577 0.154080 0.037769 0.030432
36 0.483756 0.151391 0.031553 0.024333
28 0.325967 0.152737 0.024750 0.026377
22 0.433201 0.151921 0.021162 0.024690
24 0.349611 0.152205 0.017929 0.024773
25 0.276895 0.152892 0.028123 0.024930
34 0.229800 0.153642 0.027844 0.024761
9 0.302120 0.161161 0.014956 0.039438
24 0.253656 0.154043 0.016957 0.024695
34 0.159014 0.154991 0.026194 0.025933
11 0.129476 0.155581 0.029049 0.027109
22 0.202968 0.154698 0.023064 0.024680
17 0.618776 0.193106 0.015437 0.025629
10 0.586091 0.193395 0.020732 0.025355
17 0.606173 0.193168 0.013340 0.024556
28 0.521243 0.194024 0.024310 0.025947
14 0.554715 0.193914 0.037528 0.025459
34 0.461859 0.194302 0.024521 0.024685
25 0.433892 0.194289 0.027343 0.024505
22 0.389812 0.195195 0.022746 0.025292
34 0.144798 0.195577 0.027572 0.025274
3 0.291331 0.196421 0.027603 0.026820
3 0.362675 0.195468 0.027166 0.024897
8 0.172971 0.195739 0.022702 0.025019
17 0.411623 0.195839 0.015676 0.024790
20 0.229107 0.196305 0.027606 0.025552
33 0.327066 0.196308 0.038115 0.024905
28 0.200342 0.196600 0.026653 0.025447
21 0.200323 0.196776 0.026221 0.025764
24 0.120472 0.197175 0.017878 0.025558
32 0.260163 0.199414 0.033412 0.029808
22 0.662366 0.231031 0.024481 0.026104
4 0.533422 0.235306 0.026227 0.026249
0 0.477522 0.236567 0.030221 0.028729
34 0.506275 0.234723 0.026896 0.024500
25 0.427813 0.235548 0.028227 0.024313
28 0.380901 0.236120 0.024051 0.024892
17 0.450941 0.235893 0.016690 0.024225
14 0.346031 0.236733 0.035001 0.024498
28 0.313158 0.236958 0.023490 0.024837
24 0.404859 0.236539 0.016331 0.023564
25 0.130831 0.237027 0.029245 0.024165
3 0.254779 0.237901 0.027043 0.025329
3 0.285125 0.237691 0.027176 0.024873
22 0.159152 0.238446 0.021999 0.025030
7 0.181565 0.238617 0.017653 0.025327
32 0.225863 0.240766 0.031623 0.029292
9 0.201688 0.246107 0.015992 0.039184
28 0.677559 0.272513 0.024834 0.024924
8 0.624915 0.273596 0.022476 0.025731
27 0.553158 0.274147 0.043181 0.025026
34 0.545734 0.274382 0.026613 0.024527
13 0.517008 0.274608 0.027107 0.024281
25 0.517111 0.274700 0.027591 0.024025
4 0.442338 0.279221 0.039790 0.032046
24 0.495065 0.275428 0.015292 0.023527
36 0.403179 0.277227 0.030187 0.025099
3 0.370118 0.277731 0.029275 0.026072
3 0.170308 0.278454 0.027792 0.025768
4 0.134765 0.280506 0.037987 0.029872
4 0.237883 0.281630 0.037650 0.031719
11 0.338296 0.278829 0.027531 0.025941
3 0.202373 0.278807 0.028210 0.024157
21 0.290525 0.279242 0.025974 0.024717
7 0.315053 0.278987 0.017129 0.024086
17 0.268467 0.279485 0.015135 0.023639
18 0.621258 0.313407 0.026293 0.029552
3 0.549288 0.316338 0.028739 0.027013
24 0.598904 0.315836 0.016819 0.024918
22 0.577618 0.315871 0.021645 0.024453
24 0.644230 0.315847 0.016216 0.024116
4 0.514820 0.317121 0.034559 0.025597
4 0.424098 0.320909 0.039599 0.032670
3 0.480172 0.317746 0.027411 0.025584
16 0.360095 0.323094 0.028308 0.036130
15 0.360224 0.323257 0.028360 0.036079
11 0.209228 0.318343 0.027901 0.025663
0 0.159093 0.318375 0.027668 0.025254
28 0.389305 0.318446 0.025035 0.025330
11 0.259339 0.319018 0.027432 0.025850
9 0.454725 0.324854 0.015775 0.037516
3 0.129135 0.319190 0.028107 0.025794
24 0.233877 0.318897 0.016138 0.024853
32 0.308180 0.321729 0.030284 0.030210
22 0.333616 0.319140 0.021477 0.024623
17 0.283587 0.319931 0.015724 0.024267
33 0.660065 0.354397 0.035130 0.025097
27 0.518974 0.354631 0.037631 0.025565
22 0.487771 0.354826 0.022217 0.024157
34 0.444466 0.355157 0.026418 0.024174
1 0.389555 0.356585 0.030407 0.025475
11 0.240457 0.356403 0.028471 0.024846
9 0.418928 0.363348 0.017490 0.038004
7 0.268951 0.356526 0.018709 0.024357
25 0.325742 0.357163 0.028261 0.024758
28 0.158536 0.357601 0.020798 0.025362
32 0.130597 0.359952 0.033336 0.029894
26 0.295743 0.357184 0.027345 0.024313
11 0.603103 0.394225 0.028069 0.026046
17 0.579061 0.394572 0.019070 0.024256
25 0.529182 0.395058 0.027245 0.024980
22 0.557258 0.394689 0.022415 0.024130
4 0.362585 0.398780 0.039818 0.031437
14 0.404381 0.395400 0.037405 0.024435
8 0.467916 0.395623 0.022761 0.024642
9 0.269822 0.403818 0.015730 0.040926
0 0.244691 0.396099 0.028895 0.025472
3 0.440041 0.396051 0.027822 0.025224
3 0.294365 0.396249 0.028263 0.025598
0 0.091171 0.398174 0.033789 0.029421
3 0.213112 0.396664 0.028963 0.025910
3 0.325257 0.396741 0.027851 0.025481
25 0.180987 0.396567 0.029537 0.025110
33 0.499272 0.396242 0.034211 0.023738
9 0.120308 0.405829 0.016590 0.041922
17 0.139498 0.398473 0.015315 0.025893
24 0.159108 0.397815 0.016032 0.024471
34 0.675604 0.432411 0.029369 0.025467
2 0.583782 0.438692 0.038084 0.037646
34 0.304038 0.433837 0.026910 0.026518
5 0.647166 0.436659 0.025630 0.031809
0 0.130182 0.434724 0.030361 0.026236
22 0.476904 0.434057 0.022362 0.024560
3 0.376156 0.434536 0.028155 0.025449
34 0.234541 0.434292 0.023767 0.024748
29 0.178262 0.434839 0.025310 0.025839
25 0.449018 0.433996 0.029568 0.023991
5 0.275980 0.437710 0.025414 0.031391
25 0.206316 0.434490 0.027887 0.024922
22 0.404928 0.435123 0.022873 0.025904
33 0.339590 0.434797 0.039631 0.024703
35 0.544822 0.434252 0.035060 0.023403
17 0.497890 0.434829 0.015932 0.023551
17 0.426323 0.434911 0.014401 0.023256
34 0.244957 0.470909 0.026478 0.025170
4 0.467711 0.474171 0.037414 0.031305
13 0.525340 0.470857 0.021352 0.024114
3 0.185470 0.471737 0.028353 0.025760
0 0.275183 0.471152 0.029204 0.024432
11 0.216142 0.471782 0.026917 0.025623
34 0.499781 0.470936 0.025027 0.023919
11 0.431997 0.471724 0.026515 0.025252
5 0.323443 0.474862 0.027617 0.031387
28 0.549148 0.471393 0.024734 0.024232
28 0.154737 0.472059 0.026119 0.024747
28 0.376038 0.471365 0.024810 0.023358
21 0.403975 0.472141 0.025731 0.024733
22 0.349911 0.471718 0.020977 0.023878
17 0.300431 0.472124 0.014920 0.023551
25 0.127344 0.472635 0.027863 0.024119
13 0.503914 0.509310 0.022474 0.024603
12 0.096707 0.511653 0.028011 0.028966
11 0.396804 0.509794 0.027792 0.024578
15 0.200592 0.512412 0.023516 0.029753
3 0.259790 0.510419 0.027308 0.025673
0 0.228736 0.509951 0.028732 0.024730
28 0.126523 0.510619 0.025368 0.025953
32 0.361051 0.513018 0.038328 0.030673
9 0.608606 0.515751 0.017520 0.036013
7 0.482217 0.509884 0.017137 0.024245
17 0.525846 0.510128 0.015458 0.024700
0 0.307416 0.510460 0.027981 0.025239
7 0.588277 0.510654 0.017202 0.025553
24 0.544004 0.510137 0.015932 0.024149
14 0.636990 0.510431 0.036033 0.024420
25 0.172687 0.510186 0.027845 0.023876
24 0.462756 0.510247 0.016054 0.023914
22 0.566334 0.510138 0.022323 0.023671
22 0.443081 0.510007 0.021511 0.023367
7 0.421937 0.510062 0.016369 0.023281
24 0.150397 0.511062 0.015581 0.024372
24 0.332330 0.511208 0.015717 0.024305
24 0.282990 0.510748 0.015877 0.023365
4 0.094290 0.547962 0.036982 0.025079
27 0.213839 0.548449 0.027616 0.025415
1 0.131220 0.548903 0.028881 0.026115
34 0.212921 0.548415 0.025907 0.024863
3 0.310579 0.549229 0.028300 0.025992
25 0.182568 0.548541 0.029636 0.024043
36 0.257559 0.549228 0.030972 0.025061
11 0.453851 0.549891 0.028657 0.026295
11 0.389901 0.549649 0.027744 0.025602
3 0.421486 0.549942 0.027049 0.025900
3 0.607116 0.549772 0.028053 0.025435
25 0.358651 0.549295 0.029708 0.024474
13 0.579081 0.549156 0.021663 0.024040
24 0.284697 0.549401 0.016034 0.024129
28 0.553734 0.549495 0.024217 0.024278
17 0.157682 0.550039 0.015942 0.025357
28 0.484949 0.549709 0.025366 0.024690
14 0.519761 0.549645 0.037362 0.024191
24 0.334426 0.550098 0.016105 0.024385
7 0.657201 0.551047 0.015855 0.023965
4 0.265807 0.587864 0.039132 0.031197
32 0.096124 0.588383 0.040525 0.030543
4 0.157626 0.585901 0.033996 0.024960
1 0.193196 0.586165 0.028644 0.024536
10 0.127578 0.586409 0.020121 0.024969
3 0.313586 0.586703 0.028374 0.025316
4 0.388136 0.589632 0.040605 0.031096
10 0.421617 0.587026 0.022179 0.025364
4 0.659654 0.589409 0.035646 0.030033
17 0.339106 0.588725 0.016089 0.027812
32 0.531214 0.589908 0.030131 0.030130
3 0.449398 0.587629 0.028974 0.025560
15 0.580645 0.592536 0.024387 0.034914
17 0.222050 0.587039 0.021689 0.023742
24 0.476275 0.588204 0.021366 0.025332
17 0.357757 0.587229 0.015552 0.023370
3 0.502804 0.588074 0.026432 0.024544
12 0.476408 0.588043 0.021072 0.024467
0 0.608345 0.588430 0.028183 0.024448
17 0.631847 0.588292 0.015658 0.023560
4 0.146879 0.626154 0.038559 0.030189
4 0.308558 0.626931 0.039626 0.030639
8 0.343799 0.624730 0.024908 0.026054
12 0.222090 0.625216 0.021821 0.025979
11 0.396255 0.625353 0.029583 0.026235
32 0.245487 0.625285 0.024848 0.025842
28 0.273206 0.625192 0.025416 0.025435
11 0.452108 0.625368 0.027541 0.025469
10 0.424191 0.625552 0.021015 0.025240
21 0.481404 0.625311 0.025020 0.024488
28 0.481340 0.625437 0.024757 0.024305
17 0.369805 0.625749 0.016622 0.024216
8 0.296104 0.659735 0.024017 0.026097
3 0.267522 0.660070 0.027796 0.025842
13 0.610476 0.660577 0.022892 0.025174
13 0.213927 0.660718 0.021858 0.025395
22 0.238619 0.660074 0.021417 0.023519
25 0.548549 0.660694 0.028317 0.024718
13 0.351027 0.661073 0.022345 0.025354
3 0.639336 0.661178 0.027909 0.025405
21 0.323521 0.661457 0.026278 0.025373
4 0.515925 0.661310 0.034366 0.024877
2 0.448077 0.667537 0.037622 0.037275
22 0.376859 0.661436 0.021601 0.024407
35 0.578372 0.661778 0.036341 0.024535
28 0.483116 0.662147 0.023683 0.024758
35 0.407727 0.662682 0.035632 0.023466
15 0.297561 0.702755 0.024498 0.036387
25 0.218026 0.697308 0.028714 0.024935
3 0.250054 0.697941 0.028026 0.025541
0 0.325195 0.698508 0.028199 0.025801
17 0.275288 0.698199 0.015224 0.024096
24 0.194186 0.698665 0.015245 0.024191
28 0.399248 0.698771 0.024114 0.024280
25 0.622430 0.698935 0.026144 0.024321
17 0.349824 0.698914 0.014680 0.024030
28 0.595511 0.699035 0.023990 0.024162
11 0.567117 0.699688 0.027867 0.025206
28 0.501194 0.699532 0.024496 0.024887
22 0.371107 0.699129 0.022205 0.023956
35 0.651641 0.700135 0.034000 0.025887
20 0.428748 0.699109 0.027097 0.023828
2 0.465480 0.705293 0.038168 0.035238
0 0.219312 0.734403 0.028098 0.024881
3 0.270309 0.734841 0.026815 0.024687
32 0.355878 0.736746 0.032325 0.028417
24 0.245163 0.735152 0.015454 0.024279
3 0.533210 0.735968 0.028271 0.025904
21 0.298470 0.735045 0.024633 0.024035
20 0.326616 0.734588 0.026317 0.023057
3 0.386046 0.735469 0.026491 0.024346
13 0.612566 0.735920 0.023051 0.024584
3 0.665848 0.737045 0.028180 0.026715
8 0.560030 0.736122 0.021493 0.024536
21 0.586199 0.736733 0.025543 0.025417
24 0.410052 0.735723 0.015801 0.022998
22 0.639754 0.736611 0.021917 0.024663
22 0.430847 0.736166 0.022156 0.023198
17 0.452873 0.736329 0.014331 0.022975
25 0.287335 0.773429 0.029914 0.023949
11 0.377084 0.774613 0.027655 0.025620
32 0.219165 0.777266 0.035322 0.030747
3 0.409426 0.775087 0.028112 0.025944
17 0.313283 0.774574 0.014984 0.024858
24 0.263034 0.774635 0.015873 0.024804
36 0.442967 0.775023 0.033012 0.024938
22 0.496698 0.775855 0.023304 0.026077
24 0.472630 0.775195 0.016353 0.024476
3 0.596424 0.775760 0.028182 0.025437
36 0.544856 0.775615 0.030103 0.025038
0 0.645530 0.776548 0.028902 0.025247
24 0.621083 0.776620 0.016554 0.025056
17 0.519613 0.776856 0.014553 0.024939
26 0.439560 0.939362 0.024249 0.019384