37 0.621296 0.145045 0.033004 0.029427
4 0.550342 0.149416 0.038752 0.031569
15 0.673069 0.151336 0.026320 0.034830
3 0.586706 0.146978 0.027881 0.025447
3 0.513242 0.147820 0.028314 0.026027
9 0.456389 0.154699 0.016112 0.039734
3 0.480964 0.148025 0.027330 0.025909
0 0.431054 0.148181 0.028318 0.025717
29 0.380514 0.148329 0.025491 0.025783
7 0.405499 0.148177 0.016970 0.025345
8 0.354119 0.148378 0.022643 0.025630
17 0.649584 0.147584 0.015628 0.023447
20 0.324820 0.148746 0.027642 0.024195
1 0.245968 0.149755 0.028879 0.025012
21 0.294345 0.149805 0.027823 0.024941
22 0.216786 0.149794 0.022368 0.024356
29 0.165047 0.150863 0.024330 0.024976
21 0.189886 0.150849 0.026270 0.024932
17 0.271072 0.150313 0.014523 0.023689
18 0.399123 0.186340 0.027908 0.028338
34 0.500313 0.187270 0.026271 0.025157
15 0.690915 0.194774 0.024220 0.040165
5 0.543063 0.190282 0.026342 0.030766
11 0.471698 0.187555 0.027582 0.025263
34 0.571889 0.187143 0.027516 0.024287
14 0.435457 0.187961 0.037496 0.025371
25 0.663201 0.187399 0.027555 0.024053
25 0.614537 0.187495 0.028561 0.024055
13 0.351270 0.188493 0.023714 0.025308
9 0.639706 0.193784 0.019854 0.035408
34 0.324068 0.188943 0.025404 0.024591
11 0.245667 0.189665 0.028746 0.025428
28 0.278069 0.190193 0.026350 0.025448
34 0.213013 0.189899 0.027085 0.023734
24 0.302719 0.189960 0.016903 0.023660
25 0.182559 0.190322 0.029384 0.023661
24 0.155619 0.190957 0.017371 0.024275
18 0.226388 0.228556 0.028688 0.030687
15 0.489726 0.234146 0.025365 0.040927
30 0.521050 0.227568 0.033627 0.027354
4 0.454422 0.230721 0.041647 0.033372
3 0.415618 0.228463 0.029632 0.027244
3 0.674369 0.228818 0.029252 0.027819
11 0.343989 0.228680 0.030282 0.026828
11 0.555760 0.228560 0.029401 0.026174
24 0.389378 0.228058 0.016283 0.024690
34 0.633878 0.229036 0.027720 0.026170
28 0.587282 0.229247 0.025814 0.026404
3 0.311210 0.229420 0.028719 0.026417
0 0.259465 0.229752 0.030008 0.026729
17 0.370298 0.228448 0.015267 0.023415
24 0.610497 0.229402 0.016322 0.024928
0 0.196321 0.230775 0.029830 0.025531
20 0.162880 0.231567 0.029002 0.025163
5 0.543273 0.271057 0.026471 0.032420
18 0.207436 0.269761 0.027584 0.029689
3 0.515465 0.267514 0.026922 0.024826
25 0.442801 0.267908 0.027492 0.024960
34 0.573066 0.268089 0.028726 0.025201
11 0.619226 0.268485 0.028259 0.025434
0 0.651031 0.268714 0.028909 0.025532
22 0.470886 0.268331 0.022672 0.024456
3 0.414010 0.268706 0.027207 0.025003
17 0.492204 0.268146 0.014613 0.023694
24 0.693303 0.269004 0.016533 0.025279
10 0.712133 0.269193 0.019853 0.025149
3 0.384158 0.269244 0.027445 0.024841
32 0.353610 0.271994 0.033046 0.029618
17 0.674547 0.269503 0.016296 0.024273
34 0.262561 0.270318 0.027296 0.025200
36 0.322938 0.269704 0.027510 0.023831
5 0.234509 0.274264 0.025249 0.031949
21 0.292469 0.270710 0.027502 0.024811
22 0.161265 0.270956 0.022834 0.025181
24 0.184262 0.270360 0.015943 0.023417
4 0.567372 0.308846 0.040847 0.031825
13 0.395748 0.306992 0.023704 0.026295
25 0.632880 0.306808 0.029909 0.025603
8 0.349777 0.307188 0.023684 0.025981
34 0.477427 0.307115 0.026273 0.025770
25 0.448464 0.306646 0.028603 0.024729
3 0.665405 0.307734 0.028677 0.026499
3 0.697386 0.307584 0.028058 0.026128
3 0.225769 0.307794 0.028076 0.026290
28 0.419553 0.307513 0.025916 0.025290
21 0.603523 0.307779 0.026580 0.025716
17 0.373652 0.307639 0.016312 0.025254
34 0.323321 0.307853 0.025943 0.025351
3 0.193758 0.308264 0.028460 0.025812
28 0.254689 0.307733 0.024805 0.024748
21 0.163003 0.309519 0.026803 0.025779
4 0.631358 0.347774 0.039440 0.031167
3 0.669362 0.345730 0.029896 0.026669
4 0.506559 0.347895 0.038223 0.030243
4 0.452411 0.345334 0.035159 0.025095
25 0.567994 0.345424 0.028779 0.025013
22 0.403270 0.345564 0.023172 0.025094
34 0.325506 0.345459 0.025943 0.024846
25 0.372009 0.345765 0.029388 0.025298
21 0.541002 0.346032 0.025747 0.025257
17 0.424413 0.346207 0.014684 0.024760
22 0.598376 0.346124 0.023105 0.024417
25 0.295101 0.346468 0.029597 0.024396
2 0.169413 0.352858 0.038180 0.037027
32 0.226286 0.349667 0.032454 0.029385
9 0.251673 0.354787 0.016058 0.038771
17 0.271895 0.347634 0.015371 0.024432
18 0.481496 0.382620 0.028668 0.029528
15 0.328385 0.389960 0.029073 0.038198
34 0.542867 0.383966 0.027622 0.025311
5 0.511708 0.388422 0.029232 0.033904
24 0.457650 0.384002 0.016264 0.024931
3 0.405591 0.385363 0.029161 0.027470
25 0.590935 0.384221 0.031567 0.025157
22 0.435345 0.384997 0.023531 0.026427
27 0.629785 0.385145 0.042916 0.025988
25 0.182166 0.384782 0.030602 0.024807
28 0.357191 0.385209 0.025643 0.025362
8 0.298009 0.385434 0.023097 0.025786
34 0.214402 0.385207 0.027184 0.025171
3 0.664721 0.385444 0.027360 0.025473
7 0.724482 0.386585 0.017955 0.026373
4 0.265566 0.385796 0.034401 0.024704
33 0.697668 0.386187 0.035094 0.025462
18 0.229729 0.421005 0.028970 0.028601
25 0.606394 0.421989 0.030478 0.025187
34 0.576641 0.422455 0.026411 0.025755
14 0.483278 0.422521 0.039474 0.025856
10 0.449536 0.422539 0.022818 0.025763
3 0.520278 0.422548 0.027700 0.025110
3 0.639345 0.423074 0.029093 0.026001
5 0.548177 0.425786 0.025936 0.030889
15 0.339922 0.426317 0.023974 0.031834
1 0.261868 0.423496 0.029171 0.025681
13 0.364768 0.423521 0.023168 0.025688
33 0.415844 0.423129 0.039565 0.024610
22 0.200792 0.423513 0.025676 0.024915
37 0.167462 0.424152 0.034512 0.025011
17 0.387391 0.423558 0.014989 0.023691
17 0.317837 0.424192 0.015536 0.023916
1 0.165789 0.460187 0.028593 0.025737
13 0.387801 0.460266 0.023341 0.025438
25 0.240300 0.460183 0.029335 0.024915
3 0.416332 0.460601 0.027542 0.025655
3 0.358920 0.460903 0.028901 0.025548
8 0.444471 0.461029 0.022301 0.025674
34 0.271000 0.461089 0.027001 0.025416
24 0.215280 0.461011 0.017391 0.024669
21 0.522837 0.461051 0.024951 0.024591
11 0.492981 0.461223 0.027838 0.024886
36 0.303569 0.461621 0.032100 0.025302
17 0.195097 0.461425 0.015909 0.024253
7 0.467329 0.461466 0.016699 0.023907
24 0.333724 0.461661 0.016821 0.024135
25 0.165646 0.497910 0.030415 0.024653
0 0.234464 0.499384 0.028676 0.025973
34 0.591258 0.499456 0.027203 0.025286
0 0.533588 0.499731 0.029021 0.025429
15 0.673260 0.503970 0.023122 0.033758
0 0.424665 0.499646 0.028639 0.025004
28 0.502828 0.499863 0.026897 0.025385
22 0.343056 0.500036 0.024163 0.025302
21 0.563527 0.500095 0.026021 0.025149
7 0.390775 0.500018 0.019197 0.024692
24 0.368140 0.499852 0.017144 0.024109
35 0.309144 0.500072 0.037723 0.024487
28 0.697338 0.500568 0.024738 0.025465
17 0.467206 0.500480 0.015663 0.025100
18 0.520772 0.536987 0.028522 0.029370
3 0.131064 0.536288 0.030254 0.027099
0 0.165202 0.536427 0.028378 0.024856
7 0.213285 0.536843 0.025593 0.025214
9 0.456817 0.538195 0.022734 0.027531
1 0.397265 0.537360 0.030377 0.025107
10 0.330051 0.537472 0.021520 0.024373
4 0.362057 0.537339 0.033533 0.023843
17 0.238484 0.537488 0.015995 0.024099
21 0.262741 0.537610 0.025153 0.024160
32 0.299414 0.540591 0.036151 0.030036
15 0.491080 0.544895 0.032257 0.038439
17 0.189024 0.537436 0.015175 0.023507
3 0.670403 0.538381 0.028918 0.025117
4 0.558793 0.541773 0.041430 0.031743
34 0.592057 0.538363 0.026121 0.024404
24 0.644056 0.538447 0.016668 0.024068
7 0.422337 0.538452 0.014647 0.023760
22 0.620736 0.538960 0.023619 0.024752
37 0.124251 0.573755 0.036002 0.025903
3 0.369373 0.574896 0.027101 0.024845
14 0.305016 0.574906 0.038818 0.024800
22 0.438930 0.574976 0.024591 0.024664
24 0.183179 0.575317 0.016147 0.024320
7 0.203447 0.575341 0.017474 0.023857
22 0.160022 0.575156 0.022403 0.023482
32 0.268667 0.577628 0.032235 0.028340
28 0.339663 0.575405 0.023562 0.023628
13 0.502185 0.576733 0.021825 0.025680
24 0.462295 0.576231 0.016134 0.024379
4 0.608435 0.579845 0.040509 0.031359
9 0.502191 0.576630 0.021953 0.024356
0 0.551172 0.576490 0.028586 0.024067
34 0.642945 0.577033 0.027475 0.024022
17 0.577469 0.577155 0.015834 0.023299
17 0.524464 0.577357 0.015865 0.023692
14 0.691801 0.577885 0.037841 0.024471
13 0.131467 0.610572 0.024378 0.026213
3 0.165594 0.612884 0.029285 0.025568
22 0.194295 0.613621 0.022584 0.023818
25 0.405508 0.615071 0.029057 0.025123
8 0.514212 0.614828 0.022149 0.024417
24 0.217514 0.614111 0.017584 0.022939
3 0.375950 0.615697 0.028277 0.025327
20 0.484855 0.615290 0.028807 0.024269
11 0.645943 0.615614 0.027251 0.024598
7 0.238308 0.615349 0.017160 0.023979
16 0.591783 0.621130 0.028001 0.035212
28 0.673873 0.615680 0.023608 0.024047
7 0.431479 0.615781 0.016882 0.024223
7 0.288608 0.615521 0.017667 0.023352
33 0.338833 0.615932 0.040423 0.023626
10 0.618393 0.616185 0.020107 0.023882
21 0.454743 0.616549 0.025869 0.024529
32 0.261709 0.618329 0.034979 0.028070
9 0.307455 0.620746 0.016982 0.032706
26 0.560487 0.616235 0.024312 0.023655
7 0.536620 0.615896 0.016471 0.022058
8 0.131433 0.651632 0.023716 0.026951
13 0.180037 0.651295 0.022960 0.025391
25 0.233800 0.650811 0.025788 0.023537
28 0.203940 0.651362 0.024183 0.024335
34 0.261985 0.651331 0.026526 0.023992
17 0.158102 0.652831 0.016015 0.025877
27 0.262511 0.651539 0.026182 0.023230
4 0.342041 0.655261 0.037334 0.030528
25 0.407527 0.652019 0.029493 0.023840
3 0.441597 0.652763 0.028066 0.024634
8 0.502064 0.653224 0.024296 0.025065
3 0.307128 0.652501 0.027051 0.023265
20 0.472730 0.653308 0.028921 0.024809
28 0.378681 0.653382 0.026550 0.024869
13 0.553990 0.653164 0.022233 0.024279
2 0.648969 0.658305 0.038048 0.034225
3 0.612108 0.653884 0.027408 0.024875
3 0.581516 0.653759 0.027294 0.024237
7 0.680208 0.654398 0.017059 0.024124
18 0.510629 0.686718 0.027945 0.027823
25 0.232500 0.686462 0.028465 0.023834
11 0.130449 0.688233 0.028907 0.027359
5 0.183769 0.691284 0.027432 0.032847
3 0.299304 0.687711 0.027518 0.024569
13 0.466434 0.687991 0.023987 0.024768
4 0.354240 0.690580 0.036608 0.029796
25 0.406678 0.687736 0.025963 0.023590
14 0.546655 0.688697 0.037258 0.025234
3 0.437721 0.688461 0.028316 0.024408
7 0.160373 0.688434 0.018369 0.024295
35 0.264347 0.687966 0.034156 0.022559
24 0.324209 0.688813 0.016730 0.023359
11 0.583078 0.689522 0.026781 0.024634
1 0.643462 0.690006 0.027568 0.025319
3 0.613659 0.689823 0.027429 0.024203
17 0.668014 0.690520 0.015145 0.022859
25 0.280670 0.722907 0.027702 0.023588
24 0.257127 0.723513 0.015376 0.023587
0 0.193361 0.724200 0.026634 0.024104
2 0.370912 0.730366 0.035791 0.036162
3 0.131444 0.725852 0.029433 0.026429
9 0.219815 0.728024 0.015827 0.030435
7 0.238648 0.724525 0.016450 0.023023
3 0.405852 0.725412 0.027172 0.024286
21 0.488148 0.725538 0.025587 0.024307
5 0.434313 0.728305 0.025950 0.029729
34 0.461308 0.725344 0.023822 0.023394
36 0.517470 0.725483 0.028705 0.023647
26 0.163792 0.725026 0.025972 0.022401
32 0.548131 0.727816 0.031729 0.027697
3 0.610119 0.727028 0.028641 0.025697
3 0.578123 0.726450 0.027171 0.024017
26 0.727141 0.728748 0.032369 0.026043
15 0.281577 0.767545 0.024366 0.038666
4 0.188264 0.764699 0.037808 0.032203
3 0.223998 0.761652 0.026388 0.025744
18 0.668355 0.763537 0.027878 0.029438
3 0.308856 0.762082 0.026678 0.025029
21 0.253957 0.762111 0.027139 0.024854
0 0.130439 0.762993 0.029274 0.025985
8 0.438969 0.762755 0.022504 0.025194
34 0.412573 0.762185 0.024717 0.023852
0 0.490108 0.763626 0.029287 0.026215
11 0.339495 0.762596 0.027129 0.023911
17 0.157908 0.762909 0.016891 0.024495
24 0.390342 0.762711 0.015097 0.023509
28 0.367565 0.762940 0.023976 0.023861
7 0.462354 0.764016 0.017995 0.024327
22 0.537321 0.763990 0.021661 0.024157
17 0.515856 0.764021 0.014774 0.023933
16 0.640269 0.770410 0.028326 0.036525
7 0.558207 0.764405 0.015780 0.024232
21 0.580936 0.764921 0.026709 0.024345