18 0.769624 0.306492 0.032254 0.059218
5 0.849450 0.316508 0.027652 0.064546
21 0.802034 0.312791 0.027631 0.052073
17 0.827377 0.312923 0.015480 0.051133
22 0.878105 0.312013 0.022770 0.049248
13 0.555538 0.313246 0.026049 0.051631
3 0.454090 0.313149 0.027340 0.049913
34 0.661713 0.312574 0.025291 0.048743
27 0.670808 0.313193 0.042017 0.049757
17 0.897858 0.312898 0.014369 0.049071
32 0.638045 0.316951 0.029384 0.057136
25 0.481604 0.312764 0.028274 0.048517
10 0.509090 0.313031 0.021857 0.048845
11 0.423002 0.313887 0.027858 0.049269
33 0.601344 0.314236 0.039265 0.049156
0 0.294510 0.317673 0.030998 0.053260
21 0.375526 0.315973 0.026177 0.048730
1 0.345547 0.315828 0.027043 0.047654
17 0.398499 0.315102 0.014174 0.045632
18 0.689236 0.387969 0.028999 0.058876
11 0.546234 0.388920 0.029345 0.051306
3 0.579332 0.389265 0.029554 0.051325
15 0.456251 0.404112 0.024530 0.080012
36 0.613242 0.389830 0.031941 0.050388
2 0.489919 0.402196 0.040162 0.074416
0 0.425878 0.390192 0.028589 0.050107
13 0.644482 0.390968 0.024503 0.050632
9 0.666494 0.406060 0.016458 0.078745
28 0.356636 0.391941 0.025549 0.049990
11 0.326818 0.391744 0.026976 0.049463
5 0.717737 0.399138 0.027577 0.064076
7 0.520319 0.390324 0.016436 0.045950
34 0.787109 0.392843 0.026687 0.050818
37 0.389233 0.391395 0.034282 0.047109
3 0.834284 0.393214 0.028758 0.050027
3 0.905202 0.394191 0.027595 0.051584
22 0.762179 0.392735 0.022526 0.047235
33 0.870113 0.393781 0.038711 0.049159
17 0.740993 0.394194 0.014407 0.047174
18 0.429209 0.466943 0.029241 0.058668
15 0.521191 0.482670 0.025397 0.077938
3 0.490696 0.470040 0.027700 0.051050
29 0.460984 0.471080 0.027392 0.051405
13 0.649553 0.471102 0.024906 0.050042
0 0.855327 0.471652 0.028925 0.051111
20 0.550958 0.471303 0.028775 0.050183
3 0.824850 0.471959 0.028246 0.051451
9 0.879867 0.490660 0.017373 0.088660
10 0.378117 0.471744 0.020780 0.050723
7 0.626171 0.471390 0.016988 0.049997
11 0.351404 0.471780 0.028207 0.049780
11 0.751629 0.471941 0.026422 0.050007
22 0.582266 0.471229 0.023132 0.048582
24 0.605933 0.470435 0.017548 0.046765
27 0.787763 0.472710 0.042311 0.050693
28 0.705533 0.472087 0.025531 0.049408
32 0.673012 0.477856 0.035475 0.060898
12 0.323161 0.473851 0.021522 0.052272
22 0.403423 0.471571 0.022582 0.047055
4 0.339435 0.558862 0.042793 0.064707
3 0.692590 0.553633 0.029707 0.054003
0 0.486817 0.554057 0.033387 0.054314
0 0.429439 0.553823 0.031025 0.053442
3 0.726906 0.553867 0.030566 0.053022
17 0.373707 0.552818 0.016093 0.050522
29 0.578564 0.553701 0.028379 0.051925
3 0.543505 0.554929 0.031090 0.054280
25 0.658091 0.552214 0.030322 0.048599
17 0.457735 0.553890 0.016809 0.051369
9 0.515601 0.569680 0.017244 0.081413
28 0.608318 0.555705 0.026550 0.053186
24 0.634030 0.555702 0.018210 0.051547
28 0.851087 0.555058 0.025878 0.049834
32 0.439570 0.642540 0.033931 0.062315
28 0.470044 0.637928 0.026705 0.052996
25 0.596793 0.637294 0.028480 0.050840
8 0.719953 0.639218 0.025182 0.054426
3 0.522649 0.638121 0.028959 0.051856
4 0.561102 0.644115 0.040680 0.063438
9 0.495389 0.653815 0.017842 0.082116
13 0.660147 0.638098 0.024897 0.050508
11 0.771062 0.639460 0.029405 0.053218
3 0.690518 0.638636 0.028550 0.051187
28 0.803166 0.640245 0.025297 0.052411
10 0.872802 0.640466 0.021490 0.052545
13 0.392641 0.639604 0.024566 0.050626
14 0.839025 0.640469 0.040334 0.052207
17 0.414976 0.640003 0.015317 0.050800
7 0.744004 0.640035 0.017406 0.050591
21 0.365700 0.640547 0.027186 0.050565
35 0.627817 0.640484 0.036315 0.048410
3 0.560056 0.719010 0.030515 0.053574
29 0.789244 0.717529 0.026271 0.050355
25 0.494533 0.718079 0.031262 0.049746
25 0.820120 0.717576 0.031133 0.048732
0 0.741170 0.719045 0.027283 0.051538
3 0.526735 0.719293 0.028631 0.051857
34 0.850177 0.718124 0.025689 0.049262
0 0.374782 0.719108 0.029071 0.050659
34 0.711070 0.719271 0.025473 0.050973
9 0.764080 0.734066 0.018984 0.080093
3 0.425870 0.719672 0.028130 0.051266
27 0.858747 0.718653 0.042474 0.048909
24 0.587275 0.719945 0.016005 0.051214
34 0.638131 0.719194 0.024953 0.049622
5 0.682013 0.727530 0.026977 0.066214
25 0.609638 0.718529 0.029552 0.048173
9 0.400744 0.735965 0.017995 0.081303
26 0.341969 0.721648 0.027483 0.049606
25 0.566202 0.797429 0.032010 0.051775
8 0.432198 0.798006 0.024494 0.051980
11 0.599806 0.799251 0.029865 0.054466
27 0.640232 0.798948 0.044860 0.053360
34 0.632012 0.798804 0.027571 0.053052
4 0.508820 0.804525 0.041085 0.064463
24 0.476090 0.798094 0.018512 0.049670
3 0.678667 0.800164 0.029272 0.053758
11 0.772738 0.800525 0.030424 0.054230
34 0.805062 0.799997 0.029505 0.052829
11 0.712150 0.800724 0.029166 0.054021
34 0.403294 0.798565 0.027766 0.049517
7 0.455427 0.797559 0.017735 0.047221
34 0.880141 0.800659 0.028379 0.052869
8 0.742363 0.800592 0.022682 0.052589
9 0.540057 0.813133 0.016009 0.076260
5 0.371861 0.808529 0.030025 0.066565
5 0.847801 0.807919 0.030007 0.064455
34 0.824657 0.876441 0.027412 0.050848
25 0.457692 0.876444 0.030248 0.050504
11 0.553268 0.878632 0.029339 0.054596
28 0.763489 0.877449 0.026524 0.052075
34 0.583565 0.878766 0.027331 0.054663
28 0.486559 0.878501 0.027690 0.053677
3 0.907854 0.879331 0.030697 0.055189
3 0.424822 0.878542 0.029667 0.053575
7 0.708541 0.878321 0.017110 0.051595
32 0.731166 0.883064 0.030129 0.060470
3 0.519402 0.878386 0.030067 0.051064
25 0.339862 0.879391 0.030700 0.052751
24 0.883527 0.878815 0.017233 0.051373
21 0.794170 0.878777 0.029858 0.051117
17 0.398117 0.879182 0.015729 0.049602
33 0.675728 0.880424 0.041110 0.047936