15 0.813555 0.147412 0.026589 0.036354
25 0.389669 0.141937 0.029216 0.024888
4 0.504968 0.145735 0.038407 0.031804
15 0.361462 0.149806 0.023779 0.039549
11 0.720700 0.143060 0.027594 0.025718
1 0.783339 0.142831 0.029200 0.025246
22 0.673122 0.142559 0.022973 0.024641
22 0.420693 0.142706 0.023054 0.024761
15 0.539079 0.148292 0.023600 0.035918
25 0.642433 0.142241 0.029735 0.023720
3 0.751762 0.142992 0.027633 0.024973
36 0.468229 0.142792 0.028205 0.023921
7 0.597920 0.143169 0.017239 0.024627
9 0.617829 0.148727 0.015970 0.035737
17 0.443060 0.142968 0.014814 0.023686
33 0.569244 0.143285 0.037781 0.023864
4 0.327356 0.146848 0.039966 0.030890
18 0.485427 0.181254 0.028107 0.029974
34 0.608820 0.182475 0.027051 0.025957
34 0.860284 0.182636 0.024244 0.025627
1 0.436475 0.182609 0.028151 0.025094
9 0.463005 0.188060 0.017410 0.035660
3 0.674459 0.183306 0.028623 0.026088
15 0.407448 0.189246 0.024531 0.037960
0 0.517256 0.183334 0.027254 0.025718
25 0.833196 0.182800 0.028428 0.024537
34 0.348026 0.182692 0.025474 0.024143
3 0.549448 0.183604 0.027414 0.025930
25 0.318542 0.182502 0.027869 0.023672
21 0.705821 0.183621 0.026436 0.025212
24 0.648596 0.183816 0.017043 0.025105
28 0.806281 0.183453 0.023264 0.024271
20 0.753002 0.183767 0.028635 0.023963
17 0.385621 0.183710 0.014824 0.023629
5 0.781439 0.187935 0.024600 0.031852
17 0.728805 0.183858 0.014544 0.023551
15 0.714757 0.228590 0.024360 0.037672
3 0.765459 0.223365 0.028117 0.025449
8 0.688422 0.223306 0.021857 0.025204
3 0.841095 0.223232 0.026675 0.024529
24 0.738668 0.223893 0.016869 0.025312
25 0.455350 0.223615 0.027834 0.024642
36 0.797688 0.223389 0.027050 0.024026
20 0.797650 0.223366 0.027234 0.023859
15 0.626089 0.227230 0.024633 0.031450
34 0.551761 0.224095 0.025729 0.025080
13 0.484495 0.223956 0.023945 0.024777
21 0.597632 0.224436 0.026226 0.025129
22 0.527005 0.224347 0.022131 0.024674
24 0.432344 0.224365 0.015648 0.024402
13 0.391692 0.224530 0.023131 0.024506
33 0.655787 0.224569 0.038727 0.024337
24 0.575729 0.224368 0.016682 0.023896
36 0.361771 0.225042 0.029878 0.024560
22 0.313708 0.225460 0.023709 0.024423
17 0.336986 0.225398 0.014646 0.023503
4 0.523502 0.264878 0.039054 0.030670
9 0.827106 0.266153 0.015958 0.033208
34 0.557473 0.262333 0.026135 0.025136
3 0.366921 0.262143 0.027228 0.024510
7 0.807797 0.262542 0.017979 0.025027
11 0.460130 0.262512 0.027601 0.024825
33 0.403497 0.262208 0.038179 0.024108
34 0.717555 0.263307 0.027126 0.026191
32 0.310182 0.265473 0.034149 0.030326
7 0.434668 0.262392 0.017659 0.023811
22 0.784562 0.262937 0.023289 0.024247
22 0.648819 0.263029 0.022609 0.024287
28 0.489628 0.263286 0.024327 0.024790
28 0.339077 0.262992 0.023434 0.023861
24 0.582115 0.263291 0.015585 0.024299
21 0.604952 0.263357 0.025700 0.024089
17 0.626576 0.263339 0.013643 0.023987
22 0.691608 0.263724 0.021891 0.023973
17 0.670371 0.263788 0.014998 0.023771
3 0.668847 0.301507 0.027883 0.025955
14 0.632700 0.302043 0.039175 0.024955
15 0.468114 0.308171 0.025563 0.037020
11 0.354887 0.302379 0.027798 0.025393
28 0.871439 0.302379 0.024028 0.025208
11 0.571778 0.302222 0.027564 0.024780
3 0.386440 0.302361 0.028186 0.024995
25 0.513438 0.301849 0.027173 0.023965
3 0.775552 0.303136 0.027938 0.026096
0 0.827175 0.302690 0.028269 0.024914
12 0.309446 0.303129 0.022968 0.025599
34 0.542464 0.302329 0.025151 0.023779
36 0.418435 0.302546 0.029046 0.023990
28 0.598682 0.303060 0.023773 0.024882
24 0.490224 0.302983 0.017335 0.024635
11 0.717028 0.303552 0.027064 0.025472
28 0.746629 0.303426 0.025121 0.024984
24 0.801260 0.303061 0.017231 0.023884
7 0.329735 0.302684 0.016140 0.022545
17 0.445306 0.303226 0.015580 0.022851
3 0.624919 0.342349 0.027963 0.026650
3 0.424243 0.341782 0.029112 0.025085
13 0.544923 0.342211 0.021153 0.025725
8 0.488051 0.342411 0.023748 0.026097
25 0.593246 0.342163 0.028205 0.025292
28 0.517825 0.342334 0.028086 0.025630
36 0.828783 0.342092 0.030706 0.024653
11 0.391929 0.342039 0.027782 0.024421
22 0.313417 0.341597 0.022709 0.023507
21 0.340519 0.341896 0.025486 0.023861
22 0.780363 0.342249 0.023405 0.024341
25 0.749107 0.342116 0.030682 0.023990
7 0.365414 0.342077 0.017911 0.023592
36 0.457269 0.342787 0.030728 0.024841
13 0.702555 0.342973 0.021710 0.024840
25 0.674525 0.342762 0.028696 0.024205
32 0.568251 0.344948 0.032592 0.028429
17 0.723961 0.343587 0.014939 0.025360
24 0.650475 0.343594 0.016134 0.025233
17 0.802993 0.343302 0.015871 0.024430
18 0.797077 0.377831 0.028117 0.029032
34 0.853674 0.378132 0.026425 0.024697
13 0.315294 0.378517 0.025067 0.024298
2 0.599771 0.383878 0.037983 0.034965
5 0.824497 0.382279 0.028393 0.031740
28 0.750380 0.379276 0.024937 0.025289
3 0.635803 0.379719 0.027891 0.025476
28 0.416172 0.379216 0.024998 0.024235
5 0.664089 0.382760 0.027409 0.031132
34 0.691785 0.380025 0.025187 0.025024
32 0.720637 0.382070 0.033690 0.028908
5 0.484443 0.382973 0.027999 0.030658
25 0.530671 0.379773 0.028027 0.024079
17 0.338461 0.379894 0.014757 0.023406
32 0.361994 0.382756 0.032525 0.028831
17 0.508401 0.381026 0.014630 0.024556
35 0.560610 0.380545 0.035202 0.023477
26 0.458171 0.381072 0.024496 0.024071
15 0.878898 0.425346 0.024781 0.042763
25 0.852188 0.416412 0.027068 0.023967
28 0.807304 0.416984 0.024050 0.024925
0 0.316228 0.416981 0.028077 0.024365
32 0.383334 0.419797 0.034655 0.029539
21 0.438132 0.418073 0.027252 0.025702
24 0.829380 0.417820 0.016932 0.024688
12 0.782606 0.418611 0.021241 0.025997
10 0.719480 0.417890 0.021423 0.024301
9 0.341315 0.424311 0.016769 0.036775
3 0.528103 0.418837 0.027907 0.025260
32 0.693025 0.421917 0.030877 0.030975
4 0.751082 0.418388 0.033596 0.023881
7 0.358594 0.419732 0.015692 0.026517
25 0.557734 0.418768 0.027659 0.023940
3 0.588996 0.419229 0.026385 0.024688
17 0.461878 0.418931 0.015105 0.023414
33 0.491001 0.419373 0.039489 0.023993
35 0.640909 0.419906 0.034680 0.024320
24 0.613695 0.419561 0.015974 0.023334
3 0.346193 0.455047 0.028241 0.024975
0 0.314391 0.455363 0.027687 0.025498
0 0.400129 0.455937 0.028288 0.024510
24 0.373423 0.455455 0.016887 0.023432
0 0.483657 0.457099 0.029400 0.024777
3 0.450669 0.457143 0.027992 0.024864
24 0.425534 0.456533 0.016166 0.023184
32 0.572821 0.460214 0.031561 0.030467
28 0.859359 0.457196 0.023213 0.024236
13 0.807319 0.457346 0.022883 0.024074
21 0.832913 0.457623 0.027234 0.024413
25 0.619338 0.458274 0.029111 0.025270
34 0.759715 0.458230 0.025258 0.024382
10 0.647964 0.459064 0.020604 0.025839
22 0.735829 0.459176 0.023177 0.025129
17 0.704744 0.460028 0.015751 0.023862
0 0.426434 0.493908 0.028381 0.025347
28 0.395842 0.493701 0.025867 0.024445
1 0.315632 0.493937 0.030365 0.024541
28 0.647117 0.494514 0.025445 0.024803
30 0.272556 0.496123 0.037466 0.027599
22 0.673348 0.494252 0.022819 0.023739
34 0.505459 0.494706 0.027523 0.024525
32 0.539021 0.497353 0.033410 0.029660
17 0.341824 0.494735 0.014264 0.024144
36 0.826332 0.495148 0.030383 0.024907
7 0.563333 0.495176 0.017033 0.024904
32 0.476800 0.497638 0.034392 0.029691
22 0.778204 0.495063 0.023847 0.023950
32 0.365207 0.497711 0.033529 0.029188
20 0.858146 0.495240 0.026444 0.023679
33 0.613043 0.495529 0.039277 0.024059
17 0.695211 0.495250 0.014415 0.023475
25 0.748654 0.494927 0.029228 0.022553
17 0.800569 0.496300 0.015005 0.024327
3 0.781413 0.531710 0.030918 0.026266
28 0.750076 0.531968 0.027024 0.025974
11 0.605063 0.531741 0.027597 0.024950
9 0.554515 0.532653 0.021914 0.026657
34 0.671987 0.531814 0.026870 0.024793
7 0.577640 0.532189 0.017667 0.025358
0 0.505674 0.531892 0.028161 0.024506
25 0.720169 0.531713 0.030557 0.024121
0 0.324201 0.532577 0.029495 0.025723
17 0.431400 0.532195 0.016160 0.024467
17 0.631231 0.532077 0.015246 0.024058
7 0.532129 0.533115 0.018894 0.025989
22 0.476238 0.532634 0.024103 0.024478
17 0.531848 0.533404 0.018858 0.025564
17 0.350493 0.533941 0.016389 0.024307
25 0.596343 0.568459 0.027811 0.024180
34 0.706736 0.569139 0.027534 0.024905
3 0.646719 0.569366 0.028873 0.025092
11 0.677553 0.569548 0.026504 0.025221
28 0.837321 0.569993 0.024706 0.025228
22 0.753602 0.569702 0.023969 0.024554
24 0.731013 0.570000 0.017041 0.024568
35 0.785987 0.569837 0.033249 0.023322
24 0.572806 0.570099 0.016829 0.023775
25 0.416435 0.570957 0.028595 0.025332
17 0.621886 0.570171 0.014888 0.023548
3 0.357421 0.571033 0.026559 0.024793
33 0.476066 0.571149 0.032296 0.024241
32 0.529642 0.573703 0.032935 0.029093
1 0.387757 0.571451 0.027538 0.024458
7 0.503675 0.571837 0.016711 0.024209
17 0.443433 0.571829 0.014743 0.023593
25 0.707628 0.609231 0.029846 0.026079
10 0.737215 0.610298 0.023726 0.026995
34 0.601199 0.609313 0.025664 0.024691
1 0.787633 0.610697 0.028995 0.026931
14 0.388280 0.609741 0.038693 0.024928
0 0.630660 0.609655 0.028996 0.024718
27 0.819646 0.610347 0.034690 0.026103
3 0.424964 0.610227 0.028442 0.025715
5 0.454392 0.612644 0.027268 0.030521
34 0.483480 0.610068 0.027912 0.025270
22 0.354820 0.609617 0.022562 0.023695
24 0.578744 0.610295 0.016587 0.024949
24 0.510958 0.610335 0.017180 0.023929
24 0.760857 0.610949 0.017076 0.025085
17 0.683385 0.610318 0.015785 0.023822
35 0.538887 0.611136 0.035366 0.023217
4 0.586317 0.648997 0.036652 0.030382
3 0.621016 0.647280 0.028512 0.026055
25 0.526015 0.646794 0.029234 0.024995
5 0.729886 0.651065 0.030030 0.033218
0 0.683075 0.647174 0.028274 0.025414
3 0.651536 0.647167 0.027804 0.025329
3 0.402004 0.647534 0.028450 0.025526
4 0.365451 0.649912 0.038224 0.030213
10 0.554833 0.647578 0.022088 0.025531
28 0.478345 0.647875 0.025053 0.025625
17 0.708318 0.648470 0.015449 0.026598
25 0.779088 0.647573 0.029305 0.024728
17 0.756131 0.648264 0.014741 0.024796
24 0.502306 0.648051 0.016206 0.024210
21 0.450091 0.647765 0.025230 0.023410
10 0.806881 0.648275 0.021262 0.023804
24 0.427690 0.648303 0.016392 0.023421
8 0.780335 0.683838 0.024613 0.025041
3 0.615527 0.684051 0.026178 0.025274
25 0.555289 0.683584 0.027670 0.024067
3 0.525723 0.683879 0.027415 0.024505
3 0.585917 0.683759 0.028126 0.024000
3 0.750475 0.684684 0.028174 0.025755
3 0.415036 0.684340 0.028875 0.024696
32 0.494704 0.686519 0.033025 0.028749
21 0.808775 0.684546 0.026441 0.024409
3 0.670615 0.685121 0.027760 0.024876
5 0.444579 0.687832 0.026238 0.030176
21 0.642728 0.685034 0.023825 0.024058
0 0.363485 0.685570 0.028547 0.024429
0 0.701902 0.685928 0.027834 0.024538
25 0.813955 0.721408 0.027675 0.024643
25 0.753787 0.721943 0.028698 0.025043
3 0.586996 0.722456 0.027439 0.025839
3 0.785543 0.722510 0.027635 0.025591
3 0.724418 0.722770 0.027494 0.025658
3 0.527360 0.722253 0.026611 0.024334
33 0.688926 0.722112 0.037051 0.023273
3 0.363157 0.722973 0.027752 0.024922
3 0.426630 0.723589 0.027395 0.025625
33 0.325331 0.723133 0.040078 0.024679
24 0.611662 0.722414 0.015219 0.023132
25 0.393316 0.723040 0.028525 0.024201
21 0.633921 0.723054 0.025140 0.023995
35 0.478508 0.723570 0.035189 0.023480
24 0.451679 0.723743 0.015310 0.023439
18 0.346962 0.758208 0.028012 0.028665
15 0.568470 0.767612 0.025347 0.045342
14 0.727069 0.757741 0.039175 0.024396
4 0.533346 0.761643 0.039242 0.031549
3 0.597103 0.758718 0.026910 0.025130
25 0.644115 0.758199 0.028423 0.023676
28 0.692638 0.758860 0.024262 0.024350
24 0.621155 0.758854 0.014922 0.023833
3 0.446943 0.759291 0.026193 0.024563
9 0.670290 0.765711 0.015979 0.037394
17 0.793133 0.759093 0.015860 0.023362
28 0.418265 0.759806 0.024424 0.024761
8 0.319000 0.759984 0.024249 0.024904
21 0.418025 0.760053 0.024869 0.024681
17 0.503135 0.760284 0.014796 0.024069
1 0.477714 0.759736 0.027478 0.022971
22 0.374558 0.760226 0.021513 0.023864
7 0.397331 0.760502 0.015901 0.023622