4 0.168556 0.146723 0.041005 0.033087
13 0.315970 0.144243 0.024870 0.026297
21 0.343282 0.144696 0.026736 0.026887
28 0.371884 0.144920 0.026478 0.027210
11 0.470782 0.145408 0.029599 0.028005
26 0.249454 0.144505 0.030962 0.026106
14 0.409226 0.144870 0.040711 0.026768
7 0.442641 0.145165 0.018510 0.026549
26 0.284970 0.145231 0.029498 0.026153
34 0.502635 0.145741 0.028154 0.026958
34 0.579196 0.147532 0.027816 0.026449
5 0.549595 0.150981 0.027379 0.032915
0 0.645084 0.149158 0.025345 0.023894
28 0.280297 0.186326 0.024764 0.024568
11 0.251315 0.186131 0.027029 0.023919
8 0.201590 0.186354 0.022894 0.023797
3 0.417501 0.187305 0.028618 0.025515
3 0.172313 0.186890 0.027587 0.024671
10 0.347493 0.187087 0.019339 0.024518
14 0.315512 0.187513 0.038276 0.025206
7 0.225773 0.186750 0.017426 0.023142
34 0.472807 0.188105 0.027454 0.025733
22 0.447328 0.188029 0.023955 0.025262
33 0.379825 0.188149 0.038951 0.024674
18 0.682575 0.190787 0.028715 0.028972
3 0.518758 0.189825 0.027537 0.025321
3 0.550253 0.190580 0.028819 0.026157
8 0.637417 0.191458 0.022526 0.026254
11 0.610379 0.191223 0.028191 0.025654
28 0.579912 0.191243 0.024420 0.024998
26 0.711615 0.192674 0.026374 0.026228
24 0.659755 0.192037 0.016623 0.024693
3 0.233111 0.224584 0.027350 0.024979
28 0.337530 0.224830 0.023808 0.024994
3 0.150071 0.224578 0.027707 0.024459
0 0.183327 0.224987 0.029953 0.024768
3 0.287833 0.224931 0.028125 0.024538
12 0.260548 0.225205 0.021650 0.025053
18 0.572645 0.227637 0.028711 0.029252
11 0.405518 0.226583 0.028384 0.025028
28 0.433602 0.226976 0.024480 0.024277
22 0.459943 0.227026 0.020814 0.022600
32 0.546507 0.230870 0.032181 0.029905
24 0.482796 0.228078 0.016107 0.023843
35 0.510055 0.228632 0.034811 0.023224
25 0.658198 0.230163 0.027950 0.024874
21 0.603105 0.230298 0.026883 0.024963
34 0.686869 0.231043 0.026516 0.026292
28 0.631086 0.230280 0.025040 0.024500
3 0.249115 0.263537 0.027130 0.026109
11 0.281167 0.264343 0.027256 0.025491
9 0.333032 0.267738 0.015820 0.031537
22 0.146521 0.264168 0.022399 0.024047
17 0.168084 0.264128 0.014868 0.023644
28 0.309408 0.264514 0.024153 0.024379
28 0.356972 0.265121 0.025264 0.025319
25 0.451924 0.265329 0.042127 0.025716
8 0.384652 0.265839 0.024074 0.026116
34 0.412001 0.265755 0.026946 0.024597
22 0.487619 0.266878 0.022315 0.024247
32 0.713715 0.271399 0.037324 0.032230
26 0.509627 0.268067 0.015663 0.023939
17 0.509456 0.268269 0.015456 0.023938
13 0.596843 0.269412 0.021445 0.023860
26 0.569419 0.269601 0.024179 0.024018
21 0.620400 0.270235 0.025301 0.023831
28 0.648518 0.270598 0.023969 0.024248
14 0.156156 0.303192 0.040106 0.025313
34 0.241983 0.303135 0.025028 0.024993
11 0.213580 0.303426 0.028187 0.025458
0 0.341833 0.304136 0.028560 0.025770
7 0.187735 0.303788 0.016300 0.024278
4 0.290065 0.303875 0.033813 0.023521
17 0.366681 0.304195 0.014350 0.023373
1 0.392604 0.305054 0.028721 0.024017
21 0.424211 0.305700 0.025957 0.023832
11 0.471884 0.306376 0.027217 0.024801
17 0.447684 0.306143 0.014885 0.023492
3 0.503463 0.307301 0.027659 0.025314
22 0.532163 0.306995 0.022329 0.024332
14 0.566101 0.307411 0.037590 0.024575
22 0.665380 0.307753 0.022054 0.024199
27 0.697962 0.308279 0.043025 0.025231
36 0.634131 0.307737 0.033748 0.023934
28 0.601668 0.308150 0.024729 0.023897
22 0.201712 0.342697 0.021915 0.023698
24 0.178890 0.342994 0.016861 0.024043
0 0.286342 0.343372 0.028331 0.024533
4 0.150859 0.343441 0.032649 0.024468
17 0.223947 0.343573 0.015703 0.023658
32 0.352334 0.346411 0.030981 0.028675
25 0.408379 0.344211 0.029660 0.023817
34 0.378694 0.344268 0.026109 0.023545
8 0.456404 0.345792 0.023070 0.024751
17 0.434499 0.345982 0.015334 0.023790
3 0.554910 0.347476 0.026809 0.024982
17 0.480222 0.347243 0.015153 0.023802
20 0.504478 0.347037 0.028499 0.023331
3 0.637782 0.347785 0.027141 0.024399
32 0.583347 0.349876 0.028959 0.028478
28 0.609326 0.348857 0.024148 0.025773
33 0.672781 0.348208 0.039260 0.023930
7 0.700602 0.348426 0.016187 0.023164
4 0.188223 0.384952 0.040325 0.031402
34 0.222796 0.382358 0.026338 0.024944
3 0.150166 0.382930 0.029095 0.025708
1 0.325088 0.383276 0.030055 0.025373
13 0.296280 0.383436 0.022832 0.024479
21 0.251510 0.383371 0.024902 0.024107
36 0.376135 0.383909 0.029855 0.024510
3 0.409951 0.384233 0.028181 0.024913
13 0.438048 0.384021 0.023043 0.023352
3 0.496407 0.385472 0.027557 0.025825
17 0.351380 0.384294 0.014735 0.022724
17 0.460353 0.385297 0.015508 0.024669
9 0.611937 0.392724 0.016602 0.038824
3 0.636542 0.385905 0.026970 0.025051
25 0.543863 0.385068 0.026990 0.022997
22 0.572509 0.385719 0.022259 0.024280
24 0.521545 0.385809 0.015743 0.023849
17 0.593743 0.385998 0.015240 0.022949
25 0.278123 0.421194 0.028209 0.024965
15 0.164581 0.425000 0.024407 0.032375
34 0.307614 0.421481 0.025845 0.024462
27 0.314210 0.421944 0.042495 0.024128
25 0.387441 0.421890 0.029742 0.023953
34 0.215504 0.422091 0.026434 0.024270
24 0.253272 0.422397 0.017340 0.023679
22 0.415744 0.422693 0.020769 0.024057
3 0.668341 0.423654 0.028163 0.025663
32 0.191119 0.424140 0.032577 0.026488
36 0.462491 0.422970 0.028955 0.023874
15 0.531821 0.429932 0.027573 0.036419
16 0.531744 0.429693 0.027413 0.035914
7 0.630171 0.424855 0.017886 0.024040
1 0.579962 0.425134 0.028877 0.024491
22 0.608173 0.424892 0.022950 0.023551
9 0.555935 0.430826 0.016560 0.034251
0 0.167991 0.457741 0.027083 0.024247
17 0.194014 0.457956 0.015828 0.024161
8 0.263160 0.458533 0.023131 0.024699
3 0.291816 0.458370 0.026461 0.024207
8 0.358017 0.458218 0.023346 0.023886
32 0.217951 0.460855 0.032920 0.027838
28 0.385633 0.459080 0.024940 0.023888
11 0.415160 0.459410 0.026474 0.024388
3 0.447094 0.460115 0.026907 0.024694
1 0.534982 0.460927 0.027192 0.026097
0 0.478230 0.460938 0.028440 0.025123
28 0.507448 0.461011 0.023150 0.024362
34 0.627386 0.461914 0.026251 0.025161
8 0.601165 0.462032 0.021727 0.024382
25 0.672689 0.462761 0.026309 0.024131
3 0.701116 0.463396 0.027554 0.024667
18 0.229909 0.494963 0.028043 0.028013
18 0.342252 0.495655 0.027277 0.029360
25 0.197724 0.495522 0.028937 0.023802
3 0.151303 0.496187 0.028091 0.024407
3 0.261299 0.496362 0.026756 0.024436
3 0.373982 0.497385 0.028699 0.025968
25 0.311212 0.496597 0.029250 0.023687
24 0.174770 0.496841 0.015093 0.023901
24 0.287841 0.497734 0.016312 0.024522
34 0.442754 0.498715 0.026304 0.024532
26 0.472373 0.499670 0.024703 0.026268
22 0.417855 0.499034 0.021797 0.024771
25 0.517056 0.499738 0.026626 0.023276
24 0.494850 0.500464 0.015670 0.024159
28 0.542081 0.501180 0.023051 0.023922
21 0.593842 0.502012 0.025994 0.024617
7 0.617569 0.502307 0.017097 0.025101
11 0.643443 0.502481 0.028055 0.025422
3 0.674503 0.502563 0.029459 0.025549
18 0.227207 0.533242 0.027899 0.029439
13 0.178861 0.534230 0.023591 0.025087
9 0.203021 0.539859 0.015147 0.035741
36 0.149331 0.535527 0.027842 0.024953
5 0.257557 0.539619 0.028684 0.032979
34 0.330607 0.535864 0.027031 0.024051
18 0.462135 0.537365 0.028203 0.026824
22 0.304778 0.536255 0.023219 0.024045
17 0.281862 0.536359 0.015239 0.024078
3 0.378932 0.537561 0.028322 0.025110
26 0.409306 0.538476 0.025901 0.025346
32 0.437671 0.541386 0.030653 0.029896
11 0.494697 0.539540 0.027757 0.025416
3 0.525571 0.540078 0.026985 0.024714
11 0.591227 0.540775 0.029564 0.025173
36 0.557682 0.540639 0.028365 0.024571
7 0.617500 0.542231 0.016773 0.025327
3 0.643278 0.542220 0.028267 0.024830
18 0.222085 0.571062 0.028093 0.027947
25 0.166145 0.571448 0.028679 0.023969
24 0.142614 0.572519 0.016742 0.024327
21 0.193027 0.573144 0.025729 0.025329
11 0.255292 0.572861 0.026956 0.024567
3 0.286879 0.573315 0.028076 0.024980
22 0.370479 0.574136 0.022643 0.023878
34 0.395975 0.574678 0.026078 0.024642
18 0.526646 0.576575 0.027692 0.026792
22 0.442522 0.575629 0.022156 0.023569
3 0.470231 0.576725 0.026135 0.025374
24 0.420008 0.576633 0.016038 0.024023
32 0.500228 0.579221 0.031166 0.028665
11 0.558401 0.578159 0.027245 0.024479
3 0.589451 0.578695 0.027517 0.024421
25 0.651065 0.578466 0.027353 0.022802
36 0.620901 0.578965 0.029020 0.023567
8 0.146293 0.608811 0.023139 0.025065
3 0.197590 0.609987 0.028242 0.025501
7 0.170643 0.610423 0.016432 0.024651
25 0.247244 0.610278 0.027877 0.023544
3 0.280131 0.611488 0.027183 0.025346
24 0.223462 0.611080 0.017154 0.023231
11 0.311547 0.612301 0.027387 0.024947
10 0.338178 0.612557 0.020323 0.023876
11 0.365630 0.613199 0.027761 0.024798
13 0.420202 0.614404 0.023004 0.024088
28 0.394185 0.614351 0.024547 0.023940
8 0.462786 0.614972 0.021544 0.023806
17 0.442108 0.615372 0.014896 0.023800
3 0.518267 0.616004 0.026644 0.024107
28 0.488411 0.616061 0.023235 0.023939
28 0.546123 0.616401 0.023225 0.023363
14 0.579796 0.617160 0.036726 0.024220
32 0.668431 0.620722 0.033093 0.030195
7 0.608457 0.617849 0.015250 0.023911
13 0.628948 0.617792 0.022595 0.023149
1 0.719339 0.618927 0.028523 0.025287
24 0.116780 0.648204 0.030913 0.030181
0 0.148615 0.647291 0.027249 0.024461
3 0.197473 0.647330 0.026803 0.024314
24 0.172520 0.647053 0.015715 0.023382
0 0.228461 0.648134 0.026848 0.024069
4 0.281134 0.651801 0.036900 0.030642
3 0.316496 0.649787 0.027429 0.024230
21 0.345992 0.651565 0.026499 0.024819
3 0.402646 0.651531 0.026719 0.024174
12 0.429792 0.652440 0.022013 0.024127
25 0.498715 0.652801 0.027888 0.024076
28 0.453728 0.652950 0.023765 0.023739
15 0.528078 0.656295 0.024837 0.030197
24 0.475488 0.653063 0.015955 0.023472
0 0.555897 0.654033 0.028015 0.024984
3 0.586739 0.654587 0.026840 0.024060
26 0.117809 0.683007 0.031450 0.027090
13 0.145306 0.682206 0.020252 0.023541
21 0.169486 0.682676 0.027254 0.023516
28 0.197669 0.683364 0.024295 0.024615
14 0.232001 0.683937 0.037265 0.024575
7 0.262856 0.685410 0.016352 0.024012
3 0.289287 0.686094 0.027532 0.024047
3 0.320259 0.687076 0.026363 0.024873
3 0.350239 0.687840 0.026505 0.024501
13 0.378195 0.688536 0.021073 0.023832
21 0.400260 0.689195 0.025458 0.024828
22 0.454858 0.688975 0.022233 0.024162
28 0.428590 0.689053 0.023393 0.023681
27 0.489282 0.689622 0.043568 0.023146
28 0.544542 0.690054 0.024252 0.023837
14 0.578264 0.690089 0.036775 0.023889
0 0.649737 0.691036 0.032023 0.025725
22 0.519784 0.689947 0.020334 0.023155
28 0.611090 0.690759 0.023823 0.023971
32 0.113854 0.723020 0.040961 0.033689
3 0.176395 0.719433 0.026977 0.024352
25 0.205374 0.719310 0.027470 0.023565
28 0.147097 0.720234 0.023903 0.024423
3 0.236465 0.720657 0.027985 0.024576
11 0.284906 0.721708 0.027636 0.024554
24 0.260941 0.721220 0.015498 0.023243
4 0.347290 0.725348 0.037986 0.028356
28 0.312897 0.722720 0.023570 0.022625
3 0.383672 0.724729 0.027217 0.024068
28 0.455881 0.726120 0.024563 0.023899
24 0.408407 0.725544 0.015202 0.022367
22 0.481907 0.726212 0.021514 0.022958
21 0.429615 0.726204 0.024835 0.022697
25 0.542304 0.726932 0.027414 0.022928
35 0.511208 0.727594 0.032928 0.023180
10 0.567450 0.728035 0.018913 0.024026
0 0.593935 0.729070 0.028020 0.024523
29 0.661407 0.730640 0.027756 0.025319
7 0.636974 0.730156 0.015601 0.023266
32 0.152899 0.759324 0.038596 0.030890
0 0.268181 0.757392 0.028956 0.025411
9 0.292955 0.767117 0.018804 0.041513
17 0.314923 0.760151 0.016493 0.025153
25 0.360265 0.760704 0.029292 0.025310
24 0.335857 0.760706 0.017145 0.024940
3 0.395089 0.762366 0.030729 0.026773
4 0.481612 0.762929 0.036628 0.025103
0 0.518893 0.762912 0.029601 0.024795
9 0.422584 0.773064 0.018358 0.044983
28 0.447026 0.763910 0.025619 0.026006
21 0.549736 0.764011 0.025168 0.024158
28 0.577859 0.763993 0.024796 0.024055
25 0.606437 0.764542 0.028094 0.023788
34 0.636576 0.765202 0.027588 0.024835