18 0.606197 0.146545 0.030724 0.029685
4 0.409806 0.151045 0.040976 0.031979
28 0.355601 0.148065 0.026326 0.025925
3 0.544550 0.148505 0.030414 0.025828
21 0.575237 0.148654 0.027987 0.026103
9 0.517029 0.156620 0.017074 0.041698
0 0.489769 0.149047 0.030816 0.026455
25 0.327507 0.148666 0.030756 0.025109
29 0.715830 0.151521 0.025260 0.030623
17 0.442100 0.149067 0.016992 0.025635
33 0.646341 0.148768 0.045620 0.024794
11 0.686097 0.149046 0.028617 0.025169
20 0.745722 0.150371 0.029529 0.026549
18 0.672428 0.187845 0.029453 0.028733
14 0.486534 0.188739 0.037213 0.025137
10 0.518676 0.188826 0.021780 0.024945
0 0.565029 0.189895 0.029339 0.026241
28 0.452914 0.189289 0.022683 0.024579
11 0.422202 0.189881 0.028679 0.025744
3 0.614439 0.189662 0.027460 0.025269
8 0.371999 0.189903 0.022714 0.024598
11 0.748046 0.190633 0.029392 0.025920
3 0.344150 0.190177 0.026338 0.024378
9 0.590693 0.196553 0.016019 0.037064
15 0.778315 0.196609 0.024692 0.036838
21 0.643496 0.190727 0.025714 0.024293
7 0.394870 0.190881 0.017632 0.024120
33 0.710105 0.191011 0.040049 0.024061
4 0.839463 0.195458 0.033079 0.030348
20 0.805992 0.192480 0.027393 0.024252
15 0.435093 0.233627 0.025437 0.034302
11 0.618168 0.229908 0.028092 0.026658
0 0.566461 0.229729 0.030048 0.026091
20 0.514537 0.229453 0.028718 0.025251
3 0.482845 0.229517 0.029348 0.025280
3 0.618076 0.230004 0.028155 0.026238
37 0.756842 0.230821 0.033664 0.027342
25 0.378591 0.230124 0.029254 0.025489
4 0.687933 0.233670 0.039766 0.032251
3 0.348187 0.230362 0.029143 0.025588
17 0.593501 0.232465 0.015856 0.029730
3 0.650236 0.230555 0.027727 0.025883
3 0.723362 0.230156 0.026015 0.024925
22 0.408125 0.230417 0.024166 0.024806
24 0.456237 0.230257 0.016218 0.024340
21 0.318777 0.230994 0.026004 0.025687
25 0.789930 0.230796 0.029754 0.024444
3 0.863770 0.231168 0.027598 0.025113
22 0.818268 0.231580 0.023141 0.024343
26 0.840481 0.231579 0.015159 0.023832
17 0.840303 0.231612 0.014610 0.023711
4 0.586808 0.272429 0.037785 0.032668
3 0.501596 0.269568 0.028285 0.026805
0 0.533104 0.269361 0.029522 0.025859
8 0.426674 0.269332 0.023732 0.024968
3 0.623498 0.269734 0.028436 0.025707
34 0.454192 0.269488 0.028318 0.025105
5 0.317892 0.273815 0.031908 0.033172
34 0.348909 0.269947 0.029579 0.025337
28 0.399864 0.270221 0.025492 0.025357
15 0.682060 0.274425 0.025550 0.033742
17 0.558144 0.269869 0.015190 0.024571
3 0.711296 0.270905 0.028302 0.025827
21 0.653497 0.270616 0.026120 0.025225
9 0.376315 0.277803 0.015937 0.039186
11 0.742964 0.270961 0.028328 0.025422
34 0.772625 0.270734 0.026645 0.024358
0 0.818005 0.271223 0.027665 0.024807
17 0.841684 0.271724 0.015368 0.025186
15 0.542315 0.312492 0.026860 0.035333
4 0.330047 0.311356 0.041471 0.032756
22 0.513280 0.307836 0.023440 0.025267
4 0.576890 0.311216 0.038969 0.031202
11 0.368566 0.308778 0.029028 0.025952
25 0.705569 0.308451 0.029205 0.025146
25 0.483919 0.308338 0.029038 0.024880
33 0.423337 0.308775 0.041406 0.025263
22 0.734209 0.308755 0.023243 0.025209
10 0.457709 0.309053 0.021905 0.025473
3 0.673874 0.309336 0.029369 0.025688
25 0.641459 0.309161 0.029013 0.024924
3 0.864483 0.310043 0.028604 0.025702
17 0.393802 0.309462 0.014972 0.024336
21 0.612919 0.309912 0.026093 0.024849
36 0.782098 0.310342 0.030432 0.025455
17 0.756050 0.309902 0.014760 0.023892
30 0.818966 0.310039 0.034627 0.023924
4 0.819326 0.310269 0.033881 0.023956
25 0.529882 0.346664 0.028650 0.024596
11 0.641806 0.347367 0.029367 0.025721
27 0.487709 0.347577 0.030865 0.025820
3 0.673610 0.347627 0.028021 0.025732
34 0.484797 0.347398 0.025412 0.025179
22 0.557553 0.346881 0.022136 0.024118
25 0.455516 0.346908 0.028969 0.024052
2 0.328119 0.354382 0.039398 0.038804
34 0.724866 0.347928 0.026947 0.025586
12 0.700531 0.348501 0.021031 0.026721
17 0.578772 0.347333 0.014967 0.024294
3 0.854035 0.348727 0.027239 0.025764
32 0.386449 0.350809 0.034223 0.029886
9 0.411745 0.354818 0.015879 0.037185
0 0.756257 0.348585 0.028991 0.024385
21 0.824326 0.349196 0.025763 0.024818
24 0.801427 0.349424 0.015294 0.024617
3 0.471846 0.385695 0.028605 0.025845
11 0.502997 0.385864 0.028755 0.025197
11 0.382834 0.386298 0.028283 0.025420
27 0.422819 0.386123 0.047221 0.024960
28 0.352693 0.386710 0.025107 0.025220
3 0.323577 0.386765 0.027888 0.025201
22 0.556735 0.386056 0.021547 0.023668
21 0.637181 0.386733 0.025164 0.024822
25 0.755233 0.386547 0.028974 0.023968
24 0.578894 0.386516 0.015614 0.023699
28 0.531718 0.386996 0.023820 0.024473
22 0.782824 0.386919 0.021947 0.023646
32 0.696814 0.389455 0.031040 0.028659
3 0.725469 0.387343 0.026981 0.024126
17 0.802828 0.387195 0.015363 0.023338
35 0.604145 0.387189 0.034680 0.023325
34 0.787588 0.423782 0.024452 0.025596
13 0.708248 0.424006 0.023280 0.025529
25 0.759897 0.423575 0.027581 0.024420
25 0.565727 0.423887 0.030324 0.024588
28 0.457880 0.424804 0.026367 0.025993
8 0.662832 0.424426 0.023617 0.025182
37 0.531909 0.425124 0.033477 0.026441
2 0.422293 0.430092 0.041052 0.036231
8 0.615746 0.424762 0.023987 0.025531
17 0.686233 0.424468 0.015638 0.024501
28 0.733655 0.424921 0.024496 0.024988
7 0.592514 0.425243 0.016809 0.025340
7 0.639616 0.425138 0.017172 0.024948
20 0.382593 0.425715 0.030262 0.024926
28 0.351999 0.426397 0.025788 0.025860
29 0.324619 0.426706 0.026206 0.025732
8 0.798738 0.461076 0.023246 0.026052
4 0.707171 0.463004 0.038497 0.028728
13 0.853183 0.461736 0.021827 0.025581
34 0.740652 0.461436 0.026204 0.024976
21 0.827166 0.461699 0.026905 0.025397
4 0.585120 0.464746 0.039968 0.031386
21 0.639560 0.462215 0.027237 0.025463
2 0.520900 0.468046 0.040225 0.036435
17 0.873745 0.462485 0.015391 0.025278
3 0.670230 0.462394 0.029188 0.025025
3 0.430224 0.462805 0.028019 0.025660
36 0.477507 0.463000 0.031492 0.025305
26 0.771051 0.462557 0.026655 0.024361
25 0.398058 0.462667 0.029878 0.024507
7 0.553655 0.462551 0.015806 0.023894
21 0.368178 0.463956 0.026754 0.025157
4 0.331264 0.466725 0.041681 0.030408
18 0.734655 0.499405 0.029207 0.027912
4 0.395491 0.504281 0.041096 0.032725
4 0.519621 0.503807 0.038799 0.031741
36 0.288050 0.501307 0.030621 0.025718
0 0.704470 0.500929 0.027710 0.024876
0 0.673019 0.501224 0.029270 0.025442
3 0.482203 0.501518 0.028413 0.025513
17 0.427988 0.500794 0.015577 0.023835
21 0.451144 0.501403 0.026122 0.024860
11 0.768192 0.502053 0.028984 0.026006
36 0.640191 0.501022 0.029111 0.023837
2 0.331202 0.507074 0.040054 0.035464
24 0.550869 0.501330 0.015193 0.023696
26 0.610173 0.501479 0.023520 0.023592
7 0.362893 0.501777 0.015851 0.023490
14 0.834156 0.503644 0.037053 0.026795
35 0.577682 0.501802 0.035624 0.022925
28 0.799404 0.502843 0.025904 0.024893
4 0.395851 0.543209 0.039574 0.034077
25 0.810960 0.539129 0.028237 0.024643
4 0.521656 0.542605 0.039364 0.031155
3 0.482632 0.540125 0.028174 0.025902
14 0.331848 0.545108 0.039195 0.035674
8 0.733910 0.539940 0.022589 0.024991
20 0.865001 0.540196 0.028209 0.025013
20 0.704492 0.539901 0.028396 0.024288
28 0.783243 0.540623 0.024302 0.025545
28 0.632603 0.540196 0.023015 0.024579
24 0.678371 0.539643 0.015412 0.023294
9 0.757810 0.549481 0.019161 0.042669
24 0.553648 0.540330 0.017622 0.024346
22 0.657030 0.539973 0.021446 0.023254
21 0.451753 0.540835 0.026709 0.024809
17 0.427545 0.540480 0.015276 0.023713
35 0.582185 0.540032 0.034607 0.022697
7 0.363852 0.541159 0.017160 0.024241
25 0.566182 0.575844 0.027963 0.024172
29 0.675581 0.577091 0.027254 0.025636
4 0.400530 0.577094 0.034986 0.025343
4 0.502576 0.579918 0.039305 0.030335
0 0.324549 0.577771 0.028358 0.025920
1 0.444988 0.576942 0.028762 0.024142
22 0.726261 0.577250 0.022309 0.024461
34 0.617236 0.576726 0.024017 0.023196
1 0.754306 0.577530 0.028594 0.024563
21 0.700743 0.577450 0.025641 0.024271
22 0.593817 0.577024 0.021544 0.023365
21 0.538189 0.577505 0.025809 0.024232
36 0.837230 0.577558 0.028306 0.024161
21 0.806429 0.577941 0.027723 0.024903
17 0.472174 0.577873 0.015709 0.023728
17 0.781937 0.578564 0.015945 0.024487
0 0.323205 0.616168 0.027552 0.025687
3 0.803729 0.616352 0.028901 0.026040
3 0.835622 0.616477 0.028426 0.026000
28 0.680021 0.616111 0.023858 0.025084
4 0.378714 0.620028 0.039907 0.032811
13 0.632333 0.616279 0.022961 0.024624
21 0.654961 0.616617 0.024883 0.025232
11 0.771341 0.616732 0.028423 0.025204
14 0.713923 0.616660 0.037630 0.024963
25 0.497386 0.616410 0.031757 0.024428
21 0.432979 0.616949 0.026792 0.025168
3 0.464499 0.617435 0.029402 0.025875
17 0.409396 0.616730 0.015674 0.024343
7 0.525116 0.616439 0.016649 0.023691
35 0.573239 0.616652 0.035299 0.023872
24 0.545280 0.616834 0.016636 0.024184
7 0.745278 0.616843 0.016361 0.023956
26 0.605985 0.616955 0.024131 0.023629
17 0.348598 0.617898 0.015222 0.024067
18 0.327483 0.653667 0.029181 0.029337
4 0.829444 0.655966 0.041460 0.030529
34 0.672800 0.653185 0.025993 0.024821
22 0.295010 0.654304 0.027014 0.026685
14 0.589725 0.653471 0.037074 0.024888
0 0.772923 0.653735 0.030607 0.025332
11 0.643562 0.653089 0.025765 0.023927
13 0.507190 0.653278 0.024627 0.024283
27 0.673342 0.653238 0.026391 0.024027
3 0.413902 0.654317 0.029960 0.026047
7 0.619721 0.652982 0.015386 0.023209
21 0.530083 0.653617 0.025391 0.024463
28 0.555845 0.653676 0.024442 0.024503
34 0.743273 0.653846 0.024985 0.024074
17 0.799244 0.654366 0.015476 0.024207
11 0.380656 0.654801 0.028405 0.025061
5 0.716825 0.658452 0.027770 0.032299
9 0.354904 0.661212 0.016667 0.037342
26 0.445918 0.655245 0.026185 0.023881
26 0.478521 0.656259 0.027717 0.025825
24 0.862239 0.654868 0.016878 0.021925
25 0.767537 0.688183 0.030057 0.023842
3 0.799153 0.688690 0.029538 0.024442
3 0.720158 0.688595 0.027509 0.023725
4 0.513899 0.688860 0.032950 0.024105
24 0.743535 0.688807 0.016642 0.023412
10 0.482900 0.689077 0.021168 0.023764
22 0.611819 0.689178 0.021978 0.023618
3 0.423457 0.689792 0.027996 0.024661
25 0.454385 0.689378 0.029876 0.023667
4 0.662680 0.692049 0.035505 0.028770
21 0.565910 0.689997 0.026009 0.023979
24 0.541845 0.689361 0.016220 0.022635
17 0.589754 0.689756 0.014820 0.023414
17 0.633573 0.689742 0.016314 0.023059
28 0.374688 0.690448 0.025622 0.024100
28 0.565646 0.690200 0.025388 0.023515
24 0.397927 0.690308 0.015438 0.023169
26 0.294534 0.692566 0.031291 0.027611
13 0.323918 0.691057 0.020622 0.024570
21 0.346701 0.690955 0.024435 0.023276
15 0.729929 0.729286 0.022820 0.033278
25 0.522514 0.725166 0.030513 0.024629
10 0.551490 0.725235 0.021531 0.024713
4 0.615493 0.728402 0.037936 0.030957
34 0.649782 0.725522 0.026314 0.024583
3 0.579110 0.725637 0.027215 0.024263
36 0.681644 0.725363 0.030188 0.023596
28 0.753515 0.725982 0.025346 0.024266
11 0.783998 0.726034 0.028319 0.024262
34 0.440603 0.726602 0.027997 0.024854
1 0.389069 0.727311 0.030052 0.025492
13 0.811726 0.726180 0.021443 0.022881
21 0.836140 0.726518 0.025778 0.023483
9 0.416433 0.733700 0.017268 0.037362
34 0.357646 0.727745 0.027001 0.024675
26 0.293310 0.728991 0.031341 0.026946
25 0.327307 0.727523 0.026881 0.023975
18 0.736220 0.762041 0.028820 0.027691
25 0.705454 0.762349 0.028343 0.025319
3 0.769486 0.763027 0.028990 0.025328
34 0.656492 0.763453 0.026930 0.025179
22 0.820386 0.763893 0.024626 0.025969
24 0.796358 0.763091 0.017627 0.024127
25 0.535165 0.763340 0.027649 0.024529
3 0.504550 0.764178 0.029535 0.025319
0 0.293591 0.766155 0.032927 0.029042
10 0.562815 0.764017 0.021843 0.024524
11 0.472499 0.764298 0.027490 0.025070
1 0.627836 0.764079 0.027781 0.023997
24 0.680696 0.764036 0.017724 0.023737
3 0.440505 0.765077 0.027340 0.025341
3 0.345001 0.766271 0.028603 0.025053
32 0.411915 0.768049 0.033959 0.028152
9 0.319559 0.775455 0.015310 0.042202