25 0.467310 0.142026 0.029776 0.024239
34 0.418545 0.142236 0.026095 0.024441
4 0.504254 0.145406 0.038826 0.030462
15 0.538641 0.148598 0.024141 0.035974
24 0.442750 0.143131 0.015084 0.024818
25 0.565552 0.142738 0.027778 0.023599
4 0.677956 0.146339 0.037631 0.030412
22 0.593352 0.143105 0.021076 0.023699
1 0.389482 0.143738 0.030005 0.024878
17 0.615009 0.143614 0.015315 0.024297
36 0.640756 0.144134 0.029024 0.024676
15 0.710975 0.148191 0.023235 0.032698
33 0.741520 0.144403 0.039323 0.023721
35 0.353149 0.145036 0.033737 0.024646
25 0.815622 0.144680 0.027613 0.023485
9 0.792775 0.150436 0.016366 0.034378
7 0.773342 0.145374 0.017250 0.024063
22 0.842823 0.145578 0.022680 0.024354
24 0.325712 0.144880 0.016585 0.022792
0 0.463417 0.182722 0.029462 0.025315
3 0.361388 0.183819 0.028541 0.025709
4 0.519888 0.186163 0.038946 0.030279
11 0.329441 0.183814 0.028543 0.025247
15 0.423435 0.188767 0.025381 0.034966
11 0.557582 0.184236 0.027577 0.025420
1 0.392583 0.184031 0.028814 0.024998
17 0.489695 0.183758 0.015690 0.024435
25 0.667689 0.184369 0.028185 0.025103
22 0.696318 0.184612 0.022289 0.025338
4 0.754399 0.188353 0.038148 0.032065
33 0.611429 0.184648 0.036310 0.024652
10 0.642725 0.184816 0.019946 0.024703
17 0.584384 0.184468 0.016047 0.023869
25 0.818193 0.185570 0.029065 0.025761
3 0.847902 0.187060 0.028451 0.027059
21 0.789247 0.186451 0.024882 0.024169
15 0.581878 0.228823 0.025065 0.036631
8 0.554138 0.223329 0.023345 0.025640
22 0.360173 0.223308 0.022828 0.025367
25 0.331093 0.223202 0.029790 0.024889
32 0.496790 0.225729 0.035706 0.029720
36 0.410701 0.223605 0.029059 0.024361
28 0.528068 0.223745 0.024636 0.024289
4 0.658610 0.227205 0.039286 0.030760
32 0.606811 0.226581 0.029307 0.029016
7 0.628522 0.224450 0.016028 0.024317
34 0.691647 0.224706 0.025793 0.024800
25 0.785757 0.224278 0.027876 0.023544
32 0.720627 0.227616 0.031955 0.029599
3 0.833818 0.225768 0.028219 0.025441
24 0.762725 0.225074 0.017888 0.022970
17 0.809894 0.225534 0.015216 0.022749
3 0.440083 0.260168 0.027892 0.025935
11 0.471260 0.260268 0.028155 0.025424
0 0.389878 0.260837 0.028912 0.025508
18 0.711397 0.262076 0.027049 0.027742
3 0.543954 0.261276 0.028064 0.025775
3 0.359520 0.261162 0.027844 0.025417
3 0.605161 0.261562 0.028617 0.025321
25 0.574085 0.260804 0.027039 0.023535
17 0.497864 0.261619 0.016839 0.024795
11 0.329866 0.261638 0.027509 0.024791
25 0.636628 0.261916 0.029636 0.025123
24 0.517892 0.261578 0.016707 0.024439
7 0.663242 0.262899 0.017517 0.024105
8 0.685619 0.263490 0.022409 0.024527
21 0.757502 0.264013 0.025413 0.025535
34 0.862316 0.264383 0.025780 0.025521
17 0.780403 0.264266 0.014369 0.024481
7 0.823502 0.264253 0.015797 0.023896
24 0.841049 0.264130 0.015604 0.023332
22 0.801770 0.264712 0.021878 0.024221
15 0.360273 0.309149 0.025492 0.041891
20 0.477902 0.301599 0.029185 0.026339
15 0.652281 0.308152 0.026066 0.039116
20 0.390860 0.301757 0.029985 0.026031
3 0.444917 0.301908 0.028927 0.026250
15 0.559210 0.304263 0.024927 0.030472
11 0.329417 0.302713 0.028815 0.026870
24 0.506891 0.302365 0.018055 0.025163
8 0.624870 0.302166 0.022961 0.024614
24 0.418196 0.302061 0.016445 0.024306
33 0.590977 0.302435 0.039454 0.024769
22 0.742439 0.302865 0.021934 0.023967
3 0.788155 0.303490 0.027289 0.024818
24 0.719712 0.303722 0.016961 0.024234
17 0.764064 0.303608 0.014125 0.023915
26 0.695344 0.304862 0.025290 0.025443
34 0.846435 0.304919 0.026731 0.025128
5 0.816814 0.308823 0.028782 0.032489
18 0.424456 0.339756 0.030457 0.028761
18 0.370263 0.340333 0.028808 0.028995
18 0.878800 0.340764 0.026851 0.028853
3 0.532826 0.341264 0.029550 0.026580
34 0.487032 0.341225 0.029001 0.025762
5 0.455117 0.345193 0.031237 0.033146
1 0.730436 0.342067 0.028888 0.026412
21 0.593143 0.342010 0.026119 0.025873
27 0.765838 0.341881 0.037542 0.025087
20 0.623826 0.341918 0.028770 0.024848
34 0.760430 0.342028 0.025910 0.024534
13 0.324754 0.342727 0.023346 0.025715
22 0.853171 0.342371 0.022624 0.024959
24 0.399112 0.341815 0.017364 0.023780
26 0.564762 0.342582 0.026450 0.025245
7 0.829988 0.342207 0.016737 0.024465
11 0.804968 0.342491 0.026834 0.024835
32 0.654969 0.345148 0.033942 0.030070
24 0.704543 0.343269 0.017449 0.025276
18 0.355217 0.379271 0.026757 0.028627
3 0.454706 0.379886 0.030679 0.026359
3 0.653273 0.380065 0.029918 0.025821
3 0.421513 0.380668 0.029235 0.026965
11 0.387917 0.380729 0.031714 0.026804
26 0.627123 0.382885 0.016457 0.030011
0 0.600401 0.381048 0.029966 0.026312
3 0.685604 0.380723 0.028049 0.025521
4 0.723735 0.383365 0.037763 0.030745
32 0.325035 0.383712 0.036225 0.031127
34 0.806266 0.381350 0.026271 0.025740
24 0.830475 0.381112 0.016540 0.025260
3 0.505983 0.381165 0.027783 0.024988
25 0.853983 0.381157 0.028325 0.024852
34 0.756491 0.381338 0.025498 0.025113
7 0.572484 0.381116 0.017716 0.024426
22 0.781923 0.381419 0.021127 0.024790
33 0.542260 0.381744 0.040435 0.024805
3 0.577097 0.418784 0.029210 0.026287
3 0.847368 0.419011 0.028880 0.026258
34 0.529836 0.418753 0.027941 0.024989
11 0.499239 0.419467 0.029966 0.026269
4 0.616166 0.422159 0.041215 0.031394
27 0.656463 0.419746 0.035632 0.026470
0 0.362161 0.419525 0.029215 0.025856
27 0.810034 0.419337 0.039993 0.025456
8 0.468167 0.419654 0.025291 0.025991
11 0.773127 0.419807 0.029143 0.026269
10 0.745073 0.419233 0.020961 0.025074
34 0.653055 0.419492 0.028136 0.025542
9 0.388499 0.428027 0.018202 0.042560
11 0.438979 0.419665 0.029636 0.025499
3 0.329073 0.419678 0.029179 0.025442
21 0.718274 0.419569 0.026138 0.024749
24 0.691372 0.419567 0.021114 0.024543
7 0.411095 0.419806 0.017137 0.024971
8 0.787065 0.455800 0.024358 0.025668
11 0.723682 0.456004 0.028281 0.025260
25 0.406784 0.455579 0.028294 0.024156
20 0.756025 0.456202 0.030346 0.025221
13 0.841994 0.456523 0.022902 0.025660
36 0.755909 0.456323 0.030076 0.025228
1 0.553454 0.456521 0.028409 0.025562
34 0.649837 0.456292 0.027227 0.024993
22 0.622946 0.456452 0.025638 0.024947
3 0.520236 0.456610 0.027670 0.025106
9 0.382970 0.462830 0.016956 0.037384
34 0.580962 0.456553 0.026786 0.024759
21 0.815725 0.456571 0.026337 0.024786
11 0.488713 0.456458 0.029028 0.024549
22 0.437054 0.456296 0.024269 0.024224
22 0.676809 0.456336 0.022667 0.024023
7 0.359889 0.457267 0.017051 0.025761
33 0.328105 0.457118 0.040652 0.024523
17 0.699208 0.456547 0.015036 0.023336
11 0.430564 0.493740 0.028267 0.025767
28 0.399352 0.493664 0.024975 0.024773
15 0.344400 0.499991 0.023943 0.037297
25 0.746918 0.493805 0.029619 0.024098
3 0.464280 0.494534 0.028206 0.025325
11 0.803608 0.494668 0.027047 0.025277
7 0.722299 0.494557 0.017389 0.024714
5 0.370027 0.498869 0.028410 0.033251
22 0.550846 0.494618 0.024040 0.024694
34 0.577987 0.494309 0.027026 0.023978
21 0.697374 0.494764 0.026476 0.024840
0 0.630319 0.495081 0.029321 0.025105
28 0.833047 0.495608 0.025895 0.025933
24 0.603614 0.495710 0.017644 0.025500
24 0.674122 0.495526 0.016418 0.023639
17 0.655308 0.496025 0.014585 0.023627
8 0.399658 0.533625 0.024230 0.027205
25 0.588533 0.533149 0.031580 0.025579
21 0.430329 0.533618 0.027275 0.025711
28 0.721437 0.533357 0.026097 0.025166
0 0.767706 0.533878 0.029153 0.026120
13 0.619373 0.533187 0.023188 0.024669
13 0.459188 0.533676 0.021733 0.025391
10 0.540442 0.534148 0.022361 0.026200
3 0.819427 0.534125 0.027778 0.026118
5 0.694909 0.537284 0.027749 0.032124
17 0.641565 0.534887 0.016465 0.026632
25 0.512449 0.533771 0.028412 0.024397
34 0.369894 0.534819 0.028765 0.026285
24 0.562969 0.534547 0.017107 0.025052
10 0.867395 0.534650 0.020447 0.024177
32 0.484730 0.536700 0.035699 0.027672
8 0.518561 0.570656 0.023479 0.026625
3 0.586247 0.570699 0.029127 0.025877
11 0.736467 0.570792 0.027021 0.025693
3 0.704834 0.570937 0.028266 0.024992
22 0.616099 0.571134 0.023693 0.025205
24 0.789906 0.570784 0.015449 0.023132
28 0.766105 0.571401 0.026182 0.024313
11 0.381496 0.571865 0.029149 0.025183
3 0.349086 0.572036 0.027062 0.025149
17 0.638338 0.571743 0.015246 0.024540
34 0.476513 0.571626 0.029100 0.024144
11 0.444992 0.572457 0.028359 0.025488
7 0.543204 0.571756 0.019321 0.023569
28 0.414530 0.572250 0.025120 0.024170
3 0.729530 0.608610 0.029188 0.026812
3 0.801463 0.608998 0.027342 0.025729
36 0.834011 0.609343 0.030969 0.025659
4 0.766144 0.611702 0.037599 0.030362
3 0.615489 0.609235 0.028547 0.025343
3 0.696354 0.608908 0.027996 0.024644
14 0.556633 0.609346 0.039135 0.025295
36 0.453985 0.609399 0.031077 0.025311
11 0.385538 0.609868 0.030279 0.025893
11 0.489814 0.609754 0.028813 0.025590
3 0.419835 0.610012 0.029766 0.026003
0 0.646670 0.609396 0.027287 0.024683
28 0.521258 0.610074 0.025897 0.025303
7 0.588563 0.609752 0.017323 0.024562
7 0.357275 0.610412 0.017946 0.024822
33 0.324096 0.610836 0.042362 0.024463
34 0.726910 0.644543 0.025588 0.023439
28 0.587938 0.645004 0.023685 0.023182
4 0.763264 0.647983 0.043820 0.028975
22 0.701891 0.645399 0.021965 0.023353
28 0.798357 0.645590 0.024718 0.023574
7 0.634817 0.645442 0.015794 0.023230
22 0.614209 0.645111 0.021921 0.022309
3 0.525747 0.645572 0.026004 0.023223
33 0.423470 0.645908 0.038679 0.023591
21 0.658042 0.646087 0.026655 0.023901
1 0.366254 0.646177 0.030035 0.023397
0 0.477978 0.646241 0.028270 0.023446
7 0.680949 0.645983 0.015360 0.022674
34 0.839361 0.646315 0.023795 0.022890
27 0.839723 0.646568 0.023317 0.023264
17 0.503003 0.647216 0.014520 0.023934
4 0.331903 0.647469 0.031335 0.024322
7 0.453385 0.647041 0.016306 0.023227
28 0.870135 0.681550 0.023150 0.024544
9 0.742726 0.684545 0.014386 0.030135
28 0.694746 0.681549 0.023886 0.024117
4 0.796713 0.684389 0.035334 0.029674
22 0.614534 0.681112 0.022837 0.022995
22 0.720687 0.681342 0.021738 0.023427
25 0.586870 0.681694 0.027540 0.023598
28 0.763442 0.682185 0.023556 0.023759
22 0.845848 0.681875 0.021199 0.022943
34 0.465556 0.682279 0.027055 0.023572
9 0.563638 0.686741 0.015512 0.032198
11 0.359152 0.683436 0.027432 0.025258
36 0.409314 0.682503 0.029792 0.023363
33 0.514764 0.682547 0.034626 0.023263
22 0.440101 0.682429 0.022908 0.022666
7 0.544320 0.682992 0.017049 0.023598
17 0.383937 0.683244 0.015525 0.023720
3 0.328916 0.684025 0.026869 0.024195
18 0.779686 0.717547 0.027135 0.026997
4 0.675604 0.720314 0.037036 0.030467
3 0.586645 0.718243 0.026672 0.025232
11 0.554895 0.718184 0.028062 0.024982
28 0.866725 0.718523 0.023755 0.024936
3 0.730880 0.718448 0.028744 0.024644
22 0.841673 0.718351 0.022328 0.024257
36 0.811986 0.718840 0.030061 0.024442
24 0.756701 0.719344 0.016290 0.024753
7 0.528879 0.718915 0.016400 0.023771
17 0.705820 0.719077 0.014796 0.023957
0 0.395949 0.719258 0.028559 0.024204
33 0.497733 0.719245 0.040078 0.024145
7 0.368959 0.719976 0.016504 0.024521
21 0.444987 0.719792 0.027296 0.024136
17 0.421450 0.719557 0.014393 0.023536
22 0.326598 0.719483 0.021936 0.023255
24 0.348180 0.720196 0.016529 0.023585
2 0.560901 0.761613 0.038380 0.037262
21 0.844621 0.755553 0.025085 0.024330
4 0.762007 0.758455 0.038703 0.030091
3 0.627125 0.756116 0.027145 0.025345
3 0.815691 0.755679 0.026849 0.024345
28 0.727714 0.756741 0.025294 0.026301
11 0.596984 0.755649 0.026922 0.023911
28 0.506725 0.756634 0.025067 0.025269
17 0.867505 0.756109 0.015526 0.023952
11 0.432968 0.756879 0.028966 0.025401
28 0.362423 0.757379 0.026441 0.026212
3 0.332126 0.757350 0.028500 0.025914
17 0.791990 0.756332 0.014389 0.023869
22 0.479714 0.756717 0.023085 0.024084
9 0.387129 0.767218 0.015539 0.045079
24 0.530483 0.757333 0.017226 0.024761
26 0.406278 0.757253 0.015262 0.023897
24 0.704644 0.757106 0.016099 0.023560
17 0.406323 0.757126 0.015632 0.023244
17 0.457349 0.757285 0.014321 0.023501