29 0.675979 0.142958 0.026725 0.028418
28 0.648276 0.142320 0.025323 0.025842
8 0.185691 0.142390 0.023739 0.025797
11 0.547020 0.142202 0.026344 0.025305
11 0.156775 0.142243 0.027325 0.024851
4 0.466965 0.145757 0.037971 0.031333
11 0.215635 0.143137 0.028254 0.025408
8 0.621554 0.142621 0.023160 0.024210
34 0.499484 0.143708 0.025278 0.026144
4 0.294690 0.146111 0.038180 0.030873
17 0.571329 0.142705 0.013846 0.023783
34 0.243489 0.143620 0.025891 0.025131
28 0.432505 0.143730 0.023965 0.024706
26 0.594195 0.143153 0.025048 0.023319
34 0.327030 0.143835 0.023859 0.024543
3 0.376106 0.144473 0.026766 0.025196
24 0.350568 0.144334 0.016646 0.023558
18 0.316136 0.183530 0.028463 0.031008
22 0.611231 0.183081 0.023556 0.026706
12 0.150908 0.183798 0.022529 0.027553
8 0.202714 0.183327 0.023055 0.026304
1 0.639988 0.183288 0.028322 0.024760
28 0.176438 0.183669 0.023903 0.024963
20 0.718732 0.183698 0.027360 0.024349
21 0.583318 0.184571 0.026617 0.025871
21 0.689774 0.184027 0.027135 0.024739
29 0.556236 0.185174 0.026264 0.026331
17 0.665010 0.183862 0.015362 0.023003
7 0.225733 0.185020 0.015753 0.024669
4 0.281039 0.188568 0.039118 0.031633
12 0.247426 0.185900 0.023445 0.025922
9 0.340014 0.193240 0.016890 0.039643
25 0.448084 0.185414 0.028547 0.023884
22 0.476588 0.185760 0.022335 0.024474
36 0.524012 0.185747 0.029750 0.023922
11 0.366019 0.186836 0.027040 0.024582
36 0.417468 0.186901 0.030582 0.023726
11 0.616759 0.223546 0.028167 0.027450
3 0.585598 0.223686 0.027582 0.026118
0 0.668826 0.223636 0.030043 0.025672
9 0.693866 0.229291 0.016008 0.036771
7 0.711863 0.223666 0.018144 0.025476
8 0.149711 0.223864 0.022476 0.025732
7 0.642930 0.223384 0.016446 0.024451
3 0.554699 0.224467 0.027836 0.026189
27 0.518522 0.224484 0.038914 0.025442
3 0.179834 0.224694 0.028684 0.024932
36 0.213146 0.224816 0.030255 0.025040
11 0.483738 0.225373 0.027143 0.024811
3 0.261045 0.226085 0.027337 0.025937
25 0.452202 0.225817 0.028346 0.024987
28 0.423833 0.226447 0.024594 0.025439
0 0.312056 0.226088 0.028144 0.024644
22 0.377393 0.226374 0.021079 0.025086
7 0.286544 0.226822 0.016712 0.025870
7 0.355236 0.226409 0.015915 0.024340
9 0.398958 0.232992 0.016247 0.037047
18 0.192121 0.260080 0.027160 0.030851
4 0.157245 0.265066 0.039765 0.031763
11 0.223061 0.262935 0.027203 0.025732
3 0.683278 0.262894 0.027281 0.025498
10 0.249020 0.263812 0.019822 0.025715
28 0.711112 0.264146 0.024846 0.025999
34 0.608647 0.263967 0.025814 0.024394
11 0.276363 0.264565 0.027812 0.025386
22 0.554327 0.264050 0.022747 0.023669
21 0.526718 0.264807 0.025875 0.024809
34 0.304139 0.264312 0.024007 0.023576
34 0.393602 0.264512 0.025892 0.023786
1 0.581880 0.264808 0.028558 0.024301
27 0.460947 0.264691 0.030612 0.023910
29 0.501652 0.264938 0.024334 0.024168
8 0.434530 0.265118 0.021309 0.023394
24 0.372041 0.265858 0.016195 0.023060
29 0.152691 0.301957 0.027244 0.026542
28 0.179984 0.302482 0.026180 0.025259
29 0.664607 0.303249 0.025524 0.026630
11 0.240588 0.303466 0.026806 0.025572
21 0.209907 0.303393 0.027350 0.024804
34 0.267954 0.303678 0.025159 0.025325
7 0.689269 0.303270 0.017869 0.024432
11 0.439129 0.303842 0.027351 0.025559
28 0.597462 0.303960 0.025750 0.025537
4 0.503110 0.307259 0.038482 0.031539
9 0.622965 0.311857 0.017164 0.040586
11 0.565796 0.304045 0.028371 0.024577
28 0.468079 0.304282 0.024845 0.024771
34 0.536047 0.304409 0.025587 0.024980
3 0.313349 0.304732 0.026491 0.025607
7 0.641580 0.304286 0.016720 0.024635
21 0.385519 0.304676 0.027304 0.025254
25 0.359860 0.304376 0.027440 0.023657
24 0.337883 0.304367 0.015623 0.023445
3 0.225450 0.342112 0.027158 0.025940
24 0.145445 0.342084 0.018602 0.025259
27 0.710789 0.343180 0.041332 0.026537
34 0.440983 0.342532 0.025629 0.024557
27 0.450001 0.342724 0.044532 0.023897
15 0.301417 0.347627 0.024499 0.033608
8 0.383660 0.343255 0.022783 0.024624
11 0.412316 0.343614 0.027573 0.025339
25 0.651072 0.343437 0.029157 0.024861
22 0.678824 0.342918 0.021733 0.023754
3 0.543847 0.343413 0.027158 0.024698
24 0.250205 0.343432 0.016055 0.024200
24 0.519504 0.343470 0.015292 0.023953
7 0.360918 0.344211 0.016580 0.025318
9 0.627139 0.351604 0.015469 0.040084
21 0.273265 0.343606 0.025018 0.023923
33 0.331072 0.343929 0.038634 0.024364
35 0.173260 0.344075 0.036176 0.024367
33 0.577683 0.344626 0.037871 0.024736
10 0.259809 0.381655 0.020409 0.025521
25 0.524900 0.380966 0.028339 0.023813
10 0.553091 0.381621 0.020686 0.025113
2 0.176738 0.385695 0.038444 0.032870
34 0.679757 0.381921 0.026911 0.024846
0 0.380561 0.381554 0.028067 0.024110
9 0.405088 0.390052 0.015569 0.040740
28 0.476323 0.382166 0.025361 0.024953
24 0.145475 0.381784 0.016317 0.024048
24 0.500622 0.381585 0.016573 0.023604
11 0.233426 0.382245 0.026641 0.024912
4 0.646376 0.384974 0.036885 0.030178
32 0.447999 0.384752 0.033117 0.029540
28 0.612293 0.382524 0.025204 0.025051
24 0.281767 0.382712 0.016009 0.025372
22 0.334504 0.382359 0.022717 0.024577
25 0.306492 0.382353 0.027419 0.024335
11 0.581821 0.382535 0.027302 0.024596
17 0.356470 0.382524 0.014388 0.024108
18 0.419980 0.418636 0.026653 0.027142
25 0.518336 0.417602 0.028621 0.024454
1 0.192649 0.418618 0.030043 0.024595
27 0.556879 0.418901 0.043018 0.024539
34 0.475967 0.419175 0.026483 0.024828
5 0.447510 0.422290 0.026303 0.030363
28 0.348619 0.419404 0.023947 0.024160
22 0.239851 0.418892 0.021131 0.023040
24 0.397604 0.419754 0.017007 0.024721
22 0.589056 0.419526 0.021727 0.024182
17 0.219077 0.419210 0.014108 0.023520
22 0.375250 0.419525 0.022877 0.024120
28 0.266073 0.419961 0.025996 0.024945
32 0.643822 0.422303 0.031739 0.029189
1 0.321413 0.419663 0.027817 0.023828
21 0.614398 0.420534 0.026552 0.025054
29 0.668999 0.420800 0.024835 0.025440
32 0.292301 0.421422 0.028014 0.026555
25 0.167926 0.454669 0.027030 0.024197
15 0.221865 0.460921 0.023045 0.036683
22 0.196238 0.455002 0.022522 0.024079
24 0.145058 0.455158 0.015101 0.023670
3 0.515468 0.456266 0.026420 0.024852
14 0.286401 0.456044 0.035547 0.024117
3 0.320117 0.456269 0.024880 0.024546
36 0.249372 0.456072 0.029176 0.024094
8 0.375570 0.456663 0.022305 0.025179
4 0.481442 0.459270 0.036538 0.030044
4 0.622050 0.459122 0.039129 0.029727
11 0.349036 0.456893 0.025584 0.025014
11 0.403895 0.457143 0.026813 0.025486
12 0.571815 0.457638 0.021989 0.026192
3 0.545161 0.456829 0.026098 0.024377
34 0.431851 0.456991 0.025697 0.023975
11 0.658161 0.457800 0.027973 0.025010
27 0.694780 0.458301 0.040007 0.025953
7 0.592075 0.457140 0.016269 0.023553
18 0.254020 0.493322 0.028950 0.030504
18 0.537720 0.493652 0.026212 0.028338
3 0.596403 0.494564 0.028046 0.025416
5 0.564630 0.498494 0.028326 0.032035
3 0.193557 0.494778 0.027667 0.024535
3 0.349153 0.495718 0.026741 0.026409
4 0.157208 0.498459 0.037822 0.031660
3 0.689375 0.495201 0.029134 0.025023
24 0.230188 0.494894 0.016258 0.023446
17 0.638852 0.495326 0.015564 0.024217
21 0.510933 0.495712 0.024860 0.024941
22 0.660718 0.495252 0.022219 0.023995
25 0.482204 0.495847 0.028403 0.024690
0 0.436307 0.496542 0.028002 0.025117
11 0.379775 0.496862 0.026951 0.025367
32 0.284564 0.498707 0.031464 0.029009
28 0.408140 0.496869 0.024304 0.024006
35 0.316722 0.497408 0.031807 0.022916
18 0.415239 0.532681 0.030445 0.028514
18 0.262680 0.532221 0.026141 0.027469
4 0.620318 0.534318 0.039450 0.030616
34 0.656459 0.532409 0.027376 0.025839
4 0.561653 0.535169 0.038474 0.031267
23 0.492580 0.537890 0.029727 0.036547
3 0.524743 0.532908 0.028409 0.025178
4 0.158617 0.536051 0.038448 0.031389
25 0.234292 0.532516 0.027138 0.023974
24 0.211748 0.533289 0.016199 0.024162
3 0.306641 0.533798 0.025954 0.023624
17 0.590913 0.534120 0.017097 0.024260
24 0.389906 0.534818 0.016271 0.024961
28 0.462916 0.535221 0.024224 0.025260
33 0.339921 0.534706 0.036394 0.023663
9 0.440351 0.541151 0.015090 0.035262
7 0.369151 0.535854 0.017194 0.024579
34 0.675311 0.570826 0.027635 0.024471
3 0.621044 0.571230 0.027581 0.025272
11 0.488094 0.571676 0.026585 0.025437
22 0.649093 0.571123 0.021605 0.023928
34 0.591619 0.571130 0.025795 0.023891
3 0.153609 0.571627 0.027239 0.024795
3 0.255433 0.571560 0.026691 0.024471
34 0.516740 0.571417 0.026253 0.024079
25 0.562957 0.571913 0.028003 0.024875
9 0.206343 0.582469 0.017132 0.045872
34 0.358108 0.572138 0.026476 0.025132
3 0.458377 0.572162 0.026396 0.024847
10 0.227993 0.571652 0.020151 0.023822
22 0.332885 0.571984 0.023233 0.024073
12 0.280484 0.572252 0.020451 0.024546
36 0.401777 0.572263 0.028394 0.023801
32 0.430510 0.574614 0.029842 0.028352
20 0.664234 0.608960 0.029264 0.024575
4 0.582648 0.612359 0.037743 0.030597
25 0.172765 0.609232 0.027807 0.024326
21 0.634769 0.609825 0.025537 0.025501
34 0.201648 0.609456 0.025974 0.024758
34 0.273521 0.610540 0.026011 0.025915
25 0.513732 0.609907 0.029353 0.024438
3 0.383862 0.610913 0.028002 0.025768
22 0.411884 0.610768 0.021919 0.025372
5 0.245917 0.613440 0.024008 0.030649
0 0.304405 0.610938 0.027966 0.025228
17 0.611789 0.610540 0.014741 0.024109
29 0.352738 0.612128 0.025210 0.026899
28 0.436768 0.611540 0.024658 0.025604
17 0.329996 0.611306 0.015863 0.024520
35 0.543863 0.611152 0.032750 0.023620
3 0.675907 0.646146 0.027115 0.024566
8 0.334239 0.646837 0.022214 0.024871
3 0.216798 0.646788 0.025116 0.024163
14 0.610414 0.647003 0.036507 0.024231
8 0.387118 0.647045 0.022349 0.024106
32 0.186929 0.649257 0.032281 0.028375
13 0.290616 0.646738 0.022806 0.023167
17 0.312776 0.647303 0.014942 0.023963
17 0.269673 0.647232 0.013731 0.022891
21 0.414575 0.648206 0.024472 0.024176
21 0.551310 0.648060 0.024035 0.023117
13 0.439797 0.648124 0.022576 0.023238
0 0.485447 0.648688 0.026810 0.024267
24 0.528833 0.648651 0.016511 0.023685
17 0.509825 0.648783 0.015005 0.023805
18 0.555430 0.682117 0.028898 0.029344
28 0.178679 0.683410 0.025952 0.025274
11 0.630356 0.683863 0.028602 0.026067
22 0.151805 0.683602 0.023732 0.024741
28 0.661896 0.684074 0.026419 0.025496
14 0.593625 0.684137 0.039251 0.025114
0 0.225117 0.684364 0.028388 0.025475
13 0.508536 0.684621 0.023174 0.025478
3 0.274100 0.684775 0.026765 0.025642
4 0.440272 0.687506 0.038901 0.030487
3 0.346287 0.685545 0.027388 0.025368
11 0.377078 0.685812 0.027239 0.025528
28 0.405953 0.685800 0.024012 0.025334
35 0.479420 0.686054 0.033427 0.023399
8 0.572879 0.721515 0.023516 0.025787
25 0.631197 0.721533 0.029730 0.025292
13 0.152345 0.721838 0.025195 0.025479
22 0.660143 0.722069 0.024543 0.025568
28 0.601194 0.722508 0.026190 0.026426
17 0.682593 0.722211 0.016023 0.025158
11 0.231302 0.722416 0.027310 0.025479
3 0.199861 0.722237 0.026868 0.025037
0 0.283363 0.723011 0.029705 0.025384
7 0.257310 0.722321 0.016606 0.023898
28 0.546639 0.723139 0.025126 0.025481
25 0.330659 0.722719 0.028963 0.023893
13 0.483092 0.723544 0.023621 0.025005
9 0.357733 0.729346 0.016491 0.035057
28 0.457829 0.724217 0.023196 0.024478
11 0.429919 0.724579 0.027521 0.025069
8 0.401029 0.724825 0.022844 0.025003
9 0.523341 0.731939 0.015839 0.039091
17 0.505034 0.724489 0.015280 0.023779
7 0.377776 0.724568 0.017268 0.023477
36 0.156312 0.759231 0.031241 0.026445
20 0.672693 0.759099 0.029770 0.025837
13 0.186749 0.758708 0.024264 0.024261
3 0.242575 0.759400 0.026206 0.024642
3 0.596585 0.759832 0.027908 0.025379
21 0.624895 0.760015 0.025352 0.024855
17 0.646765 0.760311 0.014797 0.024820
32 0.369997 0.763078 0.032488 0.029576
8 0.416945 0.760862 0.023873 0.024886
4 0.502238 0.764074 0.039455 0.030485
9 0.440191 0.770679 0.016218 0.043373
3 0.465191 0.761982 0.026511 0.025502
17 0.323764 0.760916 0.015702 0.023260
24 0.570889 0.761885 0.018020 0.024522
35 0.542662 0.762383 0.035208 0.024363