18 0.329321 0.146265 0.028385 0.029197
5 0.358162 0.150037 0.028011 0.031223
11 0.624324 0.147089 0.027266 0.025057
3 0.564752 0.147072 0.027859 0.024775
14 0.693581 0.146905 0.050076 0.024200
13 0.536978 0.146764 0.021324 0.023792
28 0.454287 0.146963 0.024403 0.024136
28 0.652739 0.147503 0.024602 0.025144
34 0.386410 0.146796 0.026286 0.023565
26 0.594224 0.147638 0.024551 0.025207
32 0.425408 0.149238 0.032298 0.028330
33 0.486597 0.147268 0.037277 0.024153
22 0.240011 0.147498 0.023300 0.024519
24 0.306228 0.147269 0.016039 0.023907
22 0.283534 0.147519 0.021401 0.024248
3 0.210444 0.148176 0.027701 0.025013
17 0.261718 0.147962 0.014224 0.023878
18 0.260324 0.186401 0.026955 0.029175
18 0.308736 0.187008 0.029703 0.029233
34 0.628545 0.186644 0.025664 0.024464
1 0.600947 0.186895 0.027709 0.024846
36 0.600846 0.187142 0.027794 0.024931
34 0.367091 0.187204 0.025976 0.024702
34 0.695221 0.187289 0.026032 0.024301
5 0.338542 0.191175 0.028461 0.032032
3 0.409634 0.187395 0.026781 0.024460
24 0.575083 0.187290 0.017409 0.024135
5 0.667498 0.190378 0.025799 0.030096
10 0.552863 0.187587 0.020735 0.024430
5 0.163050 0.190485 0.029243 0.030181
9 0.238004 0.193207 0.015429 0.035234
32 0.526437 0.190424 0.033078 0.029628
34 0.191210 0.187405 0.023942 0.023483
13 0.217403 0.187890 0.021529 0.024312
21 0.466828 0.187883 0.026318 0.024299
24 0.284908 0.188186 0.015093 0.024177
26 0.437635 0.187924 0.024536 0.023591
18 0.584946 0.226850 0.028014 0.028100
18 0.306939 0.227506 0.026725 0.027403
34 0.639247 0.227770 0.026181 0.024713
11 0.169483 0.228417 0.028076 0.025911
8 0.614601 0.228608 0.023271 0.026277
3 0.367888 0.228096 0.026842 0.025222
3 0.711345 0.228517 0.026698 0.025978
3 0.487723 0.228432 0.026776 0.025649
3 0.398356 0.228552 0.028326 0.025846
25 0.682239 0.228373 0.027642 0.025454
11 0.337727 0.228323 0.027820 0.025004
4 0.522171 0.228467 0.034300 0.024702
27 0.640633 0.228310 0.029016 0.024381
25 0.554749 0.228031 0.027859 0.023792
0 0.440455 0.228839 0.027273 0.024514
32 0.280826 0.232142 0.033357 0.030743
7 0.196174 0.229433 0.017081 0.025091
22 0.220057 0.229223 0.023476 0.024367
18 0.297192 0.266204 0.027234 0.027620
13 0.536241 0.265972 0.022707 0.024901
0 0.582036 0.266659 0.028974 0.025390
30 0.664030 0.266298 0.034749 0.024121
3 0.630984 0.266925 0.026399 0.024477
17 0.557349 0.267057 0.014286 0.024628
21 0.510190 0.267141 0.024681 0.024683
3 0.442420 0.267260 0.026840 0.024435
8 0.483179 0.267003 0.022175 0.023873
9 0.606622 0.274981 0.016296 0.039647
33 0.167494 0.266757 0.036472 0.023044
14 0.387585 0.267205 0.036690 0.023748
9 0.218413 0.272724 0.015868 0.034755
22 0.272208 0.267479 0.021776 0.024129
7 0.197176 0.267149 0.016952 0.023266
25 0.242395 0.266847 0.029271 0.022386
11 0.328291 0.267953 0.025470 0.024350
28 0.355575 0.268372 0.023550 0.024121
18 0.227484 0.304804 0.028652 0.028946
11 0.197652 0.306354 0.027987 0.025074
0 0.259684 0.306768 0.028637 0.025565
28 0.623775 0.306643 0.023932 0.024928
25 0.165983 0.306574 0.028952 0.024114
15 0.694695 0.310660 0.024397 0.032136
25 0.667478 0.306381 0.027034 0.023032
25 0.379371 0.307435 0.029822 0.024362
8 0.426005 0.307424 0.022756 0.024313
24 0.645454 0.307354 0.015933 0.023948
20 0.472381 0.307563 0.027537 0.024171
36 0.472309 0.307489 0.027107 0.023979
9 0.285247 0.314112 0.015604 0.037176
7 0.305439 0.308237 0.017424 0.024965
10 0.537958 0.307620 0.019525 0.023722
12 0.599097 0.307793 0.022393 0.023789
17 0.448349 0.307916 0.014796 0.023890
17 0.404953 0.308426 0.014764 0.024862
32 0.511777 0.310772 0.032748 0.029540
34 0.351887 0.308638 0.024808 0.024332
32 0.328288 0.311560 0.032659 0.028945
8 0.685198 0.346085 0.022517 0.024262
1 0.550239 0.346143 0.027554 0.024164
28 0.708543 0.346107 0.022335 0.023960
0 0.597767 0.345931 0.026905 0.023565
0 0.165455 0.346682 0.028873 0.024969
4 0.516150 0.346710 0.031801 0.024772
3 0.196714 0.346859 0.026525 0.024892
0 0.246309 0.347130 0.028236 0.024582
17 0.573880 0.346734 0.014790 0.023769
32 0.641631 0.348986 0.031942 0.028195
4 0.383573 0.350258 0.037472 0.030482
25 0.462247 0.346880 0.027304 0.023713
10 0.487725 0.347261 0.019307 0.024106
24 0.220975 0.347249 0.015993 0.023897
3 0.294873 0.348040 0.028046 0.024761
9 0.354758 0.352665 0.014663 0.033735
32 0.417735 0.350057 0.027928 0.027985
0 0.330487 0.348834 0.029156 0.025307
24 0.270427 0.347978 0.014745 0.023001
3 0.514219 0.383672 0.026632 0.025175
4 0.550279 0.386524 0.038514 0.030688
4 0.657199 0.386003 0.037840 0.029373
3 0.585852 0.384521 0.026770 0.025282
1 0.484354 0.384054 0.026766 0.024162
10 0.689107 0.384283 0.020964 0.024370
9 0.610096 0.392954 0.015627 0.040883
1 0.368876 0.384827 0.026667 0.024388
0 0.313378 0.385594 0.030640 0.025839
17 0.627638 0.385455 0.014818 0.025174
25 0.246617 0.384993 0.026415 0.024116
3 0.400244 0.385061 0.026864 0.024234
25 0.194802 0.385379 0.027502 0.024818
0 0.430086 0.385078 0.026888 0.024085
28 0.457412 0.384900 0.022767 0.023385
28 0.340316 0.385348 0.023387 0.024196
10 0.222213 0.385633 0.020324 0.024757
3 0.276244 0.385897 0.026313 0.024836
36 0.164523 0.385926 0.028980 0.024578
18 0.498397 0.422153 0.028491 0.028356
18 0.314696 0.422461 0.027069 0.028168
3 0.692336 0.422437 0.028376 0.024963
11 0.661925 0.422994 0.027669 0.025757
27 0.205020 0.422622 0.030808 0.023914
9 0.475580 0.428843 0.015397 0.036036
0 0.611727 0.423404 0.027668 0.024714
11 0.286558 0.423438 0.025426 0.024620
4 0.415329 0.426888 0.037309 0.031504
24 0.636965 0.423527 0.015929 0.024479
14 0.251947 0.423207 0.035501 0.023763
3 0.450751 0.424004 0.026766 0.025283
22 0.178824 0.422939 0.020965 0.022955
4 0.351206 0.426817 0.038126 0.030551
3 0.530476 0.424161 0.027821 0.025003
24 0.586215 0.424103 0.016922 0.024660
24 0.156450 0.423886 0.017436 0.023981
10 0.383138 0.424441 0.019825 0.024708
26 0.560287 0.424835 0.024580 0.024731
18 0.248371 0.458739 0.027720 0.027859
4 0.166029 0.462833 0.037977 0.031073
3 0.201053 0.460871 0.027369 0.026721
22 0.277653 0.459765 0.021305 0.022768
25 0.572262 0.461273 0.023508 0.025019
9 0.225438 0.466915 0.015895 0.035744
28 0.638110 0.461133 0.024043 0.023972
8 0.520842 0.461485 0.021797 0.024630
24 0.298759 0.461007 0.015140 0.023329
13 0.338153 0.461250 0.021870 0.023383
4 0.388330 0.463924 0.036670 0.028701
17 0.595519 0.462053 0.016683 0.024540
24 0.660089 0.461121 0.016879 0.022669
3 0.422005 0.461930 0.026573 0.023939
7 0.317360 0.461975 0.015793 0.023844
21 0.548100 0.462350 0.024528 0.023703
17 0.445106 0.462690 0.015131 0.024282
26 0.494353 0.461894 0.024179 0.022130
18 0.386097 0.496879 0.027888 0.028473
18 0.650924 0.498204 0.028120 0.026404
4 0.351194 0.500693 0.038037 0.030616
5 0.269456 0.502093 0.027696 0.031808
4 0.213866 0.501438 0.036728 0.030185
25 0.178174 0.498251 0.027944 0.022908
4 0.462499 0.502079 0.037232 0.030556
28 0.316080 0.499011 0.023138 0.024374
24 0.155301 0.498832 0.014449 0.023925
9 0.293801 0.505575 0.016703 0.037039
24 0.412562 0.499396 0.016345 0.024531
9 0.677511 0.507256 0.016264 0.040072
7 0.432139 0.499414 0.016586 0.024277
10 0.245492 0.499493 0.019413 0.024109
10 0.494722 0.499578 0.019935 0.023951
3 0.521668 0.499696 0.026409 0.024038
33 0.555912 0.500195 0.038668 0.024119
22 0.626445 0.499798 0.020944 0.022801
7 0.585445 0.500273 0.016445 0.023141
24 0.604578 0.500319 0.015630 0.023017
8 0.210858 0.536681 0.022395 0.025329
3 0.161412 0.536698 0.026067 0.024883
25 0.314952 0.536384 0.026907 0.023688
3 0.345666 0.537266 0.026727 0.024938
22 0.260684 0.536905 0.021244 0.023656
3 0.287697 0.537308 0.026189 0.024434
28 0.235948 0.537101 0.022674 0.023811
4 0.487305 0.539884 0.034444 0.029243
24 0.369975 0.537279 0.015253 0.023775
24 0.602661 0.537658 0.015495 0.023410
11 0.429177 0.537679 0.025026 0.023361
22 0.580466 0.537798 0.022238 0.023252
34 0.518539 0.537850 0.025553 0.023279
1 0.660496 0.538424 0.026818 0.023788
28 0.456027 0.538282 0.022025 0.023217
35 0.396962 0.537792 0.033181 0.021894
35 0.629377 0.538783 0.031480 0.022726
18 0.309320 0.571909 0.028059 0.030039
4 0.174303 0.575202 0.040605 0.031637
11 0.365748 0.573637 0.027278 0.026724
9 0.337280 0.574037 0.022279 0.026940
34 0.395762 0.573765 0.027183 0.025951
26 0.252278 0.574021 0.029365 0.024845
5 0.434867 0.577723 0.033587 0.031758
22 0.283698 0.574123 0.023092 0.024360
3 0.582437 0.575084 0.029202 0.025898
28 0.551657 0.574708 0.024597 0.024532
25 0.523200 0.574339 0.027682 0.023455
18 0.280971 0.613276 0.028212 0.027191
20 0.582072 0.613538 0.028792 0.025115
3 0.613664 0.614364 0.026963 0.025033
2 0.648956 0.619385 0.036980 0.034770
10 0.555134 0.614348 0.020648 0.024662
3 0.341062 0.614576 0.027315 0.024838
25 0.309952 0.613971 0.026679 0.023571
25 0.529792 0.614514 0.026902 0.024400
22 0.369149 0.614671 0.022521 0.024092
27 0.399418 0.614591 0.040743 0.023717
0 0.214068 0.615100 0.027457 0.024158
3 0.434854 0.615340 0.025452 0.024340
17 0.238134 0.615535 0.014388 0.024396
7 0.188230 0.615037 0.016326 0.023112
21 0.503352 0.615216 0.024065 0.023456
24 0.256071 0.614912 0.015479 0.022301
4 0.382592 0.652646 0.038282 0.029879
3 0.328866 0.650409 0.026823 0.024160
4 0.292904 0.652950 0.037347 0.029194
11 0.573983 0.651112 0.026834 0.024556
14 0.632621 0.651350 0.036269 0.024610
11 0.480858 0.650890 0.025578 0.023607
3 0.416637 0.651084 0.024837 0.023599
28 0.260135 0.650937 0.022840 0.023306
4 0.541590 0.650906 0.031951 0.023201
3 0.509473 0.651218 0.025632 0.023796
25 0.235686 0.650924 0.026277 0.022810
9 0.439416 0.655934 0.015709 0.032804
24 0.353721 0.651086 0.016187 0.022731
28 0.601065 0.651347 0.022094 0.022573
32 0.170814 0.654317 0.031800 0.027903
17 0.213553 0.651902 0.014344 0.022561
13 0.679823 0.652343 0.022657 0.023200
7 0.659953 0.652511 0.014419 0.022232
18 0.580675 0.687480 0.027003 0.028131
0 0.201337 0.685336 0.026140 0.023482
25 0.267993 0.685560 0.026314 0.022405
22 0.319242 0.686676 0.021845 0.023988
3 0.347161 0.687265 0.027677 0.024654
24 0.245426 0.686124 0.014878 0.022280
28 0.293515 0.687017 0.024102 0.023278
34 0.398012 0.687627 0.025224 0.024364
22 0.374680 0.687686 0.020686 0.023573
13 0.535963 0.688494 0.020799 0.024585
9 0.557493 0.695413 0.017991 0.037866
11 0.652386 0.688850 0.027806 0.024699
11 0.469866 0.688424 0.025935 0.023790
14 0.616085 0.689030 0.036115 0.024955
34 0.496862 0.688867 0.024292 0.024188
27 0.683129 0.689118 0.034166 0.024017
4 0.223298 0.724120 0.032635 0.024083
8 0.298554 0.724135 0.021195 0.023824
9 0.251133 0.731307 0.015171 0.037249
34 0.325500 0.724530 0.025503 0.023646
28 0.273155 0.724454 0.024077 0.023437
4 0.444389 0.725921 0.031935 0.023228
25 0.626514 0.726663 0.028484 0.024643
0 0.490396 0.726496 0.027832 0.024043
25 0.369403 0.725920 0.026334 0.022187
22 0.397464 0.726326 0.021824 0.022727
17 0.418414 0.727151 0.014473 0.023598
32 0.555576 0.730202 0.029767 0.028622
34 0.579396 0.727968 0.024551 0.023417
20 0.674123 0.728178 0.026059 0.023426
24 0.602558 0.727910 0.014369 0.022853
21 0.177466 0.761670 0.025163 0.024291
28 0.203941 0.761812 0.023332 0.023609
22 0.229567 0.761807 0.021067 0.022988
25 0.307441 0.761880 0.028350 0.023126
36 0.415158 0.763006 0.028186 0.024672
22 0.337367 0.762814 0.022264 0.023707
36 0.382831 0.762862 0.028141 0.023377
3 0.568105 0.764335 0.027946 0.024764
15 0.504930 0.774121 0.022991 0.044329
3 0.629992 0.764401 0.028406 0.024842
24 0.454424 0.763568 0.016777 0.022680
25 0.598733 0.764185 0.028971 0.023870
25 0.675079 0.764246 0.026393 0.023000
24 0.654384 0.764542 0.014586 0.023562
21 0.477041 0.764399 0.025424 0.023012
17 0.697399 0.764771 0.015536 0.023074
33 0.533787 0.765947 0.035827 0.023563