25 0.326793 0.138884 0.026453 0.023390
13 0.354246 0.140003 0.024732 0.024597
24 0.304043 0.139455 0.017100 0.023357
11 0.791152 0.140591 0.025404 0.025569
5 0.576810 0.144226 0.029049 0.032468
25 0.400119 0.139422 0.028073 0.022516
29 0.741221 0.141419 0.025489 0.026381
22 0.842842 0.140346 0.020889 0.024128
22 0.429714 0.140241 0.021974 0.023764
28 0.817894 0.140838 0.024347 0.024812
8 0.670482 0.141081 0.021991 0.025204
36 0.476340 0.140750 0.029217 0.023636
13 0.505680 0.140888 0.023624 0.023646
17 0.526307 0.141614 0.013414 0.024692
32 0.548281 0.143619 0.031177 0.028385
28 0.606607 0.141907 0.023859 0.024419
7 0.719867 0.141939 0.016082 0.024154
26 0.644177 0.142148 0.024937 0.024022
2 0.332203 0.186596 0.039036 0.035092
20 0.521169 0.182692 0.028017 0.025752
15 0.493888 0.186443 0.024143 0.032855
28 0.869887 0.182936 0.024613 0.025832
25 0.846673 0.182462 0.027048 0.024721
24 0.301966 0.182060 0.016762 0.023912
1 0.463731 0.182817 0.030239 0.025310
11 0.389012 0.183032 0.026571 0.025205
7 0.364551 0.182509 0.015711 0.024004
0 0.716475 0.183982 0.029369 0.026895
24 0.825181 0.182475 0.015011 0.023509
24 0.437311 0.183088 0.017384 0.024630
10 0.416141 0.183080 0.019926 0.024290
32 0.781483 0.185658 0.029540 0.029084
34 0.804357 0.183184 0.022688 0.023987
8 0.550332 0.183825 0.022412 0.025017
9 0.742020 0.190414 0.015254 0.037947
25 0.649605 0.183897 0.027191 0.024836
7 0.759557 0.184659 0.016744 0.026253
32 0.624369 0.186936 0.031181 0.029409
13 0.598953 0.184936 0.018282 0.024636
18 0.417504 0.220098 0.026741 0.030280
18 0.833750 0.221087 0.026104 0.028998
25 0.387972 0.221475 0.028467 0.024472
3 0.339224 0.222035 0.028089 0.025523
3 0.448393 0.222270 0.027543 0.025893
24 0.363872 0.222529 0.016631 0.025780
25 0.478781 0.221760 0.028965 0.023911
25 0.307963 0.222166 0.027459 0.023843
3 0.583203 0.223573 0.026245 0.025142
22 0.505609 0.223119 0.020111 0.024022
3 0.651708 0.223878 0.026389 0.025345
0 0.765587 0.223601 0.028462 0.024766
25 0.681656 0.223247 0.028216 0.023910
9 0.705997 0.227675 0.016256 0.032618
36 0.550555 0.223782 0.030157 0.024416
7 0.790916 0.223955 0.015591 0.024705
7 0.627563 0.223926 0.016444 0.023744
17 0.525519 0.224040 0.014421 0.023136
35 0.731903 0.224542 0.033442 0.023383
18 0.868112 0.259177 0.026119 0.029178
18 0.426518 0.259851 0.026567 0.029111
25 0.840768 0.259733 0.025276 0.024326
36 0.813210 0.260678 0.026080 0.024196
25 0.741291 0.260875 0.027810 0.023369
25 0.660772 0.261704 0.027745 0.024996
3 0.308285 0.261754 0.027794 0.024923
9 0.539836 0.268236 0.017506 0.037817
11 0.399355 0.261687 0.025866 0.024561
25 0.582632 0.261464 0.029195 0.023957
22 0.769374 0.261428 0.022581 0.023668
0 0.457810 0.262271 0.028971 0.025305
7 0.559184 0.261702 0.016337 0.023715
2 0.364800 0.268599 0.037573 0.037438
3 0.612996 0.262451 0.026449 0.025100
36 0.711209 0.262012 0.029448 0.024155
24 0.334269 0.262183 0.017849 0.023460
24 0.637372 0.262650 0.015529 0.023955
33 0.508688 0.262760 0.037520 0.024126
18 0.848359 0.298462 0.028884 0.029620
29 0.397736 0.301111 0.025639 0.026567
15 0.487260 0.305527 0.024008 0.035144
11 0.458524 0.300681 0.027614 0.025346
25 0.427341 0.300246 0.028320 0.024406
25 0.545154 0.300603 0.028034 0.024305
8 0.822191 0.300990 0.021004 0.025023
3 0.367747 0.301410 0.028132 0.025675
25 0.778042 0.300568 0.028309 0.023749
10 0.738976 0.301439 0.021024 0.024665
22 0.572274 0.301692 0.020349 0.024670
22 0.715294 0.301302 0.021109 0.023451
17 0.329696 0.302266 0.015122 0.024924
17 0.593738 0.302049 0.014333 0.024272
1 0.649985 0.302498 0.027325 0.024914
17 0.693527 0.302949 0.014417 0.024492
4 0.790421 0.342644 0.037528 0.030515
22 0.661086 0.339919 0.023268 0.023555
34 0.567334 0.340018 0.025320 0.023732
20 0.866914 0.340145 0.025991 0.023940
20 0.709311 0.340332 0.029191 0.024017
3 0.754674 0.340718 0.027100 0.024407
28 0.421692 0.341215 0.024681 0.025381
0 0.310990 0.341229 0.029185 0.025261
21 0.839764 0.340533 0.025587 0.023642
20 0.514952 0.340731 0.027669 0.023825
17 0.684248 0.340386 0.015387 0.023054
22 0.543051 0.340655 0.022036 0.023426
17 0.818803 0.340877 0.014472 0.023796
24 0.637837 0.341018 0.016212 0.023902
21 0.392923 0.341334 0.025558 0.024346
11 0.450289 0.341304 0.026843 0.024200
1 0.361547 0.341695 0.029361 0.024735
17 0.335686 0.342061 0.014667 0.024495
35 0.483530 0.342464 0.033073 0.022742
25 0.588813 0.378376 0.029152 0.025087
25 0.770228 0.378201 0.028552 0.024426
3 0.621786 0.379070 0.028982 0.025538
28 0.560817 0.378539 0.023134 0.024459
36 0.845993 0.378268 0.030016 0.023836
3 0.343199 0.379373 0.027129 0.024976
28 0.742988 0.379858 0.024131 0.025849
11 0.430142 0.379539 0.026147 0.025048
22 0.516316 0.378984 0.022897 0.023802
25 0.311624 0.378406 0.027473 0.022566
16 0.715040 0.384538 0.028045 0.034718
22 0.798661 0.379033 0.021575 0.023503
17 0.820832 0.378972 0.014961 0.023257
7 0.455932 0.379503 0.017693 0.024015
24 0.368593 0.379277 0.017493 0.023478
35 0.395869 0.380515 0.033735 0.022523
34 0.864350 0.415803 0.024663 0.024945
11 0.793162 0.416267 0.027095 0.025617
28 0.821748 0.416489 0.024523 0.025605
11 0.456497 0.415882 0.026462 0.023977
8 0.764072 0.416307 0.022325 0.024564
24 0.843448 0.416338 0.015313 0.024624
0 0.651496 0.416550 0.027582 0.024857
7 0.482130 0.416286 0.018556 0.023805
25 0.697648 0.416576 0.026591 0.024143
11 0.600890 0.417190 0.026864 0.024988
4 0.402435 0.419580 0.038701 0.029505
7 0.575283 0.417287 0.015612 0.024629
7 0.626135 0.416848 0.015774 0.023694
3 0.520678 0.417095 0.025863 0.023954
9 0.723413 0.423803 0.016902 0.037230
7 0.742685 0.417055 0.016547 0.023403
11 0.551059 0.417006 0.026051 0.023306
17 0.675377 0.417175 0.013945 0.023002
7 0.433039 0.416836 0.016074 0.021702
17 0.334363 0.418006 0.015090 0.023450
11 0.852105 0.452349 0.027145 0.024042
34 0.498593 0.452492 0.026555 0.023988
25 0.315275 0.452488 0.027149 0.023649
17 0.874103 0.452568 0.014394 0.023714
3 0.410633 0.452722 0.025856 0.023977
5 0.785557 0.457206 0.027612 0.032569
34 0.813939 0.452393 0.027867 0.022931
3 0.758164 0.453194 0.027764 0.024521
22 0.345699 0.452559 0.021914 0.023147
25 0.468372 0.452995 0.028787 0.023647
25 0.682077 0.453473 0.028759 0.024412
25 0.556199 0.453026 0.027975 0.023278
34 0.654426 0.454085 0.025784 0.024603
1 0.626881 0.454510 0.028827 0.025399
17 0.732124 0.453687 0.013998 0.023526
26 0.440159 0.453545 0.024304 0.023223
26 0.527908 0.453677 0.024607 0.022439
17 0.601623 0.454797 0.014957 0.023965
8 0.427372 0.491201 0.022171 0.024052
3 0.863324 0.492204 0.025291 0.025750
3 0.455620 0.491935 0.026555 0.025161
25 0.834770 0.491726 0.026925 0.024489
32 0.384691 0.493996 0.029414 0.028719
34 0.792221 0.491817 0.025247 0.024036
0 0.337017 0.492049 0.028116 0.024379
8 0.766682 0.492604 0.022535 0.024875
0 0.487135 0.492887 0.028702 0.025399
3 0.536165 0.492565 0.026031 0.024429
34 0.739982 0.493112 0.024855 0.025122
9 0.512487 0.499485 0.015388 0.037768
4 0.707554 0.495956 0.038249 0.030677
24 0.311158 0.492483 0.016222 0.023702
11 0.566669 0.493180 0.026519 0.025024
7 0.590588 0.493993 0.015232 0.024621
24 0.609396 0.493818 0.015279 0.024182
7 0.628673 0.494324 0.016090 0.023924
11 0.653663 0.494791 0.026453 0.024629
17 0.678508 0.494902 0.013936 0.023902
18 0.392975 0.528756 0.026557 0.028143
18 0.878500 0.529987 0.025061 0.028702
8 0.365999 0.530086 0.022208 0.025362
25 0.317584 0.529919 0.028521 0.024282
32 0.423237 0.533399 0.033591 0.029619
7 0.342964 0.530792 0.016105 0.024187
13 0.834627 0.531187 0.022555 0.024586
4 0.522758 0.533674 0.036705 0.029226
20 0.807184 0.531157 0.026429 0.023831
4 0.723812 0.534011 0.038590 0.029432
28 0.452931 0.531405 0.023291 0.024142
11 0.759487 0.531689 0.025875 0.024011
17 0.494095 0.531569 0.014546 0.023573
34 0.671638 0.531833 0.025028 0.023810
34 0.554903 0.532190 0.024695 0.024223
4 0.639249 0.534783 0.038329 0.029280
3 0.603732 0.532061 0.026966 0.023689
24 0.578796 0.532568 0.015304 0.023548
34 0.391970 0.567698 0.025823 0.023581
11 0.362649 0.568297 0.027117 0.024766
4 0.443249 0.571109 0.037186 0.029878
34 0.477106 0.568814 0.025913 0.024637
34 0.829602 0.569315 0.026215 0.024378
3 0.506736 0.569300 0.025804 0.024336
4 0.799535 0.572503 0.033538 0.030723
3 0.689873 0.569911 0.025970 0.024688
11 0.537481 0.569393 0.026920 0.023629
28 0.872644 0.569582 0.023289 0.023701
25 0.644409 0.569307 0.025265 0.022966
32 0.583052 0.571910 0.029836 0.027948
11 0.720259 0.570008 0.025783 0.023891
24 0.622768 0.569968 0.015134 0.023463
7 0.561399 0.570670 0.013981 0.024078
34 0.748116 0.570158 0.024697 0.022812
17 0.667094 0.570348 0.013946 0.023162
4 0.370510 0.608681 0.037450 0.029122
34 0.402955 0.607142 0.024863 0.024967
25 0.430371 0.606833 0.027307 0.024138
22 0.458848 0.607005 0.022608 0.023703
3 0.504601 0.607657 0.026240 0.024715
3 0.861138 0.608114 0.028317 0.025434
3 0.779450 0.608158 0.027552 0.025421
4 0.539266 0.610744 0.036487 0.029502
8 0.679462 0.608383 0.023873 0.024625
36 0.726982 0.608014 0.029887 0.023847
0 0.810773 0.608978 0.028719 0.025318
25 0.611245 0.608111 0.026403 0.023460
17 0.480915 0.607974 0.014967 0.023100
34 0.572229 0.608889 0.026467 0.024498
24 0.754522 0.608871 0.015758 0.024446
34 0.638772 0.608603 0.024769 0.023688
11 0.323407 0.643876 0.026733 0.024621
4 0.820351 0.646850 0.036738 0.030072
0 0.422279 0.643935 0.027262 0.023957
17 0.346789 0.644167 0.014826 0.023680
4 0.601373 0.647532 0.036555 0.029921
24 0.365592 0.644054 0.014352 0.022780
11 0.500137 0.644958 0.025955 0.024567
3 0.676370 0.645075 0.026716 0.024538
3 0.470674 0.644928 0.025666 0.023962
35 0.389827 0.644543 0.031859 0.022959
3 0.567230 0.644887 0.025523 0.023580
3 0.755204 0.644982 0.025398 0.023402
34 0.633947 0.644966 0.024563 0.023190
36 0.785061 0.645220 0.027465 0.023343
0 0.707553 0.645862 0.027829 0.024433
24 0.543079 0.645753 0.016040 0.023596
8 0.733928 0.682137 0.022809 0.025409
3 0.397775 0.681584 0.025705 0.023663
4 0.631369 0.684671 0.036500 0.029557
14 0.841328 0.682007 0.035386 0.024152
11 0.781877 0.682270 0.026955 0.024184
28 0.809330 0.682713 0.023007 0.024645
28 0.567927 0.682724 0.023586 0.024618
10 0.870468 0.682699 0.021472 0.024497
28 0.517585 0.683083 0.023128 0.024972
7 0.757640 0.682833 0.016019 0.024332
22 0.542393 0.682830 0.022026 0.023856
28 0.441638 0.682646 0.022619 0.023222
36 0.596871 0.682938 0.027347 0.023421
34 0.663244 0.683147 0.024416 0.023725
32 0.492884 0.685013 0.025738 0.027374
35 0.351934 0.682947 0.032564 0.023117
5 0.688760 0.687395 0.027867 0.031505
7 0.712261 0.683782 0.015288 0.023735
18 0.428204 0.718562 0.027182 0.028119
3 0.324663 0.718695 0.027478 0.024774
25 0.356086 0.719148 0.029801 0.024670
17 0.381732 0.720073 0.015747 0.024051
8 0.402285 0.719890 0.021519 0.023630
34 0.810915 0.720228 0.026514 0.024013
26 0.839762 0.720525 0.024897 0.024493
4 0.778011 0.723368 0.036913 0.029028
36 0.741532 0.721191 0.028984 0.024090
28 0.711705 0.721588 0.024914 0.024572
15 0.550789 0.725381 0.022666 0.030821
34 0.597453 0.722121 0.024830 0.024290
28 0.499424 0.721916 0.022683 0.023843
34 0.643442 0.721871 0.025399 0.023619
22 0.525585 0.722113 0.021456 0.023248
24 0.620713 0.722271 0.015860 0.023514
21 0.685731 0.722342 0.024087 0.023473
22 0.575116 0.722292 0.020829 0.023056
15 0.350214 0.766401 0.027003 0.045959
4 0.384223 0.759578 0.039428 0.030574
27 0.426217 0.757547 0.041641 0.025633
25 0.494573 0.758554 0.027990 0.023911
20 0.462989 0.758214 0.027749 0.022886
2 0.673227 0.765251 0.036000 0.036937
13 0.617033 0.759081 0.023521 0.024066
7 0.703698 0.759475 0.017568 0.024140
24 0.544886 0.759102 0.016597 0.023336
21 0.641013 0.760424 0.024731 0.024839
35 0.571855 0.759703 0.034589 0.023011