18 0.794153 0.142108 0.026586 0.028745
11 0.617187 0.141099 0.029287 0.026335
3 0.650027 0.141614 0.027993 0.026722
14 0.560385 0.140830 0.036792 0.024871
13 0.476249 0.141233 0.021615 0.024647
28 0.526346 0.141419 0.023832 0.024557
3 0.682103 0.141981 0.027538 0.025657
21 0.498423 0.141744 0.026802 0.025079
12 0.708731 0.142270 0.021422 0.025336
32 0.768142 0.145598 0.032178 0.031147
25 0.823063 0.143513 0.028392 0.025426
36 0.303069 0.143220 0.029764 0.024678
3 0.366187 0.143102 0.026472 0.024351
26 0.448383 0.143147 0.026423 0.024123
1 0.396770 0.143491 0.027994 0.024745
17 0.422474 0.143204 0.015742 0.023875
21 0.335320 0.144060 0.027617 0.024542
3 0.574046 0.183541 0.027692 0.026688
3 0.659118 0.184423 0.027841 0.026780
12 0.600173 0.184325 0.022023 0.026264
3 0.541904 0.184422 0.028364 0.026420
3 0.628103 0.184039 0.027806 0.025033
32 0.688625 0.186320 0.031765 0.029458
3 0.510744 0.184749 0.028532 0.026005
25 0.736862 0.184154 0.029417 0.024766
13 0.332539 0.185498 0.023103 0.026671
7 0.765903 0.184409 0.017710 0.024454
7 0.713167 0.185137 0.016607 0.025295
26 0.301853 0.186052 0.028911 0.026474
14 0.419460 0.185906 0.037563 0.025802
7 0.452143 0.186060 0.017369 0.024775
21 0.356931 0.186681 0.026700 0.025032
28 0.384319 0.186682 0.023575 0.024592
18 0.818532 0.222742 0.028179 0.028500
14 0.554517 0.222711 0.036970 0.025137
3 0.671230 0.223330 0.026806 0.025682
28 0.520592 0.222875 0.024171 0.024761
13 0.470373 0.222894 0.022217 0.024438
3 0.641161 0.223181 0.027002 0.024926
7 0.585478 0.222826 0.016574 0.023723
32 0.787804 0.226112 0.034858 0.029347
3 0.755200 0.223946 0.027486 0.024656
3 0.702599 0.224052 0.027017 0.024709
12 0.728069 0.224026 0.020619 0.024640
21 0.493092 0.223580 0.026140 0.023640
1 0.393582 0.224243 0.028024 0.024850
26 0.444198 0.223983 0.024214 0.024218
3 0.363057 0.224549 0.027361 0.024965
36 0.301694 0.225139 0.031544 0.025949
25 0.848963 0.224458 0.027231 0.024182
17 0.419091 0.224523 0.015483 0.023994
21 0.333100 0.225161 0.025358 0.024752
7 0.871484 0.225518 0.017094 0.024805
37 0.508889 0.259037 0.034957 0.033667
32 0.296919 0.265178 0.039744 0.032511
13 0.571509 0.261848 0.022559 0.025408
26 0.544170 0.262658 0.026243 0.025341
21 0.330990 0.262522 0.024054 0.024861
25 0.451095 0.262226 0.028975 0.024090
21 0.595016 0.262739 0.027060 0.024767
11 0.360216 0.262922 0.025937 0.025081
34 0.743420 0.262913 0.026047 0.025057
27 0.750481 0.262898 0.040800 0.024602
14 0.658182 0.263089 0.035513 0.024956
28 0.624257 0.263099 0.025215 0.024899
3 0.390109 0.263382 0.026577 0.025257
11 0.713777 0.263115 0.027537 0.024458
7 0.688487 0.263147 0.017599 0.024136
1 0.421617 0.263520 0.026964 0.024461
11 0.788279 0.263326 0.027223 0.023992
17 0.478556 0.263601 0.017050 0.024342
36 0.836605 0.263351 0.027921 0.023736
17 0.812056 0.264156 0.014959 0.024106
21 0.864979 0.264429 0.025245 0.024399
18 0.482422 0.300750 0.033593 0.029610
4 0.345268 0.304618 0.042243 0.033140
25 0.698981 0.301850 0.031089 0.024956
3 0.756401 0.303021 0.030438 0.027070
34 0.642975 0.302016 0.026218 0.024778
17 0.380873 0.302121 0.020131 0.024681
22 0.451877 0.302202 0.024019 0.024732
5 0.613687 0.306719 0.029301 0.033528
11 0.538632 0.302850 0.028824 0.025714
26 0.422774 0.303217 0.026774 0.025941
28 0.725868 0.302742 0.025008 0.024983
27 0.569780 0.302939 0.026647 0.023946
11 0.659992 0.342005 0.026976 0.025846
27 0.381750 0.341868 0.043296 0.024843
4 0.723432 0.344984 0.038057 0.030993
1 0.547687 0.342276 0.027469 0.025569
28 0.688238 0.342520 0.024917 0.025576
22 0.785290 0.342251 0.023487 0.025007
28 0.630156 0.342112 0.024883 0.024547
12 0.605772 0.342915 0.021877 0.026055
28 0.578640 0.342320 0.025316 0.024679
34 0.756814 0.342170 0.026889 0.024152
7 0.808682 0.342279 0.017612 0.024173
1 0.474448 0.342974 0.028718 0.025053
24 0.521128 0.342764 0.016625 0.024556
22 0.417127 0.342711 0.021274 0.024195
3 0.859579 0.343537 0.027892 0.025694
21 0.830246 0.343182 0.026209 0.024661
17 0.500295 0.343137 0.015397 0.024468
21 0.443247 0.343564 0.026802 0.023799
15 0.393363 0.386927 0.025470 0.038389
1 0.360330 0.380651 0.029536 0.025431
0 0.555660 0.380925 0.027458 0.024536
25 0.700414 0.380572 0.027279 0.023088
20 0.422108 0.380967 0.027905 0.023715
36 0.669240 0.381161 0.032387 0.024026
24 0.579118 0.381153 0.016596 0.023993
3 0.473979 0.381413 0.028683 0.024465
3 0.753849 0.381616 0.027233 0.024810
15 0.813483 0.385967 0.024488 0.033373
11 0.784633 0.381987 0.028314 0.024949
25 0.847147 0.382333 0.027576 0.025503
24 0.531097 0.381846 0.015324 0.024165
24 0.448258 0.381239 0.017871 0.022811
28 0.724206 0.381994 0.025633 0.023776
27 0.878753 0.384309 0.031039 0.027069
24 0.350545 0.418952 0.018010 0.025381
34 0.591764 0.419258 0.026617 0.025406
3 0.562547 0.419417 0.027249 0.025684
3 0.504424 0.419469 0.027607 0.025633
8 0.475360 0.419553 0.024154 0.025755
0 0.378054 0.419001 0.030419 0.024590
32 0.428730 0.422071 0.033140 0.030068
36 0.638380 0.419430 0.029357 0.024701
3 0.688864 0.420144 0.028824 0.025069
4 0.744915 0.422515 0.040529 0.029760
24 0.663740 0.420280 0.015934 0.024561
17 0.452917 0.421568 0.015350 0.027101
24 0.713531 0.420766 0.016751 0.024800
3 0.782077 0.421358 0.028424 0.025352
11 0.851198 0.421137 0.027216 0.024401
27 0.884074 0.421646 0.038194 0.024833
7 0.826063 0.421637 0.016311 0.023374
30 0.359497 0.456114 0.036473 0.025437
3 0.396188 0.456083 0.028710 0.025130
11 0.429552 0.456619 0.029743 0.025204
27 0.666225 0.457405 0.042990 0.026328
3 0.597508 0.456780 0.028275 0.025061
34 0.658615 0.457052 0.027029 0.025202
11 0.629349 0.457090 0.028352 0.024993
8 0.785638 0.457132 0.022835 0.024626
25 0.547308 0.457302 0.028631 0.024792
34 0.810629 0.457198 0.023837 0.024502
32 0.481339 0.459957 0.033751 0.029529
34 0.880679 0.458222 0.024863 0.025541
17 0.572290 0.457721 0.014918 0.024121
28 0.757925 0.457653 0.025643 0.023893
24 0.523734 0.458231 0.016669 0.024623
25 0.853629 0.457927 0.026987 0.023449
22 0.325865 0.494065 0.021652 0.024670
4 0.804198 0.498079 0.041696 0.032634
25 0.701056 0.494856 0.029334 0.024910
3 0.529192 0.495581 0.028347 0.025897
34 0.839581 0.494920 0.026964 0.024567
3 0.670246 0.495286 0.027254 0.025075
7 0.773084 0.495245 0.017956 0.024663
8 0.425568 0.495461 0.024111 0.025060
17 0.349073 0.495444 0.015162 0.024716
34 0.453064 0.495517 0.025125 0.024185
25 0.498049 0.495483 0.028205 0.023528
7 0.727203 0.496008 0.017663 0.023956
33 0.634773 0.495818 0.037376 0.023491
21 0.749131 0.496018 0.025171 0.023751
24 0.554132 0.495897 0.015510 0.023449
4 0.564427 0.536625 0.040998 0.030717
25 0.709007 0.533717 0.029291 0.024545
15 0.599825 0.538285 0.024369 0.033668
36 0.525332 0.534470 0.029792 0.025083
15 0.419566 0.542293 0.025540 0.040625
22 0.738253 0.534055 0.022281 0.023849
25 0.346754 0.534757 0.029838 0.025053
4 0.384278 0.537810 0.039280 0.031159
22 0.477835 0.534735 0.023336 0.024733
25 0.448512 0.534607 0.029392 0.024438
11 0.787158 0.535270 0.028298 0.025613
7 0.663906 0.534986 0.018023 0.024434
7 0.760577 0.534966 0.017471 0.024238
3 0.818513 0.535548 0.027803 0.025312
9 0.684553 0.538982 0.015481 0.031995
17 0.499671 0.535197 0.015109 0.024157
1 0.848298 0.536215 0.027100 0.025729
33 0.632537 0.535387 0.041920 0.023867
24 0.320484 0.536224 0.017946 0.025114
34 0.627278 0.571452 0.025999 0.024105
25 0.817173 0.572374 0.028324 0.025593
20 0.767308 0.571625 0.027665 0.024076
11 0.599416 0.571930 0.026063 0.024560
3 0.691726 0.571958 0.028853 0.024387
3 0.569055 0.571982 0.027472 0.024139
28 0.719969 0.572170 0.024693 0.024207
9 0.418099 0.576590 0.023078 0.032789
21 0.538246 0.572612 0.026558 0.024352
32 0.445831 0.575219 0.035597 0.029367
34 0.357397 0.572789 0.025481 0.024219
22 0.493118 0.572992 0.023471 0.024591
17 0.471633 0.573186 0.014411 0.024591
25 0.327004 0.573285 0.029581 0.023969
24 0.793694 0.573052 0.016298 0.023481
13 0.843232 0.573442 0.022802 0.023970
17 0.863224 0.573819 0.014651 0.023701
36 0.656962 0.610630 0.029965 0.025225
28 0.776580 0.610305 0.024372 0.024565
32 0.745959 0.612675 0.034749 0.029303
3 0.625283 0.610742 0.026747 0.025102
22 0.803438 0.610205 0.024135 0.023970
11 0.594666 0.610755 0.027960 0.025034
15 0.507462 0.614461 0.023829 0.032443
5 0.346921 0.613349 0.026404 0.030028
7 0.702785 0.610804 0.018338 0.024715
7 0.843969 0.610577 0.017238 0.023976
7 0.569127 0.611017 0.016897 0.024718
24 0.825868 0.610700 0.016854 0.023663
11 0.404011 0.611577 0.027940 0.024869
33 0.538224 0.611382 0.039119 0.024103
21 0.479843 0.612102 0.026492 0.025281
32 0.318383 0.614616 0.033929 0.030185
28 0.373583 0.611855 0.024203 0.024541
28 0.432355 0.611817 0.024484 0.024119
24 0.456650 0.612638 0.017315 0.024086
25 0.758717 0.645993 0.027658 0.023512
14 0.844941 0.647010 0.037697 0.025327
3 0.672615 0.647077 0.027383 0.025067
28 0.785670 0.646916 0.026302 0.024225
22 0.812104 0.646820 0.021407 0.024004
11 0.640567 0.647825 0.028267 0.025794
8 0.401431 0.647822 0.023329 0.025265
13 0.318716 0.648374 0.026653 0.025277
15 0.551822 0.652386 0.024359 0.033185
28 0.374582 0.648185 0.024114 0.024058
32 0.344988 0.650351 0.032731 0.028291
7 0.613911 0.648928 0.016648 0.024886
7 0.426267 0.648647 0.016574 0.023898
12 0.447691 0.649273 0.021488 0.024828
34 0.472957 0.648769 0.027467 0.023735
33 0.583429 0.648709 0.038364 0.023224
26 0.504188 0.649840 0.025271 0.024542
24 0.528373 0.649693 0.015988 0.024048
25 0.617215 0.683034 0.027694 0.024066
25 0.695041 0.683537 0.029796 0.024829
0 0.854920 0.683605 0.029118 0.024941
10 0.881108 0.684076 0.020005 0.024673
0 0.321691 0.684239 0.027309 0.024768
9 0.347966 0.689471 0.017400 0.034938
36 0.773942 0.684069 0.030885 0.023952
22 0.726224 0.684625 0.023347 0.024583
36 0.806480 0.684141 0.028611 0.023330
17 0.747770 0.684347 0.015643 0.023531
24 0.593995 0.684529 0.016954 0.023814
32 0.392170 0.687076 0.031938 0.028711
34 0.418662 0.684780 0.024530 0.024105
7 0.368194 0.685396 0.016294 0.025013
28 0.494226 0.684819 0.023923 0.023754
22 0.520329 0.685012 0.020142 0.023889
20 0.567624 0.684727 0.027207 0.023231
24 0.442983 0.684995 0.016352 0.023532
21 0.466721 0.685527 0.026321 0.024584
17 0.640391 0.684922 0.014964 0.023209
17 0.543440 0.685172 0.015829 0.023176
18 0.606662 0.719411 0.028229 0.029067
25 0.533054 0.720474 0.027852 0.024535
28 0.854471 0.720915 0.027373 0.025204
5 0.801011 0.724117 0.025898 0.031374
8 0.580081 0.720835 0.022579 0.024787
15 0.775713 0.724430 0.025564 0.031788
25 0.719841 0.720609 0.028317 0.023834
22 0.827064 0.721050 0.022625 0.024495
4 0.471541 0.724231 0.039333 0.030700
34 0.505250 0.721032 0.027007 0.024300
9 0.695820 0.728137 0.016591 0.037985
7 0.557049 0.721451 0.015566 0.024593
3 0.339043 0.721829 0.027156 0.024694
11 0.372394 0.722436 0.029030 0.025874
22 0.748411 0.721366 0.021682 0.023724
33 0.643631 0.721686 0.039478 0.024329
7 0.675159 0.721882 0.016791 0.023970
24 0.418546 0.722336 0.016327 0.024010
7 0.439025 0.722239 0.018214 0.023681
7 0.398844 0.722472 0.017930 0.024077
18 0.724104 0.756188 0.024206 0.026384
15 0.861835 0.770743 0.025923 0.053293
3 0.755050 0.756715 0.028577 0.024641
25 0.804532 0.756794 0.027828 0.024469
22 0.834039 0.757083 0.023863 0.024436
11 0.368799 0.758677 0.029137 0.025534
24 0.780326 0.757767 0.017032 0.023638
36 0.606882 0.758531 0.031027 0.025081
8 0.556233 0.758617 0.024366 0.024735
3 0.400276 0.758932 0.028845 0.025330
4 0.435974 0.758387 0.035616 0.024000
32 0.694964 0.760421 0.034772 0.027854
3 0.660479 0.758784 0.028310 0.024416
7 0.342171 0.758560 0.017117 0.023842
34 0.515258 0.759075 0.026474 0.024772
21 0.317249 0.759110 0.028055 0.024616
25 0.485627 0.758387 0.028040 0.022922
24 0.634712 0.759432 0.017469 0.024217