11 0.320856 0.144918 0.028874 0.027467
0 0.376489 0.144486 0.029761 0.026409
15 0.632511 0.150595 0.024044 0.037847
11 0.542900 0.145044 0.028692 0.026708
16 0.660407 0.152505 0.029515 0.041598
15 0.660403 0.152281 0.029843 0.041051
17 0.402686 0.145141 0.014963 0.026528
34 0.572587 0.144875 0.025301 0.025647
11 0.486901 0.145421 0.027934 0.026553
22 0.424892 0.145092 0.023364 0.025454
3 0.454878 0.145374 0.030100 0.026010
10 0.514523 0.145361 0.020369 0.025744
22 0.290598 0.145048 0.022111 0.025008
4 0.176997 0.148532 0.041660 0.031540
34 0.211954 0.145645 0.027287 0.025658
20 0.260562 0.145846 0.029192 0.025849
9 0.609549 0.153054 0.016692 0.039958
25 0.452011 0.186071 0.030103 0.026831
11 0.553210 0.186029 0.028997 0.026388
14 0.618769 0.185962 0.039773 0.025547
4 0.386410 0.189401 0.040665 0.031851
4 0.313874 0.189255 0.038329 0.031508
28 0.653455 0.186370 0.024334 0.025566
34 0.348647 0.186669 0.027785 0.025290
28 0.583248 0.186590 0.024451 0.025122
22 0.481959 0.186987 0.022138 0.024966
21 0.422836 0.187457 0.026591 0.025589
11 0.245068 0.187643 0.026537 0.025209
0 0.164626 0.188249 0.028476 0.025789
3 0.109147 0.189680 0.029455 0.026953
17 0.189523 0.188347 0.015782 0.024049
24 0.138723 0.189406 0.017664 0.024615
34 0.584139 0.225488 0.026500 0.025403
11 0.553419 0.225363 0.028755 0.024875
25 0.521087 0.225102 0.027331 0.024167
34 0.653620 0.225812 0.023780 0.024971
5 0.434435 0.229334 0.027822 0.031961
5 0.626859 0.230095 0.027277 0.032914
34 0.462899 0.226000 0.026422 0.024392
29 0.492744 0.226321 0.025919 0.024860
34 0.393585 0.226715 0.026135 0.025002
7 0.296024 0.227342 0.017487 0.025628
11 0.269739 0.227620 0.027786 0.025975
7 0.337497 0.227384 0.018159 0.025361
24 0.316548 0.226833 0.016523 0.023685
11 0.364436 0.227625 0.027226 0.025241
34 0.239810 0.227717 0.025223 0.023907
0 0.146494 0.229049 0.028805 0.025971
32 0.215311 0.230691 0.030859 0.029084
26 0.112045 0.229415 0.030916 0.026156
9 0.171962 0.235130 0.018248 0.037508
7 0.191832 0.229332 0.016114 0.024417
18 0.376483 0.262468 0.028249 0.028897
18 0.646600 0.262531 0.028132 0.027682
4 0.341793 0.267351 0.037387 0.031020
3 0.512529 0.264481 0.026982 0.025058
7 0.577768 0.264195 0.017103 0.024283
10 0.484427 0.264574 0.020795 0.025028
4 0.452355 0.267039 0.038904 0.029781
33 0.547931 0.264711 0.040055 0.024711
22 0.620501 0.264400 0.022038 0.023417
24 0.401538 0.265263 0.014717 0.023765
7 0.421702 0.265597 0.017094 0.024089
28 0.308499 0.265678 0.023966 0.024111
4 0.200378 0.269607 0.038669 0.031614
9 0.284664 0.275237 0.017521 0.041624
5 0.257961 0.270768 0.029531 0.032661
26 0.112789 0.267979 0.030050 0.026669
10 0.233025 0.267537 0.020611 0.025402
25 0.163317 0.267143 0.028164 0.024038
24 0.138758 0.268288 0.016695 0.024457
4 0.637048 0.308076 0.037445 0.031145
4 0.491738 0.307974 0.038286 0.030598
25 0.308116 0.305989 0.028139 0.024530
3 0.278473 0.306407 0.027778 0.025326
28 0.457382 0.305922 0.025075 0.024296
3 0.339896 0.306082 0.028185 0.024529
34 0.524489 0.306364 0.025050 0.024987
11 0.427243 0.306406 0.027398 0.024873
26 0.113284 0.307329 0.030744 0.026603
0 0.572833 0.306880 0.030886 0.025421
22 0.250104 0.306549 0.021983 0.024562
24 0.364393 0.306339 0.015102 0.024051
3 0.146810 0.307199 0.028275 0.025311
12 0.175347 0.307796 0.022163 0.026412
8 0.199252 0.306899 0.022666 0.023987
28 0.225408 0.307198 0.023336 0.024349
35 0.392477 0.307278 0.034891 0.024090
17 0.601629 0.307186 0.015992 0.023444
3 0.587321 0.344790 0.027215 0.026065
27 0.656518 0.344795 0.042330 0.026051
11 0.618682 0.344919 0.029642 0.026136
34 0.541091 0.344768 0.026699 0.025586
22 0.517587 0.344598 0.022438 0.024601
14 0.323838 0.345834 0.038729 0.026968
32 0.463057 0.347158 0.028550 0.029454
10 0.357343 0.345192 0.020025 0.025136
28 0.491520 0.345227 0.024731 0.024678
8 0.214185 0.345888 0.022685 0.025688
11 0.262307 0.345847 0.026631 0.024768
28 0.290914 0.345784 0.022478 0.023818
17 0.414322 0.345679 0.015431 0.023469
3 0.184458 0.346663 0.029415 0.025210
24 0.394043 0.346621 0.017205 0.024466
7 0.236942 0.346489 0.016634 0.022940
34 0.452511 0.383073 0.028044 0.026734
3 0.397977 0.383557 0.027523 0.026540
22 0.425917 0.383436 0.021692 0.025815
3 0.523578 0.383681 0.028369 0.026262
12 0.550811 0.384098 0.022195 0.026266
11 0.578038 0.383716 0.027929 0.025089
33 0.487841 0.384354 0.039327 0.025180
10 0.604975 0.384688 0.020553 0.025722
34 0.351522 0.384119 0.027048 0.024536
32 0.324711 0.387066 0.035760 0.030349
3 0.247806 0.384821 0.027655 0.025784
22 0.275026 0.384610 0.021776 0.025261
7 0.299150 0.384726 0.017924 0.025103
24 0.627052 0.384925 0.016090 0.024954
3 0.164611 0.385778 0.027539 0.026412
0 0.195934 0.385714 0.028654 0.026020
9 0.222276 0.392028 0.017690 0.037879
15 0.534497 0.427958 0.025132 0.036908
25 0.562603 0.422199 0.027716 0.025356
10 0.590098 0.422566 0.021837 0.025949
34 0.476829 0.422516 0.025042 0.025587
4 0.444154 0.424807 0.038186 0.029736
0 0.505544 0.423298 0.028432 0.026384
34 0.688019 0.423143 0.026920 0.025608
11 0.381747 0.423274 0.027873 0.025348
3 0.350505 0.423526 0.027290 0.025671
22 0.614923 0.423463 0.022523 0.025371
24 0.665980 0.423533 0.015802 0.025051
28 0.410637 0.423585 0.023501 0.025012
1 0.180315 0.423854 0.027540 0.025276
22 0.283185 0.423440 0.022175 0.024283
28 0.257003 0.423677 0.023466 0.024207
24 0.154498 0.424636 0.017774 0.025231
21 0.209190 0.424254 0.024360 0.024378
36 0.328300 0.459462 0.029281 0.025820
11 0.266044 0.459514 0.027285 0.025074
28 0.410564 0.459894 0.023441 0.025626
3 0.296664 0.459388 0.027787 0.024579
11 0.628913 0.459916 0.027815 0.025515
3 0.597941 0.459589 0.027510 0.024841
0 0.164895 0.459898 0.028749 0.024859
27 0.560442 0.459945 0.043273 0.024823
28 0.196445 0.460513 0.025183 0.025949
28 0.501208 0.460188 0.024766 0.025055
22 0.474468 0.459879 0.023003 0.024033
22 0.526969 0.459892 0.022416 0.023961
32 0.379798 0.462366 0.035783 0.028813
28 0.658094 0.460714 0.024158 0.025313
7 0.240857 0.460841 0.017303 0.025428
24 0.220972 0.460578 0.016119 0.024700
17 0.451422 0.460461 0.015163 0.023518
37 0.504687 0.495519 0.032247 0.030959
34 0.470923 0.496920 0.026056 0.025473
3 0.684068 0.497392 0.027145 0.026210
11 0.441189 0.497214 0.027903 0.025587
3 0.410026 0.497412 0.027592 0.025805
11 0.654921 0.497503 0.026393 0.025884
25 0.350898 0.497385 0.028100 0.025427
34 0.190235 0.497807 0.026942 0.026237
11 0.221272 0.498019 0.028293 0.026513
1 0.538342 0.497327 0.029071 0.025067
22 0.605494 0.497918 0.022223 0.025480
7 0.629206 0.497525 0.017977 0.024635
34 0.306978 0.497966 0.025483 0.025514
28 0.380038 0.498381 0.026234 0.026297
8 0.248830 0.498088 0.023020 0.025607
11 0.277801 0.498344 0.027913 0.026062
9 0.564717 0.503115 0.015892 0.034753
34 0.230682 0.536480 0.026724 0.025601
34 0.647304 0.536890 0.026931 0.025533
25 0.200358 0.536355 0.029145 0.024442
3 0.496486 0.537190 0.027654 0.025390
3 0.593926 0.537269 0.027281 0.025422
34 0.549201 0.537411 0.025593 0.024565
0 0.361023 0.537641 0.027392 0.024961
22 0.622364 0.537633 0.021614 0.024871
34 0.691977 0.537650 0.025051 0.024891
21 0.409115 0.537684 0.025473 0.024794
11 0.329488 0.537793 0.027091 0.024907
24 0.303620 0.537939 0.017304 0.025143
22 0.524831 0.537740 0.022315 0.023695
24 0.671437 0.538070 0.016365 0.024263
33 0.459940 0.538114 0.040541 0.024268
17 0.386327 0.538227 0.015548 0.024072
15 0.268345 0.580859 0.025154 0.039164
8 0.241482 0.574635 0.021904 0.026230
25 0.297252 0.573990 0.029087 0.024886
3 0.427311 0.574744 0.027746 0.026225
22 0.326432 0.574522 0.022214 0.024927
15 0.177646 0.577870 0.023886 0.031573
32 0.631349 0.577393 0.031435 0.029957
3 0.524973 0.575029 0.026180 0.025138
5 0.659670 0.577814 0.024941 0.030605
36 0.460212 0.575069 0.028785 0.024731
24 0.401779 0.575067 0.016402 0.024609
36 0.374515 0.575196 0.028986 0.024459
33 0.209061 0.575202 0.037612 0.024048
21 0.149872 0.576694 0.027292 0.026862
21 0.553390 0.576122 0.025686 0.024762
24 0.500130 0.575863 0.016290 0.024197
36 0.599955 0.575419 0.028162 0.023074
25 0.321771 0.611109 0.028643 0.024476
13 0.349708 0.611698 0.023402 0.025474
13 0.465751 0.612123 0.023364 0.025556
8 0.409761 0.612432 0.022871 0.025567
36 0.227719 0.612026 0.027800 0.024706
13 0.255462 0.612120 0.022304 0.024685
24 0.296882 0.612332 0.016755 0.024650
3 0.701256 0.612438 0.025792 0.024770
22 0.180977 0.612547 0.023237 0.024910
17 0.372346 0.612580 0.017433 0.024404
22 0.509928 0.613106 0.021354 0.025173
25 0.151621 0.612404 0.028947 0.023665
3 0.586879 0.612987 0.029027 0.024653
13 0.675942 0.612807 0.021298 0.023913
21 0.438613 0.613456 0.026105 0.025144
17 0.203233 0.612701 0.014223 0.023064
21 0.556714 0.613927 0.025909 0.025368
7 0.653902 0.613212 0.016487 0.023694
33 0.623522 0.613508 0.039303 0.024068
17 0.489155 0.613314 0.015511 0.023637
25 0.584410 0.647540 0.026640 0.024092
3 0.250078 0.648511 0.027837 0.025891
4 0.345645 0.651081 0.040113 0.030865
34 0.174977 0.648388 0.027722 0.025214
3 0.281885 0.648600 0.028502 0.025439
8 0.147247 0.648837 0.022847 0.025588
36 0.658652 0.648483 0.028492 0.024828
25 0.218440 0.648044 0.026924 0.023922
4 0.523883 0.651664 0.038540 0.031054
34 0.379399 0.648888 0.026126 0.025296
15 0.557756 0.653780 0.023113 0.034816
22 0.612221 0.648842 0.020824 0.024017
28 0.310735 0.649307 0.024773 0.024918
11 0.424978 0.649497 0.027530 0.024638
22 0.472277 0.649748 0.021427 0.024598
17 0.634072 0.649550 0.015575 0.023724
17 0.450429 0.649910 0.015531 0.023711
17 0.493883 0.650215 0.015384 0.023972
18 0.294553 0.683097 0.029596 0.027026
25 0.325925 0.683660 0.028548 0.025264
15 0.354373 0.690296 0.026380 0.038251
15 0.192562 0.690982 0.024437 0.037367
22 0.267262 0.684460 0.022525 0.024100
28 0.240823 0.685177 0.024549 0.025188
15 0.428318 0.687133 0.022156 0.029050
4 0.628563 0.688767 0.037723 0.032262
3 0.493976 0.685672 0.028086 0.025877
25 0.523216 0.684883 0.027777 0.024242
12 0.216397 0.685721 0.021409 0.025872
4 0.158677 0.688326 0.037938 0.030761
21 0.401806 0.685865 0.026365 0.025347
24 0.377538 0.685410 0.016909 0.024247
34 0.661963 0.686589 0.026122 0.026262
7 0.549089 0.686005 0.016227 0.025028
21 0.573944 0.686284 0.027079 0.025137
7 0.597521 0.686088 0.016469 0.024054
33 0.458399 0.687026 0.038090 0.024223
25 0.270426 0.720327 0.028858 0.025658
3 0.346278 0.720571 0.027457 0.025395
34 0.415379 0.720796 0.025646 0.024671
4 0.382229 0.723502 0.038314 0.030073
4 0.207343 0.723847 0.039230 0.030510
34 0.242109 0.721184 0.027628 0.025160
17 0.321569 0.720907 0.015346 0.024151
22 0.299387 0.721251 0.020444 0.024829
25 0.444789 0.721208 0.030033 0.024254
3 0.504213 0.721842 0.026577 0.025319
28 0.474817 0.721798 0.024817 0.024769
4 0.597422 0.724747 0.037784 0.030170
34 0.631601 0.722327 0.027289 0.025165
25 0.170224 0.721629 0.029047 0.023505
28 0.562966 0.722764 0.024945 0.024876
0 0.670734 0.723225 0.029293 0.024742
24 0.145710 0.723264 0.017043 0.024456
10 0.696759 0.723360 0.019752 0.024117
4 0.239717 0.760488 0.037123 0.030805
34 0.338653 0.757815 0.028760 0.024854
3 0.275525 0.758328 0.027305 0.025671
11 0.307655 0.758609 0.028741 0.025649
3 0.171575 0.758862 0.028457 0.025901
0 0.385896 0.758480 0.029206 0.024956
9 0.410707 0.768268 0.015370 0.043882
3 0.203515 0.759151 0.028347 0.024812
8 0.462882 0.759779 0.022913 0.025486
3 0.434811 0.759842 0.027567 0.025528
9 0.145770 0.769397 0.017075 0.044057
3 0.522472 0.760471 0.028459 0.025912
21 0.490915 0.760584 0.027468 0.025668
2 0.658949 0.767317 0.037236 0.037763
20 0.622174 0.761445 0.028206 0.024681
28 0.591777 0.761807 0.024952 0.025292
33 0.558431 0.761337 0.036691 0.024099
28 0.692552 0.762325 0.024103 0.025599