25 0.758164 0.139053 0.029702 0.024594
24 0.733561 0.139452 0.017157 0.024567
3 0.884255 0.140773 0.029683 0.026396
28 0.407630 0.140710 0.028337 0.025962
25 0.347027 0.140148 0.029248 0.024827
21 0.680566 0.140217 0.026075 0.024772
11 0.455813 0.140599 0.030565 0.025397
29 0.515206 0.141090 0.026184 0.026218
3 0.837140 0.141154 0.027697 0.025858
22 0.376606 0.140588 0.024031 0.024645
28 0.598693 0.140766 0.024305 0.024610
3 0.626776 0.140819 0.027185 0.024516
21 0.571913 0.140904 0.026565 0.024629
24 0.860269 0.141075 0.015461 0.024522
22 0.653943 0.140752 0.022256 0.023817
24 0.323206 0.141330 0.016221 0.024310
25 0.685447 0.179459 0.028978 0.026242
3 0.718168 0.179694 0.028578 0.026290
3 0.750876 0.180055 0.029382 0.026814
29 0.625884 0.180418 0.028422 0.027294
3 0.655805 0.179983 0.027678 0.026341
5 0.781488 0.183685 0.030705 0.033246
3 0.420280 0.180921 0.029584 0.026368
4 0.460229 0.184155 0.042781 0.032827
3 0.814007 0.180840 0.028839 0.026103
13 0.547373 0.180718 0.024010 0.025697
27 0.369027 0.180954 0.051206 0.025288
26 0.525241 0.180915 0.015729 0.025158
17 0.525118 0.180869 0.015543 0.025019
17 0.858534 0.181316 0.015753 0.024996
26 0.595370 0.181231 0.026276 0.024657
21 0.329011 0.181658 0.026727 0.025410
17 0.570469 0.181447 0.015498 0.024656
18 0.562681 0.220356 0.029175 0.031061
4 0.397301 0.225087 0.042406 0.035017
25 0.739576 0.220677 0.029283 0.025249
25 0.826059 0.220609 0.027811 0.025004
8 0.533416 0.221076 0.021852 0.025764
3 0.436286 0.221286 0.029709 0.025909
10 0.852440 0.221518 0.021624 0.026173
9 0.620487 0.228646 0.017162 0.039947
0 0.595144 0.221642 0.029498 0.025540
3 0.358337 0.221829 0.028915 0.025792
34 0.691883 0.221265 0.026404 0.024627
25 0.484853 0.221352 0.028808 0.024552
22 0.326376 0.221890 0.024919 0.025568
32 0.666733 0.223918 0.032086 0.029223
17 0.765120 0.222001 0.016384 0.025219
4 0.793324 0.221728 0.033515 0.024567
7 0.640498 0.221826 0.017184 0.024705
24 0.715664 0.221718 0.016941 0.024478
7 0.511006 0.221912 0.018071 0.024283
23 0.563959 0.266430 0.031953 0.042136
34 0.674439 0.261972 0.029340 0.027244
4 0.637376 0.264969 0.040924 0.032766
10 0.841116 0.262109 0.023775 0.026911
34 0.442820 0.261883 0.027618 0.026002
3 0.598001 0.261984 0.029216 0.025924
25 0.809481 0.262287 0.031398 0.026006
14 0.730977 0.262192 0.040498 0.025698
9 0.509463 0.271721 0.017757 0.044510
1 0.359028 0.262466 0.030115 0.025917
7 0.488323 0.262142 0.018242 0.025149
7 0.763381 0.262396 0.017830 0.025606
25 0.412263 0.262106 0.030061 0.024622
28 0.533154 0.262554 0.024847 0.025121
24 0.467847 0.262417 0.016680 0.024660
24 0.783292 0.262869 0.016767 0.025349
9 0.386712 0.269983 0.017627 0.038506
26 0.326188 0.263721 0.025686 0.025793
18 0.765578 0.299997 0.029743 0.029494
15 0.670461 0.307411 0.026271 0.038747
4 0.633557 0.304815 0.041303 0.033028
11 0.573931 0.301565 0.029323 0.026512
4 0.804144 0.304750 0.040424 0.032458
3 0.541394 0.301628 0.027821 0.025487
34 0.446365 0.301830 0.027391 0.025750
22 0.738435 0.302024 0.022418 0.025091
3 0.384447 0.302413 0.029186 0.025867
32 0.510420 0.304531 0.031707 0.029938
21 0.415931 0.302789 0.028072 0.026384
28 0.842062 0.302380 0.028595 0.025381
1 0.329543 0.302961 0.029890 0.025805
32 0.709900 0.305190 0.033927 0.030222
17 0.600963 0.302381 0.016586 0.024561
33 0.873484 0.302600 0.032923 0.024980
7 0.898989 0.303023 0.017827 0.025618
36 0.478539 0.302532 0.030520 0.024625
17 0.356592 0.307510 0.017279 0.034287
3 0.654294 0.341000 0.028867 0.026145
4 0.817803 0.341097 0.036701 0.026267
25 0.567896 0.340514 0.028231 0.024969
10 0.595888 0.340811 0.019769 0.025364
22 0.764406 0.340440 0.023062 0.024450
21 0.622512 0.341590 0.028778 0.026392
24 0.740886 0.341253 0.018504 0.025398
20 0.536155 0.340963 0.029790 0.024816
1 0.381830 0.341828 0.030922 0.026302
16 0.686808 0.347241 0.029445 0.037014
32 0.864421 0.344173 0.039751 0.030516
28 0.716224 0.341562 0.024397 0.025141
22 0.476617 0.341265 0.023794 0.024468
17 0.788092 0.341208 0.016019 0.024317
0 0.327608 0.342674 0.029909 0.027067
9 0.408899 0.347446 0.016965 0.036552
34 0.431066 0.341742 0.026404 0.025009
26 0.354692 0.342533 0.017174 0.024615
18 0.730741 0.378992 0.028953 0.029654
18 0.598234 0.378847 0.030348 0.029111
18 0.350714 0.380482 0.029989 0.029086
4 0.769701 0.383604 0.041488 0.032309
22 0.704978 0.380667 0.021750 0.025025
11 0.524718 0.381255 0.028699 0.026061
28 0.645787 0.381183 0.027028 0.025857
4 0.390310 0.384657 0.041072 0.032740
32 0.676137 0.383114 0.033441 0.029356
17 0.550443 0.381252 0.015344 0.024977
28 0.804843 0.381373 0.024740 0.025027
21 0.831609 0.381500 0.025452 0.025189
7 0.497853 0.381277 0.016647 0.024633
28 0.429426 0.381629 0.026412 0.025279
22 0.323136 0.381648 0.024157 0.024969
33 0.465758 0.381947 0.041344 0.024806
7 0.855168 0.383006 0.018276 0.025526
15 0.695151 0.423600 0.024877 0.035972
34 0.745280 0.418460 0.025468 0.025370
29 0.884812 0.433099 0.025978 0.054495
13 0.719585 0.418433 0.022491 0.025141
25 0.593266 0.418259 0.027570 0.024605
1 0.776740 0.419083 0.028964 0.026048
22 0.449979 0.418818 0.023894 0.025116
9 0.861761 0.425750 0.016270 0.038763
34 0.805973 0.418888 0.026102 0.024827
2 0.397006 0.424317 0.038581 0.035603
0 0.498382 0.419017 0.028957 0.024983
32 0.837625 0.421474 0.032142 0.029733
32 0.647615 0.421438 0.030361 0.029588
25 0.324961 0.419052 0.028201 0.024685
3 0.531140 0.419287 0.027926 0.024746
17 0.473433 0.419405 0.015552 0.024152
26 0.473516 0.419390 0.016104 0.024122
7 0.427510 0.419682 0.017490 0.024170
35 0.356162 0.420038 0.035931 0.024236
15 0.349201 0.461409 0.026078 0.037155
24 0.809722 0.455891 0.015259 0.024625
25 0.520767 0.455805 0.029147 0.024258
0 0.430384 0.456410 0.029137 0.025221
34 0.832530 0.456087 0.026138 0.024513
3 0.736125 0.456103 0.026319 0.024432
4 0.702877 0.459304 0.036247 0.030771
7 0.403272 0.456728 0.017420 0.025331
34 0.653822 0.456123 0.025292 0.024060
11 0.377895 0.456319 0.027568 0.024443
13 0.762998 0.456426 0.022501 0.024378
9 0.456740 0.465343 0.017663 0.042152
11 0.624341 0.456301 0.026412 0.023988
13 0.320826 0.456865 0.022572 0.024919
10 0.599044 0.456158 0.020264 0.023497
21 0.787128 0.456565 0.025776 0.024187
24 0.496210 0.456958 0.017213 0.024903
11 0.575098 0.456390 0.025174 0.023584
28 0.547725 0.456582 0.024397 0.023907
7 0.475997 0.457446 0.017342 0.024632
34 0.549664 0.494749 0.025140 0.025378
4 0.594344 0.498153 0.054636 0.031560
4 0.381435 0.497845 0.038230 0.030916
34 0.460642 0.494982 0.025408 0.025157
11 0.324206 0.495798 0.028282 0.026593
29 0.489500 0.495817 0.026598 0.026591
3 0.840204 0.495194 0.028019 0.025229
11 0.520765 0.495565 0.028699 0.025792
3 0.809523 0.495556 0.028426 0.025359
22 0.779163 0.495620 0.022886 0.025059
3 0.638150 0.495769 0.027234 0.025199
8 0.665914 0.495304 0.022099 0.024219
17 0.756164 0.496110 0.015670 0.025294
21 0.432536 0.495877 0.025229 0.024240
7 0.349877 0.495965 0.017682 0.024109
21 0.731374 0.496268 0.027171 0.024584
17 0.410287 0.495790 0.014422 0.022843
24 0.706903 0.496424 0.016155 0.023134
18 0.746931 0.532847 0.028606 0.029040
18 0.566260 0.533074 0.027392 0.029242
22 0.293949 0.535163 0.025550 0.026950
15 0.656614 0.539935 0.024785 0.036456
34 0.324546 0.534681 0.028946 0.025157
0 0.716829 0.535363 0.028832 0.026465
8 0.539570 0.535010 0.023349 0.025293
0 0.486602 0.539149 0.040298 0.032978
11 0.628459 0.535562 0.027949 0.025415
32 0.597340 0.537752 0.032474 0.029631
20 0.684519 0.535632 0.028337 0.025293
13 0.374165 0.535439 0.021283 0.024794
0 0.778424 0.535678 0.028673 0.025107
17 0.517723 0.535794 0.015182 0.025246
28 0.424659 0.535856 0.025475 0.024985
2 0.864429 0.541688 0.037031 0.036435
20 0.828018 0.535916 0.028005 0.024769
21 0.397257 0.535964 0.025941 0.024717
17 0.802967 0.535728 0.015963 0.023313
3 0.451333 0.572769 0.029365 0.025973
0 0.418700 0.572449 0.028027 0.025133
34 0.346380 0.572890 0.026112 0.025272
2 0.776025 0.578145 0.037341 0.035265
3 0.829503 0.573216 0.026777 0.025403
34 0.647529 0.572821 0.025881 0.024606
34 0.598328 0.573224 0.025662 0.025024
22 0.573501 0.573233 0.022881 0.024729
20 0.483292 0.573561 0.028611 0.024819
27 0.656168 0.573071 0.045075 0.023792
22 0.320051 0.573270 0.022841 0.024153
12 0.624142 0.573763 0.021482 0.024982
2 0.521386 0.578993 0.038071 0.035352
7 0.806005 0.573199 0.016085 0.023754
20 0.740172 0.573350 0.027547 0.023913
22 0.687781 0.573827 0.022104 0.024176
7 0.551949 0.573863 0.017178 0.024171
28 0.712675 0.573850 0.023536 0.023806
25 0.685955 0.610824 0.027836 0.025459
27 0.589895 0.611574 0.046345 0.025938
4 0.824718 0.614317 0.038682 0.031220
8 0.623152 0.611213 0.023048 0.024889
34 0.582266 0.611384 0.029978 0.024746
27 0.781023 0.611721 0.042884 0.025242
4 0.439398 0.615072 0.038830 0.031658
3 0.509030 0.612386 0.029878 0.025969
3 0.860961 0.612177 0.028500 0.025421
22 0.714350 0.611823 0.023221 0.024651
3 0.476215 0.612494 0.027813 0.025501
11 0.743419 0.612296 0.028003 0.025011
33 0.654275 0.612018 0.038006 0.024346
3 0.403284 0.612671 0.027996 0.025035
24 0.377578 0.612310 0.017436 0.024141
4 0.469906 0.651249 0.039193 0.031829
3 0.508172 0.648709 0.030032 0.026231
22 0.711202 0.648064 0.022873 0.024709
8 0.852280 0.649152 0.023526 0.026462
10 0.875962 0.648432 0.020765 0.024808
21 0.682770 0.648710 0.027938 0.025260
29 0.655287 0.648692 0.024962 0.025133
22 0.551746 0.648306 0.024802 0.024335
1 0.608452 0.648752 0.026857 0.024922
3 0.376748 0.649035 0.028731 0.025171
1 0.741031 0.648836 0.029463 0.024725
21 0.580088 0.648894 0.025284 0.023776
28 0.435002 0.649365 0.025102 0.024169
21 0.792520 0.649701 0.027789 0.024645
21 0.407504 0.649378 0.025489 0.023429
18 0.586544 0.683451 0.026760 0.028769
11 0.658217 0.684876 0.027511 0.025227
14 0.622052 0.685011 0.036806 0.025371
3 0.689349 0.685153 0.026554 0.025500
3 0.427666 0.685969 0.028476 0.026128
3 0.720335 0.685889 0.027945 0.025646
3 0.828040 0.685858 0.026697 0.025344
13 0.542786 0.685819 0.022120 0.024817
0 0.797557 0.685928 0.027497 0.024836
22 0.750630 0.685968 0.022997 0.024785
27 0.505866 0.686010 0.036340 0.024807
36 0.859835 0.686118 0.030004 0.024872
9 0.562938 0.691592 0.018465 0.035784
34 0.500657 0.685774 0.026731 0.024126
4 0.465672 0.688491 0.039320 0.028985
29 0.358904 0.688133 0.025703 0.028179
17 0.772615 0.686463 0.014686 0.023164
7 0.385328 0.686584 0.018748 0.023163
4 0.476901 0.725994 0.039532 0.031495
1 0.763770 0.723175 0.028963 0.025165
3 0.858575 0.723187 0.027140 0.024961
3 0.693128 0.723772 0.028687 0.026031
34 0.608284 0.723050 0.024914 0.024463
36 0.638917 0.723507 0.027865 0.024913
3 0.387819 0.723980 0.029205 0.025730
34 0.513357 0.723906 0.027171 0.025457
13 0.416848 0.723625 0.022765 0.024842
22 0.812598 0.723358 0.022553 0.024155
25 0.580876 0.723249 0.026044 0.023765
24 0.556573 0.723779 0.018163 0.024376
17 0.834440 0.723842 0.014241 0.024399
24 0.666061 0.724080 0.017730 0.024833
34 0.357662 0.723866 0.024920 0.024010
17 0.789633 0.724106 0.015501 0.024265
18 0.809326 0.759570 0.027835 0.028884
18 0.684545 0.760329 0.028799 0.028533
15 0.434005 0.767310 0.026200 0.040169
34 0.573780 0.761036 0.028601 0.025754
25 0.336777 0.760578 0.029503 0.024642
11 0.403273 0.760947 0.030380 0.025260
24 0.312096 0.761048 0.017616 0.025110
25 0.542363 0.760579 0.028321 0.024004
3 0.622109 0.761443 0.028513 0.025691
4 0.775084 0.764536 0.037876 0.031865
3 0.369501 0.761332 0.028714 0.025403
11 0.840761 0.761386 0.027517 0.025174
0 0.494290 0.761313 0.027863 0.024897
3 0.463090 0.761323 0.028913 0.024744
9 0.519630 0.772680 0.018924 0.046925
11 0.654932 0.761827 0.028878 0.024914
12 0.743790 0.762282 0.021665 0.025485
3 0.716355 0.762418 0.027025 0.025340