8 0.513673 0.134822 0.023098 0.025978
11 0.620232 0.135087 0.028428 0.026051
12 0.591907 0.135571 0.022910 0.025816
28 0.564522 0.135479 0.026191 0.025506
9 0.539220 0.141720 0.016919 0.037837
11 0.439552 0.135805 0.027473 0.025860
26 0.487770 0.135638 0.023445 0.025333
11 0.271533 0.136063 0.027481 0.025737
3 0.303362 0.135902 0.026637 0.025128
22 0.668754 0.135399 0.022125 0.023995
17 0.645371 0.135864 0.015817 0.024817
24 0.690181 0.135985 0.016612 0.024898
22 0.411325 0.135512 0.021232 0.023805
17 0.465089 0.135861 0.015540 0.024407
4 0.217198 0.139487 0.037795 0.031432
36 0.334605 0.136256 0.029207 0.024940
9 0.361101 0.140910 0.017002 0.033686
7 0.709105 0.136855 0.017909 0.025346
28 0.384634 0.136359 0.024325 0.024188
7 0.246904 0.136736 0.015812 0.023806
28 0.183525 0.136649 0.023201 0.023191
11 0.157719 0.137131 0.026420 0.023500
18 0.180019 0.173910 0.029077 0.028347
34 0.682993 0.175463 0.027369 0.026465
25 0.379879 0.174049 0.030161 0.023453
8 0.656311 0.175454 0.022827 0.025356
26 0.465435 0.175686 0.025745 0.025556
35 0.411534 0.175307 0.037171 0.024046
7 0.520313 0.176022 0.016631 0.025369
8 0.152260 0.175874 0.022303 0.024862
21 0.274332 0.175666 0.026960 0.024046
22 0.246084 0.175619 0.023191 0.023622
24 0.540357 0.176083 0.016565 0.024538
17 0.633959 0.176334 0.016199 0.025038
21 0.564544 0.176152 0.028070 0.024593
35 0.307359 0.175798 0.034639 0.023322
22 0.611458 0.176472 0.023525 0.024598
18 0.551841 0.213366 0.030165 0.027587
3 0.403226 0.215305 0.028929 0.027359
11 0.325501 0.215675 0.029008 0.026211
29 0.583091 0.215382 0.025603 0.025426
27 0.364566 0.215519 0.045545 0.025665
34 0.355890 0.215593 0.026896 0.025446
0 0.453522 0.216194 0.030846 0.026170
11 0.612613 0.215508 0.028210 0.024423
11 0.268012 0.216155 0.027448 0.025455
22 0.523703 0.215678 0.023705 0.024408
3 0.155031 0.216320 0.027579 0.025595
28 0.641291 0.215936 0.025477 0.024789
3 0.237293 0.216083 0.027674 0.025025
9 0.479359 0.224364 0.018446 0.040768
25 0.204171 0.215915 0.028585 0.023816
7 0.500394 0.216699 0.017616 0.024707
24 0.179955 0.216680 0.015980 0.023551
3 0.569625 0.256505 0.029102 0.025898
11 0.393594 0.257060 0.030333 0.026718
12 0.364318 0.257828 0.022376 0.028236
3 0.337498 0.256879 0.028684 0.026125
24 0.478861 0.256816 0.016791 0.025809
3 0.638707 0.256878 0.027766 0.025862
11 0.537239 0.256739 0.028494 0.025551
25 0.505430 0.256335 0.028504 0.024305
3 0.451494 0.257288 0.029417 0.025921
4 0.158986 0.260982 0.040749 0.032663
15 0.194514 0.260539 0.023765 0.031692
32 0.220790 0.259926 0.033966 0.030402
9 0.248913 0.263192 0.016059 0.036924
28 0.693792 0.257396 0.025438 0.024731
33 0.299653 0.257806 0.041416 0.025294
24 0.610822 0.257920 0.018571 0.025278
21 0.667401 0.257993 0.025207 0.025039
17 0.268397 0.257871 0.016270 0.024444
18 0.195920 0.296443 0.028652 0.026871
3 0.288373 0.296511 0.028634 0.025725
3 0.461858 0.297391 0.028545 0.027384
27 0.425121 0.296938 0.042345 0.026310
27 0.699422 0.296962 0.040454 0.026195
4 0.546540 0.299166 0.039369 0.030523
25 0.662916 0.296100 0.030383 0.023886
34 0.256406 0.296993 0.026243 0.025531
3 0.509075 0.296786 0.028290 0.025074
25 0.226810 0.296539 0.027757 0.024545
22 0.391697 0.296744 0.023616 0.024580
25 0.341188 0.296794 0.028829 0.024324
24 0.315583 0.297968 0.017333 0.026555
33 0.587859 0.296884 0.038783 0.023885
24 0.637986 0.297329 0.016057 0.024624
7 0.618509 0.297479 0.016832 0.024766
17 0.368642 0.297142 0.016760 0.024042
24 0.145421 0.297860 0.017531 0.024679
22 0.168824 0.297440 0.022657 0.023253
3 0.339959 0.334988 0.028735 0.026121
3 0.523633 0.335380 0.028084 0.026233
11 0.554394 0.335191 0.027582 0.025854
27 0.648975 0.335918 0.042606 0.026343
34 0.641472 0.335785 0.027289 0.025796
3 0.442499 0.336241 0.028553 0.026301
24 0.365208 0.335486 0.015917 0.024664
3 0.686274 0.336125 0.029474 0.025917
5 0.211214 0.339538 0.027787 0.032510
22 0.308759 0.335654 0.023021 0.024630
11 0.611223 0.336490 0.029674 0.026249
25 0.490839 0.335861 0.028810 0.024037
34 0.240786 0.336211 0.025712 0.024530
3 0.151371 0.336534 0.027927 0.025130
35 0.393044 0.335974 0.036417 0.023497
24 0.467428 0.336616 0.016041 0.024602
32 0.182310 0.338977 0.030742 0.029170
15 0.275936 0.380460 0.025171 0.039815
3 0.456991 0.374733 0.028073 0.026396
11 0.370268 0.375371 0.029264 0.026997
34 0.321730 0.375006 0.027053 0.025960
11 0.425369 0.375114 0.029225 0.026158
24 0.297298 0.375193 0.015624 0.026050
7 0.397671 0.375300 0.018564 0.025736
27 0.327266 0.375283 0.037822 0.025635
32 0.526959 0.377697 0.032344 0.029959
11 0.676533 0.375442 0.027584 0.025353
5 0.181261 0.378638 0.027409 0.031696
34 0.210249 0.375337 0.026342 0.024742
28 0.556766 0.375448 0.024745 0.024885
17 0.252034 0.375662 0.016771 0.024959
9 0.580143 0.379983 0.016281 0.033483
22 0.620860 0.375370 0.022935 0.024236
28 0.646823 0.375677 0.023343 0.023527
15 0.280265 0.418421 0.024686 0.036181
8 0.231459 0.413078 0.023768 0.025438
26 0.201420 0.413029 0.026569 0.025167
15 0.567288 0.418693 0.023365 0.036303
13 0.455071 0.413257 0.024523 0.024917
2 0.600592 0.418156 0.038472 0.034420
3 0.392349 0.413812 0.027662 0.025493
13 0.661241 0.412932 0.021790 0.023643
32 0.538335 0.416120 0.032131 0.029876
29 0.309299 0.413641 0.028019 0.024754
11 0.360616 0.413918 0.027849 0.025088
36 0.424303 0.413753 0.030038 0.024585
7 0.335875 0.414228 0.016486 0.024829
28 0.635808 0.413698 0.024206 0.023470
35 0.503726 0.414696 0.032821 0.023312
18 0.669365 0.448491 0.029863 0.031262
3 0.337964 0.450663 0.027987 0.026338
32 0.147219 0.452340 0.036460 0.029679
34 0.615821 0.450373 0.027279 0.025520
25 0.216099 0.450409 0.028888 0.024914
25 0.536121 0.450864 0.029270 0.025502
11 0.305683 0.450519 0.027185 0.024630
22 0.643635 0.450808 0.022380 0.025171
1 0.587618 0.450841 0.028689 0.025097
29 0.480217 0.451021 0.025452 0.025102
28 0.506806 0.450739 0.025870 0.024227
11 0.424207 0.450677 0.028625 0.024066
28 0.452634 0.450827 0.024991 0.024043
24 0.191825 0.450743 0.015726 0.023363
17 0.241624 0.450941 0.016318 0.023070
17 0.562086 0.451068 0.015470 0.022970
34 0.340887 0.489110 0.028190 0.024696
34 0.212913 0.489395 0.026931 0.024554
25 0.498991 0.489508 0.028498 0.024700
11 0.181560 0.490064 0.029498 0.025707
8 0.255194 0.489859 0.023740 0.025276
13 0.312123 0.489993 0.023474 0.025427
3 0.426113 0.489742 0.026577 0.024499
29 0.151624 0.490222 0.026144 0.025428
22 0.529306 0.490181 0.023230 0.024406
17 0.475381 0.490190 0.015030 0.024218
21 0.284333 0.490792 0.028540 0.024825
2 0.640642 0.495575 0.036577 0.034306
28 0.675517 0.491118 0.026150 0.024897
9 0.573016 0.498498 0.015823 0.039596
33 0.389226 0.490808 0.040789 0.023935
35 0.601784 0.491296 0.037485 0.023810
22 0.720986 0.529804 0.024441 0.027505
1 0.507564 0.529643 0.028066 0.026589
3 0.687808 0.529940 0.028782 0.026817
11 0.444763 0.529687 0.028310 0.026136
25 0.362107 0.528696 0.030097 0.024001
3 0.643731 0.529247 0.027499 0.024965
3 0.211543 0.529329 0.028397 0.025088
3 0.477156 0.529485 0.028059 0.025389
3 0.313073 0.529704 0.028888 0.025569
11 0.613978 0.529788 0.027919 0.025603
28 0.270920 0.529906 0.025260 0.025356
24 0.338321 0.529798 0.016707 0.025011
24 0.185821 0.529487 0.016379 0.024346
4 0.156090 0.529371 0.035658 0.023969
29 0.414502 0.530494 0.025131 0.026211
25 0.581879 0.529938 0.028775 0.024886
17 0.389854 0.529928 0.016203 0.023982
34 0.533812 0.530149 0.025435 0.024424
24 0.557425 0.530372 0.016061 0.024542
11 0.597734 0.567208 0.029926 0.025829
4 0.664167 0.567025 0.034513 0.025104
24 0.571039 0.567814 0.017458 0.025837
28 0.629273 0.567624 0.026305 0.025173
25 0.336546 0.567305 0.029743 0.024508
22 0.365187 0.567606 0.022475 0.024790
10 0.437627 0.568282 0.021735 0.025572
7 0.552335 0.567752 0.017602 0.024370
33 0.200110 0.568031 0.040339 0.024486
22 0.253268 0.568095 0.024276 0.024545
21 0.483008 0.568692 0.028855 0.025401
22 0.529566 0.568565 0.022589 0.024848
7 0.230431 0.568225 0.015709 0.024131
35 0.304510 0.568586 0.036350 0.024398
24 0.459161 0.568800 0.016157 0.024787
17 0.507932 0.568447 0.015010 0.023696
3 0.215960 0.605721 0.027820 0.025692
4 0.253762 0.609076 0.040200 0.031853
7 0.188817 0.605959 0.017377 0.025203
34 0.287973 0.606084 0.026974 0.025038
33 0.157091 0.606764 0.042304 0.025188
11 0.403699 0.606666 0.028188 0.024907
10 0.376924 0.606602 0.021297 0.024674
34 0.581349 0.606730 0.026721 0.024906
36 0.682008 0.607066 0.030131 0.025489
21 0.350410 0.606724 0.027604 0.024618
34 0.534423 0.606968 0.026690 0.024992
24 0.558685 0.606856 0.016968 0.024474
24 0.328009 0.606695 0.015249 0.023948
28 0.651759 0.607286 0.023633 0.024909
28 0.433423 0.607327 0.025063 0.024529
21 0.624623 0.607504 0.025724 0.024795
22 0.508769 0.607401 0.022281 0.024310
18 0.296777 0.641190 0.029077 0.028352
25 0.222674 0.642037 0.028961 0.024229
8 0.269261 0.642410 0.022371 0.024904
15 0.461429 0.648220 0.024728 0.036058
34 0.195067 0.642423 0.026676 0.024279
15 0.371332 0.645139 0.023773 0.029111
8 0.434211 0.643219 0.023205 0.025037
3 0.503962 0.643377 0.027541 0.025092
25 0.553083 0.643070 0.028326 0.024201
22 0.641581 0.643355 0.020249 0.024664
17 0.247596 0.642687 0.015647 0.023321
21 0.344482 0.643224 0.025397 0.024035
3 0.585075 0.643759 0.028430 0.024981
24 0.529111 0.643356 0.015809 0.023994
11 0.615907 0.644002 0.027163 0.024988
11 0.668140 0.644240 0.026916 0.024915
33 0.400670 0.644124 0.040180 0.023862
17 0.692532 0.644429 0.015659 0.024291
21 0.209606 0.679903 0.027906 0.025378
1 0.521131 0.679792 0.028132 0.024999
3 0.403155 0.679987 0.028326 0.025102
17 0.282419 0.679927 0.016258 0.024674
24 0.184375 0.679854 0.016893 0.024452
21 0.327456 0.680229 0.027297 0.025072
36 0.156545 0.680059 0.030398 0.024652
24 0.302566 0.680249 0.017215 0.024849
22 0.258894 0.679965 0.023570 0.024107
36 0.434801 0.680433 0.028678 0.024666
17 0.235675 0.680124 0.016168 0.023608
22 0.373454 0.680654 0.022944 0.024648
21 0.675449 0.680800 0.025932 0.024646
26 0.351491 0.680597 0.015148 0.023935
17 0.545873 0.680439 0.014999 0.023469
17 0.351584 0.680713 0.015460 0.023991
22 0.567833 0.680646 0.022913 0.023174
9 0.648022 0.687829 0.018312 0.037219
24 0.590394 0.681446 0.016618 0.023644
35 0.618831 0.681635 0.036351 0.023077
18 0.370251 0.716167 0.028743 0.027360
8 0.155630 0.717542 0.025554 0.026278
11 0.236007 0.717368 0.029239 0.025704
25 0.416699 0.716884 0.028978 0.024664
25 0.203590 0.716906 0.028277 0.024274
25 0.293792 0.717277 0.028928 0.024012
5 0.482691 0.721387 0.028098 0.031800
8 0.342044 0.717904 0.023750 0.024779
28 0.265275 0.717763 0.024266 0.024437
21 0.685078 0.718427 0.026589 0.025659
25 0.633026 0.717974 0.027452 0.024738
21 0.566148 0.718054 0.026933 0.024835
22 0.511027 0.717464 0.022977 0.023636
28 0.538545 0.717862 0.024443 0.024312
17 0.180239 0.718175 0.015652 0.024496
7 0.318881 0.717902 0.015356 0.023762
35 0.448990 0.718261 0.036122 0.023299
35 0.601521 0.718953 0.037632 0.023859
11 0.159938 0.754966 0.029300 0.025529
3 0.242158 0.755552 0.027671 0.025759
13 0.187102 0.754945 0.021471 0.024399
3 0.622216 0.755545 0.027548 0.025518
13 0.409109 0.755441 0.023493 0.024766
0 0.513896 0.756157 0.029173 0.026196
3 0.653662 0.755729 0.028564 0.025252
3 0.273953 0.756096 0.028569 0.025948
3 0.464655 0.756004 0.029110 0.025616
25 0.564258 0.755750 0.028919 0.025057
21 0.211288 0.756015 0.028290 0.025418
13 0.681434 0.755683 0.022782 0.024738
21 0.591799 0.756170 0.027563 0.025690
10 0.705353 0.755750 0.022161 0.024657
11 0.381186 0.755647 0.027935 0.024326
9 0.539938 0.766086 0.017885 0.045079
21 0.434057 0.756043 0.027355 0.024830
28 0.304438 0.756276 0.025250 0.025080
9 0.327984 0.766905 0.018549 0.046029
5 0.350858 0.760185 0.028343 0.031873