8 0.478794 0.146923 0.022531 0.025081
15 0.508987 0.153552 0.026334 0.038249
1 0.593450 0.147608 0.028783 0.025945
25 0.642516 0.146878 0.029196 0.024449
34 0.670948 0.147385 0.023999 0.025423
15 0.410864 0.153152 0.024570 0.036876
32 0.805809 0.151607 0.036538 0.031854
17 0.618974 0.147961 0.015158 0.024420
36 0.717887 0.148945 0.030397 0.025891
3 0.773193 0.149386 0.029283 0.026378
20 0.327598 0.148431 0.029543 0.024453
21 0.380875 0.148634 0.027186 0.024356
33 0.443881 0.148240 0.039884 0.023199
24 0.355514 0.148496 0.016748 0.023549
24 0.745644 0.149668 0.017139 0.025751
28 0.840428 0.150088 0.024301 0.025257
3 0.397745 0.188321 0.029143 0.026195
11 0.431951 0.188701 0.030154 0.026102
3 0.733997 0.188723 0.027963 0.025988
4 0.499739 0.191245 0.041061 0.030975
34 0.536399 0.188584 0.027794 0.025503
34 0.350321 0.188535 0.026677 0.025381
22 0.323739 0.188174 0.023963 0.024126
28 0.463363 0.188668 0.025564 0.024924
4 0.668387 0.191794 0.040415 0.031061
28 0.585907 0.189045 0.025306 0.024794
34 0.702745 0.189091 0.027306 0.024578
9 0.562277 0.195355 0.017024 0.036933
24 0.760131 0.189967 0.017015 0.025174
25 0.785153 0.190321 0.028931 0.025353
3 0.817691 0.191504 0.029284 0.026991
27 0.885111 0.192476 0.041236 0.026582
11 0.849309 0.192410 0.027894 0.026064
3 0.508417 0.227630 0.030068 0.026460
1 0.542993 0.227995 0.030514 0.025544
25 0.323747 0.228419 0.030617 0.026083
25 0.573186 0.227928 0.030718 0.023720
11 0.773242 0.229925 0.029886 0.027491
17 0.381692 0.228404 0.016937 0.024167
32 0.625577 0.231454 0.035537 0.030208
17 0.598783 0.228615 0.015477 0.024459
22 0.355821 0.228953 0.024470 0.024813
21 0.720837 0.229678 0.028924 0.026003
7 0.746950 0.230031 0.017587 0.026602
34 0.804486 0.229949 0.027825 0.025989
22 0.674734 0.229718 0.023146 0.024708
17 0.652564 0.229878 0.015052 0.024409
36 0.837195 0.230902 0.031726 0.025947
13 0.485281 0.267901 0.022004 0.025533
3 0.604734 0.268486 0.028497 0.026062
3 0.402875 0.268388 0.030030 0.025822
3 0.656542 0.268369 0.027564 0.025660
12 0.430758 0.268835 0.022509 0.026475
25 0.341241 0.268616 0.029540 0.025189
28 0.540272 0.268838 0.027896 0.025574
10 0.371334 0.269238 0.023285 0.026009
34 0.457079 0.268847 0.027329 0.025199
25 0.571395 0.268116 0.028703 0.023447
24 0.316676 0.269243 0.016743 0.025559
21 0.509513 0.268851 0.028730 0.024776
24 0.631966 0.268670 0.016632 0.024198
34 0.712072 0.269902 0.026445 0.025754
25 0.758636 0.269818 0.028616 0.024849
22 0.787370 0.270607 0.022621 0.025253
17 0.809616 0.270917 0.014864 0.024668
11 0.523335 0.306043 0.029785 0.025470
34 0.554350 0.305982 0.027134 0.024722
14 0.454730 0.306004 0.037906 0.024644
28 0.492061 0.306414 0.025318 0.025114
27 0.410339 0.307101 0.045201 0.025606
25 0.619980 0.306819 0.029761 0.024961
24 0.594742 0.307424 0.016319 0.024884
21 0.371711 0.307781 0.027975 0.025066
3 0.719278 0.308268 0.028384 0.025971
3 0.320432 0.308375 0.029315 0.026102
25 0.749862 0.307450 0.027634 0.023926
22 0.649588 0.307824 0.021573 0.024204
9 0.692036 0.316194 0.017385 0.040383
3 0.780622 0.309169 0.028595 0.026003
24 0.347291 0.308451 0.016594 0.024084
22 0.809542 0.309759 0.021737 0.024789
24 0.830985 0.310109 0.016448 0.024302
35 0.857167 0.310808 0.036219 0.024217
18 0.810991 0.346850 0.027462 0.030047
25 0.483598 0.345741 0.028399 0.024622
27 0.444085 0.346727 0.045029 0.026510
22 0.513677 0.346407 0.023235 0.025320
3 0.649390 0.347303 0.027860 0.026900
3 0.681505 0.347687 0.029154 0.027167
34 0.436195 0.346802 0.027166 0.024720
21 0.617530 0.347118 0.027389 0.025206
0 0.735563 0.347836 0.029231 0.026526
28 0.405087 0.347541 0.027565 0.025446
28 0.375874 0.347879 0.026286 0.026046
17 0.537055 0.347035 0.015629 0.024190
5 0.318200 0.350220 0.030871 0.030014
22 0.348626 0.348210 0.022537 0.025373
22 0.784453 0.348334 0.023402 0.025159
11 0.750081 0.386734 0.028403 0.026434
28 0.781536 0.386825 0.027154 0.026533
25 0.632162 0.385991 0.028701 0.024645
28 0.603522 0.386064 0.025564 0.024459
3 0.354456 0.386787 0.028884 0.025796
24 0.578351 0.386089 0.017858 0.024387
32 0.532424 0.388162 0.034043 0.028393
7 0.557438 0.386742 0.015675 0.025350
22 0.810000 0.386710 0.023310 0.024845
22 0.661520 0.386596 0.022897 0.024493
36 0.497752 0.386504 0.027268 0.024128
22 0.383657 0.386855 0.022517 0.024705
17 0.684136 0.386721 0.016828 0.024044
29 0.467455 0.387106 0.025100 0.024259
25 0.320505 0.386954 0.029146 0.023790
24 0.407484 0.387260 0.016687 0.024214
24 0.832803 0.387551 0.016185 0.024020
35 0.435268 0.387869 0.036454 0.023813
35 0.858903 0.389186 0.036705 0.025936
18 0.697835 0.422980 0.029155 0.028745
4 0.450327 0.426838 0.039760 0.032235
1 0.601558 0.423780 0.030173 0.025763
22 0.649794 0.424316 0.023212 0.025507
1 0.321474 0.424886 0.030596 0.026073
21 0.569937 0.424528 0.027079 0.025328
17 0.627272 0.424307 0.014724 0.024586
8 0.786214 0.424908 0.023771 0.025745
35 0.492310 0.424452 0.037424 0.024717
13 0.728679 0.424730 0.022995 0.025113
3 0.756148 0.424905 0.027972 0.025460
24 0.672835 0.424522 0.016564 0.024580
9 0.395667 0.429785 0.017771 0.034945
22 0.542138 0.424456 0.023159 0.024049
22 0.372153 0.424926 0.023465 0.024899
7 0.417458 0.424625 0.018143 0.024127
7 0.809777 0.425619 0.017986 0.025211
17 0.349168 0.425298 0.015035 0.024170
11 0.837035 0.426390 0.029217 0.026276
7 0.863540 0.426164 0.017561 0.025603
4 0.506382 0.463761 0.044363 0.031480
3 0.574267 0.461163 0.028148 0.025458
3 0.622889 0.461668 0.028854 0.026312
21 0.544630 0.461523 0.026117 0.024956
3 0.721881 0.461972 0.027981 0.025848
3 0.423141 0.461954 0.027402 0.025112
22 0.652500 0.461962 0.023537 0.025122
7 0.696584 0.461984 0.017021 0.025131
3 0.855846 0.462349 0.028718 0.025636
28 0.805959 0.461758 0.025043 0.024285
3 0.391168 0.462205 0.029406 0.025104
9 0.830365 0.469499 0.018526 0.039456
25 0.752283 0.461594 0.028451 0.023510
24 0.675692 0.462356 0.016056 0.024980
22 0.780278 0.461946 0.021177 0.023479
7 0.473245 0.462602 0.015691 0.024208
8 0.316730 0.463346 0.022468 0.024588
7 0.341439 0.463708 0.016734 0.024344
24 0.364228 0.463629 0.017843 0.023993
18 0.407621 0.498920 0.029827 0.030477
18 0.797983 0.499083 0.028652 0.028127
18 0.482640 0.499820 0.028969 0.028835
3 0.830907 0.500250 0.029440 0.028126
3 0.516684 0.501169 0.029356 0.026420
3 0.550161 0.501104 0.028646 0.026210
4 0.763177 0.503419 0.039774 0.030634
4 0.447075 0.503503 0.042851 0.030704
32 0.694749 0.503653 0.032878 0.030133
11 0.583046 0.501735 0.029507 0.026216
3 0.726816 0.501372 0.027934 0.025106
22 0.634653 0.501601 0.024744 0.025006
32 0.379511 0.504357 0.034304 0.030230
7 0.610409 0.502117 0.017600 0.025689
3 0.345687 0.502007 0.028771 0.025350
22 0.314916 0.501762 0.022499 0.024510
18 0.334994 0.537718 0.029587 0.028605
18 0.635168 0.537881 0.030196 0.027431
25 0.580405 0.538898 0.028402 0.024990
3 0.439712 0.539479 0.029729 0.025960
0 0.531284 0.539134 0.029065 0.024666
22 0.737340 0.539413 0.022710 0.024340
11 0.472262 0.540054 0.028065 0.024816
3 0.846371 0.540469 0.029158 0.025644
21 0.604906 0.539795 0.027890 0.024264
22 0.816944 0.539766 0.023434 0.024172
28 0.501302 0.540064 0.024600 0.024627
28 0.712132 0.540168 0.024391 0.024536
24 0.661526 0.540042 0.015809 0.024179
21 0.684205 0.540255 0.025822 0.024436
24 0.309911 0.540414 0.016795 0.024709
32 0.368063 0.542877 0.033938 0.028879
35 0.403736 0.540824 0.034690 0.024027
8 0.637866 0.577149 0.024715 0.026416
29 0.763521 0.577937 0.026001 0.025809
11 0.852501 0.578665 0.028875 0.027086
11 0.709131 0.577918 0.027549 0.025053
11 0.549660 0.577820 0.027943 0.024830
21 0.820955 0.578015 0.027014 0.025212
12 0.682475 0.578361 0.021510 0.025700
7 0.661867 0.577766 0.015860 0.024085
28 0.737039 0.578475 0.024297 0.025423
27 0.586398 0.577641 0.042564 0.023737
28 0.792417 0.578002 0.025449 0.024382
12 0.457494 0.579150 0.020655 0.026207
34 0.484622 0.578574 0.028694 0.024663
32 0.517175 0.580570 0.033964 0.028504
3 0.383880 0.578943 0.028580 0.025165
7 0.877454 0.579306 0.017863 0.025867
8 0.413122 0.579275 0.022553 0.024985
7 0.438016 0.578866 0.015844 0.024148
32 0.310629 0.581003 0.034730 0.027971
35 0.347116 0.579767 0.035918 0.024440
4 0.502062 0.620719 0.042315 0.032965
3 0.463187 0.617600 0.028627 0.026687
4 0.803611 0.621339 0.042013 0.033464
32 0.430144 0.620025 0.033612 0.030589
11 0.576101 0.617924 0.027590 0.025739
11 0.315356 0.618244 0.030377 0.026192
7 0.837056 0.618618 0.019444 0.026738
3 0.397584 0.618232 0.029163 0.025882
7 0.601736 0.617858 0.016714 0.024864
32 0.654282 0.619897 0.033741 0.028589
33 0.726934 0.618059 0.042132 0.024460
7 0.535297 0.617739 0.017929 0.023774
7 0.678192 0.618193 0.016313 0.024638
22 0.368165 0.618018 0.022639 0.024009
26 0.625244 0.619032 0.024812 0.024339
18 0.740715 0.652796 0.029055 0.028049
4 0.704855 0.657399 0.039921 0.031910
11 0.596031 0.654404 0.027267 0.025192
3 0.646037 0.654262 0.026332 0.024755
11 0.772343 0.655031 0.028754 0.025359
7 0.622038 0.654392 0.016137 0.023729
3 0.453879 0.655191 0.028171 0.024866
12 0.671720 0.655288 0.020541 0.024971
28 0.501021 0.655151 0.025059 0.024565
10 0.801310 0.655246 0.021644 0.024653
11 0.531179 0.655114 0.027822 0.024222
0 0.421478 0.655490 0.029820 0.024963
7 0.557391 0.655521 0.017824 0.024737
24 0.393380 0.655628 0.016639 0.024353
11 0.829225 0.656101 0.029008 0.025130
24 0.478461 0.655773 0.015362 0.023960
7 0.857367 0.656613 0.019349 0.025580
11 0.314132 0.656495 0.029323 0.025107
7 0.340714 0.656132 0.017175 0.023665
3 0.755022 0.689119 0.026514 0.024281
24 0.779456 0.689919 0.016379 0.024830
0 0.805578 0.689714 0.028761 0.023973
28 0.726271 0.689741 0.025153 0.023685
8 0.699388 0.690152 0.023111 0.023092
28 0.662269 0.689929 0.025562 0.022583
28 0.852108 0.690570 0.024389 0.023511
13 0.556424 0.691199 0.023166 0.023909
5 0.634817 0.694397 0.026366 0.030223
17 0.578556 0.691425 0.014810 0.023545
14 0.502355 0.692336 0.037037 0.025131
24 0.829306 0.690936 0.016114 0.022041
29 0.337900 0.692627 0.024086 0.025076
11 0.440611 0.692471 0.027937 0.024702
7 0.534332 0.692258 0.017529 0.024072
24 0.613172 0.691878 0.015405 0.023170
28 0.409911 0.692715 0.025694 0.024598
13 0.385085 0.692371 0.022073 0.023405
28 0.469394 0.692656 0.022867 0.023911
7 0.362450 0.692639 0.017184 0.023821
26 0.311025 0.693074 0.025370 0.023894
3 0.742725 0.725955 0.027250 0.024621
13 0.678719 0.726149 0.022813 0.024534
36 0.833813 0.726324 0.029734 0.024479
33 0.777845 0.726350 0.039585 0.023946
7 0.808114 0.726344 0.017347 0.023928
15 0.329452 0.735797 0.026196 0.041535
14 0.626727 0.727549 0.037020 0.024260
3 0.493537 0.728525 0.029206 0.026081
3 0.564145 0.727727 0.027098 0.024464
7 0.656240 0.727494 0.016565 0.023692
11 0.461908 0.728352 0.027666 0.025259
28 0.592777 0.727902 0.023763 0.024289
17 0.700119 0.727563 0.015436 0.023537
0 0.357848 0.728320 0.027485 0.024003
22 0.403952 0.728557 0.021654 0.024001
17 0.382835 0.728945 0.014644 0.024241
28 0.432043 0.729093 0.024299 0.024300
25 0.767173 0.763292 0.027253 0.024122
13 0.739497 0.763718 0.022918 0.024608
3 0.798300 0.764379 0.029071 0.025841
25 0.329882 0.763890 0.026995 0.024704
34 0.860203 0.763892 0.026524 0.024345
8 0.685838 0.763976 0.022165 0.024191
10 0.356919 0.764497 0.022392 0.024982
36 0.618133 0.764658 0.028644 0.024558
21 0.712793 0.764527 0.025687 0.024255
24 0.305574 0.765096 0.017604 0.025170
25 0.541035 0.764750 0.028785 0.024429
8 0.413270 0.765358 0.023659 0.025215
22 0.571490 0.765531 0.022708 0.024834
26 0.385281 0.765878 0.025962 0.025235
17 0.592411 0.765522 0.015411 0.024352
34 0.511790 0.765699 0.026301 0.024114
9 0.438465 0.775328 0.018320 0.042802
12 0.488675 0.766406 0.023552 0.024730
28 0.462771 0.766677 0.024887 0.025258