1 0.458430 0.144937 0.027832 0.024300
3 0.557110 0.145853 0.026779 0.025375
25 0.620622 0.145698 0.026356 0.024498
0 0.508281 0.145999 0.027473 0.024970
34 0.648661 0.145934 0.026777 0.024757
17 0.483051 0.145927 0.014673 0.024452
30 0.589364 0.146076 0.032494 0.024651
34 0.322749 0.145965 0.025716 0.024249
4 0.212173 0.149780 0.038985 0.031676
17 0.532837 0.147256 0.015737 0.026452
9 0.271007 0.154131 0.015204 0.039936
11 0.294364 0.146624 0.027062 0.024860
3 0.247339 0.146711 0.025854 0.025020
34 0.162321 0.147268 0.025964 0.024301
22 0.137122 0.148003 0.020490 0.023959
37 0.141376 0.186361 0.032570 0.028371
3 0.578319 0.186073 0.029130 0.026327
11 0.663987 0.185926 0.027461 0.026006
25 0.546817 0.185684 0.027967 0.025108
3 0.454214 0.186364 0.027637 0.026126
3 0.499111 0.186234 0.028155 0.025860
11 0.609896 0.186460 0.027744 0.025454
10 0.637137 0.186795 0.020422 0.024945
34 0.351745 0.186852 0.027150 0.024889
17 0.686814 0.186729 0.014747 0.024253
25 0.380496 0.187030 0.027582 0.024649
25 0.193101 0.186951 0.028061 0.024403
24 0.523655 0.186801 0.016521 0.024030
34 0.221915 0.187037 0.024461 0.023825
0 0.294431 0.187568 0.028080 0.024853
22 0.408488 0.187249 0.021108 0.024115
21 0.324133 0.187758 0.025097 0.024804
28 0.264643 0.187622 0.024392 0.024514
17 0.430095 0.187331 0.014871 0.023607
24 0.169982 0.187825 0.016345 0.023425
37 0.555292 0.224328 0.034334 0.030190
28 0.442992 0.225772 0.023430 0.024935
15 0.609159 0.232851 0.026393 0.038975
1 0.472282 0.225676 0.028208 0.024471
25 0.417775 0.225344 0.029234 0.023604
3 0.521067 0.226124 0.027571 0.025157
36 0.370543 0.226123 0.029817 0.024777
1 0.637425 0.226624 0.027895 0.025116
3 0.339177 0.226688 0.026265 0.024736
11 0.309502 0.227404 0.027319 0.026030
15 0.220530 0.232677 0.023472 0.035772
9 0.584717 0.232616 0.016284 0.035563
7 0.283106 0.227118 0.016532 0.024557
17 0.496177 0.226281 0.015629 0.022797
33 0.252740 0.227909 0.039683 0.024625
21 0.192726 0.228078 0.025558 0.024666
36 0.142162 0.227981 0.029088 0.024398
24 0.169261 0.228194 0.016470 0.023660
18 0.313297 0.264468 0.027615 0.030561
27 0.425034 0.265838 0.044685 0.024611
3 0.527021 0.266079 0.029066 0.024912
14 0.348698 0.266866 0.038418 0.026391
3 0.557855 0.266183 0.027872 0.024949
4 0.594313 0.269159 0.037717 0.030754
9 0.290143 0.271476 0.017247 0.035382
11 0.386195 0.266546 0.028387 0.025444
0 0.475841 0.266709 0.030431 0.025401
13 0.269090 0.266292 0.023726 0.024299
3 0.630065 0.267721 0.027328 0.026635
11 0.141846 0.267990 0.027475 0.026251
3 0.241205 0.267802 0.028037 0.025607
14 0.204703 0.267978 0.038708 0.025774
32 0.658759 0.269143 0.028768 0.027806
28 0.683936 0.268213 0.023517 0.025927
28 0.170262 0.267937 0.023760 0.024432
25 0.370506 0.304316 0.028735 0.025045
21 0.316979 0.305047 0.025813 0.025262
10 0.397764 0.304881 0.020825 0.024913
13 0.343536 0.305098 0.021613 0.024974
3 0.223676 0.305523 0.028166 0.025480
8 0.288696 0.304964 0.022429 0.024314
20 0.520103 0.305316 0.027737 0.024633
13 0.581876 0.305384 0.022718 0.024458
36 0.520117 0.305363 0.028153 0.024223
22 0.473584 0.305307 0.023825 0.024044
20 0.425395 0.305275 0.026896 0.023815
3 0.610399 0.306027 0.028749 0.025155
36 0.425594 0.305361 0.027354 0.023778
24 0.451410 0.305601 0.015324 0.024056
20 0.552554 0.305560 0.027405 0.023891
34 0.158017 0.306285 0.027589 0.024713
24 0.198372 0.306226 0.015443 0.023586
32 0.653519 0.309336 0.033191 0.029766
28 0.682258 0.306866 0.022891 0.024079
9 0.134894 0.313142 0.015368 0.035776
15 0.507829 0.348130 0.024604 0.033722
3 0.285012 0.344994 0.027348 0.025630
14 0.347421 0.344804 0.040282 0.025124
8 0.255374 0.344628 0.022130 0.024728
25 0.607021 0.344588 0.028690 0.024587
3 0.638251 0.345137 0.028096 0.025564
7 0.380148 0.344896 0.017397 0.024869
21 0.479496 0.345001 0.026065 0.025015
25 0.668432 0.345429 0.029253 0.025853
3 0.576130 0.345209 0.028875 0.025376
22 0.312522 0.345240 0.022976 0.025212
0 0.160902 0.345534 0.029758 0.025755
24 0.456270 0.344570 0.016413 0.023671
24 0.400167 0.345532 0.016672 0.025174
32 0.209845 0.347498 0.033567 0.028791
17 0.233872 0.347310 0.014162 0.028140
33 0.537209 0.345301 0.039610 0.024047
35 0.428289 0.345155 0.034358 0.023702
24 0.134526 0.345838 0.017310 0.024907
17 0.691669 0.346540 0.015781 0.025052
18 0.168562 0.382927 0.030593 0.028407
25 0.634231 0.382783 0.029001 0.024889
3 0.434897 0.383394 0.027042 0.025510
15 0.606827 0.390233 0.024596 0.038488
8 0.138294 0.383977 0.022147 0.025750
4 0.573199 0.386389 0.037573 0.030543
11 0.404773 0.384304 0.027910 0.026033
8 0.198986 0.383867 0.022344 0.024968
25 0.536728 0.383432 0.027743 0.023875
22 0.662728 0.383683 0.020917 0.024235
0 0.267307 0.384202 0.028510 0.025235
29 0.355179 0.384676 0.026395 0.026010
9 0.311812 0.389813 0.015619 0.035356
7 0.380148 0.384906 0.017027 0.025481
17 0.682757 0.384395 0.015839 0.024308
7 0.222289 0.384640 0.017562 0.024636
24 0.514016 0.384833 0.015576 0.024542
24 0.242322 0.384590 0.015649 0.023906
15 0.216109 0.427025 0.023860 0.035583
25 0.322454 0.421734 0.027745 0.024966
15 0.491135 0.427194 0.024349 0.035642
22 0.351058 0.422139 0.022293 0.025463
11 0.430477 0.422048 0.027002 0.025227
2 0.649533 0.427124 0.038669 0.035325
11 0.399352 0.422630 0.026627 0.026227
1 0.461623 0.422373 0.027850 0.025691
4 0.183366 0.425275 0.037210 0.031429
7 0.374239 0.422585 0.017880 0.025713
8 0.558411 0.422562 0.024100 0.025542
9 0.298231 0.426408 0.015921 0.032703
7 0.277727 0.422467 0.017410 0.024318
26 0.529998 0.423474 0.025493 0.025874
7 0.679421 0.423156 0.016078 0.025063
33 0.247762 0.423432 0.038987 0.024924
36 0.145798 0.423696 0.029615 0.024923
35 0.608960 0.423137 0.034215 0.023180
18 0.382312 0.457666 0.029352 0.028349
15 0.327908 0.466441 0.026160 0.039903
4 0.222575 0.462393 0.039441 0.031224
9 0.408889 0.467347 0.019264 0.040494
11 0.435840 0.460418 0.027438 0.026231
22 0.355048 0.459360 0.023555 0.023908
32 0.302960 0.462055 0.028661 0.028792
0 0.509005 0.460221 0.028735 0.024999
34 0.464209 0.459988 0.026129 0.024518
34 0.185587 0.460454 0.026347 0.025427
15 0.574491 0.468329 0.026131 0.040631
11 0.632253 0.461650 0.027592 0.026832
4 0.152431 0.463828 0.037341 0.031059
29 0.602526 0.462181 0.026101 0.027716
12 0.276614 0.461137 0.020944 0.025434
10 0.254713 0.460603 0.018970 0.024247
3 0.664429 0.462219 0.028465 0.026367
17 0.532952 0.462154 0.014762 0.026178
9 0.550475 0.468785 0.016083 0.038173
9 0.405319 0.504710 0.017544 0.038119
34 0.175642 0.498591 0.027845 0.025207
25 0.378802 0.498465 0.029370 0.024607
1 0.146676 0.499366 0.028984 0.025779
34 0.530241 0.499090 0.025754 0.025222
11 0.501706 0.499533 0.027468 0.026026
28 0.429039 0.499003 0.025470 0.024909
3 0.307150 0.499899 0.027501 0.026531
34 0.245397 0.498888 0.025405 0.024301
32 0.277332 0.501768 0.033376 0.029726
14 0.464546 0.499318 0.038908 0.024749
10 0.333967 0.499399 0.020661 0.024682
22 0.220525 0.499168 0.021225 0.024041
3 0.576104 0.500149 0.027311 0.025680
24 0.355244 0.499700 0.017029 0.023627
34 0.628497 0.500933 0.025482 0.025772
22 0.604127 0.500625 0.020655 0.024683
12 0.654398 0.502065 0.021638 0.026889
34 0.679649 0.501963 0.024912 0.025164
25 0.299217 0.537643 0.027232 0.025609
22 0.521172 0.537136 0.021755 0.024419
22 0.326702 0.537314 0.021400 0.024703
28 0.495783 0.537272 0.023856 0.024369
9 0.472137 0.544673 0.018530 0.038933
0 0.447402 0.538092 0.028483 0.025543
17 0.348530 0.537359 0.015398 0.023905
28 0.174055 0.537818 0.024837 0.024727
36 0.374187 0.537535 0.028588 0.024157
7 0.543501 0.539215 0.017051 0.027380
3 0.233214 0.537592 0.025816 0.023905
11 0.203220 0.537856 0.026917 0.024297
11 0.596906 0.538755 0.027217 0.025465
28 0.625009 0.539720 0.022845 0.026636
32 0.142008 0.540925 0.033788 0.028818
13 0.649489 0.539180 0.022169 0.025106
32 0.566662 0.541522 0.032391 0.029720
32 0.116846 0.577228 0.035056 0.030529
15 0.339913 0.579374 0.025194 0.033020
28 0.263459 0.575370 0.025471 0.024747
12 0.232902 0.576411 0.026847 0.026594
25 0.310591 0.575111 0.026535 0.023738
24 0.288125 0.575289 0.017358 0.023927
10 0.146549 0.575772 0.021666 0.024658
0 0.452043 0.576343 0.028316 0.025446
3 0.503951 0.579151 0.028342 0.031027
0 0.369255 0.577500 0.028214 0.027723
3 0.401584 0.576671 0.028721 0.025352
24 0.427087 0.576603 0.016351 0.024961
0 0.534973 0.577676 0.027235 0.024947
4 0.586820 0.581065 0.037485 0.031364
17 0.559144 0.578686 0.014795 0.023834
32 0.117803 0.615667 0.034701 0.032537
11 0.150669 0.614525 0.027473 0.024986
22 0.201792 0.615120 0.022427 0.023686
7 0.178625 0.615803 0.020043 0.024906
24 0.311862 0.615865 0.016638 0.024808
22 0.334014 0.615820 0.021362 0.024581
24 0.225192 0.616031 0.017796 0.024946
7 0.245749 0.615611 0.017380 0.024061
14 0.407386 0.616327 0.036928 0.025436
13 0.269336 0.615569 0.022902 0.023914
7 0.356887 0.615931 0.018370 0.024241
17 0.291110 0.615640 0.015886 0.023400
11 0.463607 0.616839 0.027541 0.025060
28 0.567100 0.617266 0.025396 0.025718
4 0.602738 0.620114 0.038692 0.031296
28 0.493735 0.617475 0.025573 0.025442
25 0.541196 0.617582 0.026414 0.023930
3 0.639199 0.618749 0.027912 0.025818
9 0.663361 0.625891 0.016585 0.039362
28 0.117529 0.651540 0.029291 0.028253
18 0.437906 0.651979 0.028706 0.028349
13 0.178498 0.651301 0.022379 0.025358
11 0.150561 0.651495 0.027331 0.024718
4 0.266867 0.654360 0.037852 0.029803
28 0.231483 0.651579 0.023094 0.023558
21 0.204342 0.651673 0.024817 0.023268
3 0.303925 0.652691 0.027741 0.024642
22 0.411419 0.652431 0.022319 0.023764
28 0.384690 0.652672 0.024798 0.024207
11 0.354728 0.653171 0.027520 0.024869
4 0.566711 0.656222 0.037011 0.029189
9 0.465274 0.657817 0.017034 0.032275
34 0.516461 0.653913 0.025402 0.024079
34 0.600031 0.653663 0.026707 0.023473
25 0.178881 0.686281 0.027444 0.023594
3 0.209157 0.686824 0.026841 0.024511
3 0.240831 0.687348 0.025514 0.024091
21 0.150730 0.688068 0.026475 0.024935
0 0.310428 0.687708 0.027569 0.024141
15 0.339257 0.693748 0.023914 0.035914
18 0.566312 0.689423 0.027386 0.026975
2 0.371463 0.694741 0.036316 0.035779
34 0.666673 0.689965 0.027990 0.025853
22 0.641198 0.690678 0.024646 0.025164
3 0.457096 0.690354 0.024562 0.024264
13 0.520461 0.690540 0.022459 0.023914
9 0.541271 0.697539 0.016334 0.037039
5 0.594771 0.695589 0.027927 0.032209
5 0.255932 0.726411 0.027865 0.031691
34 0.212812 0.723246 0.025927 0.024079
8 0.166424 0.723133 0.021402 0.023665
32 0.119180 0.727728 0.038772 0.032011
3 0.316040 0.724396 0.027785 0.024602
9 0.190559 0.730981 0.016991 0.037751
0 0.349367 0.724821 0.029162 0.024362
12 0.441625 0.726518 0.020354 0.025108
34 0.495575 0.726451 0.023526 0.024786
11 0.467630 0.726087 0.026389 0.023696
7 0.421573 0.726701 0.016673 0.024025
17 0.374907 0.726413 0.014760 0.022743
5 0.536429 0.732060 0.026894 0.034033
21 0.397454 0.726789 0.024760 0.023033
34 0.565268 0.727668 0.026747 0.024608
18 0.306557 0.760296 0.028115 0.029361
0 0.122292 0.762356 0.033241 0.027525
7 0.218501 0.761372 0.016685 0.024790
29 0.191745 0.761693 0.024492 0.025321
36 0.244761 0.761420 0.028827 0.024752
9 0.148617 0.770830 0.016744 0.042462
21 0.277621 0.762210 0.026001 0.024958
25 0.338199 0.762268 0.029252 0.024874
17 0.167930 0.762112 0.016156 0.023883
3 0.427039 0.764006 0.027901 0.025421
13 0.678680 0.764221 0.023043 0.025474
25 0.503410 0.764365 0.029887 0.025049
22 0.455531 0.764387 0.022590 0.024419
7 0.656196 0.765207 0.017952 0.025360
14 0.624074 0.764938 0.037511 0.024807
17 0.699041 0.764689 0.014614 0.023940
33 0.391058 0.764762 0.038050 0.023769
28 0.591008 0.765264 0.026157 0.024560
11 0.561566 0.765288 0.028322 0.024572
17 0.478571 0.765190 0.016516 0.024265