1 0.286776 0.145419 0.029804 0.024626
30 0.584451 0.145575 0.032543 0.024401
1 0.619028 0.145837 0.028784 0.024798
11 0.438515 0.145710 0.027419 0.024534
10 0.465078 0.145464 0.019679 0.023962
11 0.669919 0.146451 0.027857 0.025726
1 0.510886 0.145665 0.028074 0.023997
24 0.485845 0.145446 0.015899 0.023485
34 0.538407 0.145602 0.024833 0.023546
34 0.788366 0.146627 0.026994 0.025474
11 0.759124 0.146616 0.026665 0.025249
29 0.698995 0.146827 0.025658 0.025067
17 0.643997 0.146319 0.014482 0.023990
3 0.728004 0.147199 0.028504 0.025192
25 0.346579 0.145940 0.027426 0.022656
10 0.373853 0.146132 0.019965 0.023031
3 0.871278 0.147804 0.028212 0.025599
33 0.835362 0.147808 0.037105 0.024511
15 0.463258 0.191657 0.026499 0.039444
25 0.433686 0.185169 0.028724 0.025144
15 0.375759 0.190475 0.024766 0.035374
8 0.563671 0.185896 0.023188 0.025786
0 0.492258 0.186046 0.029847 0.026023
0 0.295613 0.186897 0.031076 0.026204
29 0.403391 0.186319 0.025246 0.024939
9 0.518679 0.191529 0.017959 0.035303
7 0.538956 0.186202 0.017475 0.023856
13 0.619237 0.186992 0.023460 0.025052
25 0.346517 0.186525 0.029087 0.023680
21 0.591373 0.187194 0.027339 0.024960
20 0.706763 0.187142 0.027789 0.024403
11 0.650302 0.187653 0.029403 0.025346
22 0.736938 0.187427 0.023022 0.024452
32 0.795087 0.190396 0.026413 0.029574
29 0.817785 0.188736 0.023599 0.024764
4 0.479463 0.227570 0.040599 0.030183
3 0.549456 0.225487 0.028367 0.025536
21 0.443819 0.225016 0.025268 0.024296
2 0.292443 0.231888 0.038152 0.037869
3 0.516870 0.225444 0.027799 0.024964
29 0.580017 0.226351 0.024998 0.024922
25 0.417604 0.225906 0.027951 0.024003
1 0.659648 0.227111 0.028829 0.025831
21 0.710367 0.227019 0.025872 0.025234
20 0.740279 0.226940 0.028382 0.024734
21 0.603612 0.227056 0.025722 0.024610
22 0.631238 0.227070 0.021461 0.024312
8 0.769230 0.227460 0.022953 0.024927
17 0.393018 0.226889 0.014087 0.022951
7 0.323365 0.227355 0.015552 0.023424
32 0.346834 0.229896 0.033759 0.028258
3 0.800704 0.228161 0.027636 0.024283
36 0.832933 0.228372 0.029672 0.024584
18 0.454392 0.264492 0.029134 0.027730
4 0.288057 0.268040 0.040364 0.032285
32 0.488729 0.268138 0.034457 0.030607
22 0.588174 0.266417 0.023114 0.024985
34 0.614024 0.266330 0.026241 0.024747
3 0.329467 0.266433 0.028765 0.024906
34 0.377711 0.266446 0.025583 0.024876
10 0.517196 0.266119 0.019720 0.023920
8 0.725999 0.267037 0.023901 0.025605
22 0.406321 0.266427 0.023332 0.024097
20 0.694619 0.266744 0.027410 0.024388
36 0.694466 0.266812 0.027330 0.024491
24 0.428817 0.266428 0.016208 0.023480
28 0.666152 0.267063 0.024389 0.023808
34 0.830270 0.269243 0.027006 0.027979
3 0.757551 0.267821 0.028521 0.025095
4 0.794442 0.270643 0.039537 0.030117
32 0.854639 0.270651 0.029869 0.029326
15 0.469722 0.308839 0.023870 0.035434
32 0.523537 0.307061 0.036556 0.031815
15 0.343005 0.311587 0.023711 0.040030
32 0.421755 0.307478 0.033724 0.029807
13 0.366902 0.305359 0.021274 0.025032
3 0.616097 0.304921 0.025860 0.023812
13 0.493079 0.305043 0.021764 0.024037
22 0.552713 0.304737 0.021173 0.023345
34 0.391067 0.305177 0.024878 0.023887
4 0.775342 0.308760 0.038663 0.030984
7 0.574793 0.304867 0.016006 0.022950
7 0.694683 0.305675 0.017182 0.024402
3 0.739453 0.305843 0.027228 0.024498
9 0.715578 0.313732 0.017063 0.040191
9 0.317293 0.313338 0.021982 0.039340
32 0.645557 0.308049 0.031518 0.028678
9 0.592086 0.311390 0.015896 0.035123
22 0.671717 0.306198 0.020920 0.023696
32 0.836507 0.309577 0.028569 0.029050
18 0.351782 0.343974 0.031215 0.028974
11 0.616889 0.344184 0.028035 0.026795
32 0.556858 0.346479 0.031267 0.031159
13 0.666503 0.344328 0.023738 0.026603
3 0.587049 0.343868 0.026602 0.025414
17 0.642829 0.344378 0.018006 0.025486
34 0.492007 0.344067 0.028859 0.024228
22 0.465392 0.344902 0.023734 0.025575
15 0.403928 0.352693 0.025501 0.040877
3 0.434086 0.345017 0.029133 0.024642
22 0.323724 0.345427 0.021530 0.025432
17 0.688790 0.345177 0.016564 0.024803
9 0.380244 0.351262 0.016754 0.036787
17 0.705412 0.345572 0.013709 0.024306
28 0.826788 0.346743 0.025262 0.026232
3 0.857344 0.346434 0.029421 0.025583
25 0.794285 0.346969 0.036095 0.025552
17 0.763450 0.347795 0.016004 0.025762
25 0.619620 0.383476 0.027034 0.026060
3 0.590072 0.383372 0.027211 0.025681
8 0.537314 0.383374 0.021643 0.024654
22 0.562458 0.383532 0.022908 0.024936
22 0.646724 0.383978 0.021054 0.025796
20 0.509249 0.383155 0.027589 0.023653
25 0.837265 0.384386 0.029496 0.025655
3 0.343866 0.384172 0.027674 0.024325
21 0.479381 0.383881 0.025255 0.023524
5 0.428851 0.388461 0.029224 0.032097
17 0.668197 0.384784 0.016391 0.024700
7 0.456287 0.384271 0.015733 0.023311
32 0.779866 0.386733 0.033684 0.028203
11 0.809050 0.384932 0.023162 0.024204
7 0.861801 0.385354 0.016228 0.024350
7 0.738391 0.384910 0.016070 0.023221
24 0.755499 0.385448 0.014667 0.022939
7 0.406438 0.385947 0.016459 0.023483
34 0.546937 0.421433 0.025590 0.024770
34 0.460709 0.421623 0.025437 0.024945
4 0.512490 0.424188 0.038408 0.029915
8 0.381626 0.421982 0.022746 0.025367
13 0.434618 0.421848 0.021860 0.024638
20 0.315014 0.423068 0.041157 0.026730
34 0.670059 0.421980 0.026187 0.024435
32 0.591752 0.424131 0.031840 0.028649
4 0.810665 0.425613 0.037650 0.031386
11 0.745733 0.423056 0.029905 0.026060
21 0.408925 0.422665 0.026898 0.024762
20 0.352191 0.422591 0.027671 0.024578
28 0.620740 0.422732 0.023575 0.024827
21 0.620821 0.422637 0.023847 0.024471
22 0.645518 0.422555 0.019893 0.024108
28 0.775922 0.423571 0.026010 0.025122
34 0.843493 0.423829 0.025203 0.025322
4 0.597870 0.462519 0.038846 0.030850
4 0.419366 0.462827 0.038636 0.031203
3 0.561792 0.460159 0.026937 0.025645
34 0.453775 0.460125 0.026937 0.025189
25 0.484835 0.460122 0.030478 0.025063
17 0.536758 0.460430 0.015027 0.025162
22 0.514471 0.460333 0.022959 0.024652
8 0.734944 0.460674 0.021895 0.024756
36 0.706374 0.461013 0.028331 0.025140
8 0.364984 0.461233 0.024162 0.025308
34 0.877321 0.461569 0.023732 0.025791
3 0.825905 0.461183 0.027357 0.024841
32 0.853998 0.463131 0.028482 0.028659
3 0.764992 0.461559 0.027392 0.025495
25 0.795291 0.460700 0.028128 0.023264
17 0.389030 0.461014 0.015737 0.023755
28 0.338391 0.461812 0.024214 0.024756
15 0.464716 0.503603 0.025627 0.035711
15 0.337077 0.506022 0.025632 0.040392
25 0.706315 0.498845 0.027861 0.024860
13 0.489541 0.498917 0.021219 0.024127
28 0.512998 0.499368 0.024516 0.024816
27 0.744219 0.499743 0.042786 0.025020
11 0.781662 0.499742 0.028172 0.024962
34 0.735362 0.499890 0.025770 0.025226
13 0.361290 0.499666 0.021089 0.024179
7 0.681194 0.499924 0.016496 0.024629
1 0.596156 0.500520 0.027934 0.025747
32 0.417535 0.502679 0.034729 0.029847
24 0.833006 0.499951 0.015389 0.024153
34 0.385877 0.500105 0.024636 0.024297
33 0.650401 0.500481 0.038569 0.024833
17 0.622186 0.500301 0.015524 0.024309
8 0.459607 0.536905 0.024067 0.024943
8 0.647741 0.537607 0.023035 0.025707
3 0.489323 0.537955 0.028239 0.025961
3 0.722823 0.537880 0.027351 0.025564
20 0.754750 0.537504 0.028382 0.024489
36 0.428717 0.537562 0.029421 0.024554
36 0.788857 0.537672 0.029242 0.024707
3 0.849470 0.538080 0.028489 0.025266
34 0.343321 0.538143 0.025805 0.025246
32 0.819434 0.540138 0.029867 0.029150
36 0.618878 0.537590 0.028355 0.024011
21 0.587910 0.538277 0.025155 0.024755
22 0.693727 0.538364 0.023097 0.024791
17 0.671369 0.538058 0.016623 0.023972
12 0.370449 0.538583 0.023117 0.024988
28 0.562287 0.538239 0.023928 0.024238
32 0.533851 0.540649 0.031758 0.028913
21 0.396793 0.538898 0.026158 0.024846
1 0.800954 0.575702 0.028892 0.025929
25 0.831460 0.575096 0.026906 0.024540
2 0.732276 0.582151 0.037683 0.037880
7 0.855793 0.576038 0.017717 0.024943
34 0.432906 0.576442 0.026614 0.025746
11 0.616517 0.576609 0.028016 0.025715
11 0.563599 0.576531 0.028319 0.025527
3 0.648766 0.576326 0.028828 0.025013
3 0.531306 0.576478 0.027573 0.025197
11 0.322410 0.576809 0.028811 0.025854
32 0.498961 0.579149 0.032587 0.030416
7 0.764646 0.576305 0.017424 0.024503
20 0.376070 0.576737 0.029867 0.025251
36 0.466158 0.576717 0.030400 0.024813
22 0.407528 0.576779 0.023195 0.023821
24 0.674714 0.576621 0.016550 0.023015
17 0.349419 0.577557 0.015494 0.024109
18 0.345663 0.616539 0.027266 0.031725
4 0.680168 0.618330 0.040173 0.030041
28 0.847696 0.616327 0.026215 0.025614
22 0.821762 0.616344 0.022168 0.024938
15 0.402785 0.622437 0.025586 0.036984
3 0.571674 0.616727 0.027565 0.025548
21 0.540463 0.616945 0.026267 0.025622
8 0.513901 0.616463 0.020929 0.024608
0 0.431333 0.617398 0.028268 0.026305
8 0.317528 0.617713 0.023336 0.026924
9 0.457822 0.623895 0.017154 0.039010
8 0.374568 0.617514 0.021948 0.026163
3 0.485539 0.617308 0.030143 0.025667
3 0.643295 0.617052 0.026973 0.025051
5 0.793723 0.620751 0.027321 0.031851
33 0.607650 0.617684 0.038698 0.023737
18 0.444598 0.652106 0.030556 0.026841
3 0.770033 0.652457 0.029687 0.025432
0 0.803657 0.653109 0.028577 0.025449
34 0.549904 0.652513 0.026698 0.024230
4 0.686330 0.655629 0.040347 0.029955
34 0.720121 0.653122 0.026156 0.024838
3 0.852793 0.653331 0.027303 0.025001
36 0.648264 0.653174 0.028997 0.024477
11 0.852595 0.653325 0.027554 0.024710
27 0.549507 0.652789 0.026440 0.023478
28 0.616567 0.653446 0.024701 0.024244
34 0.500916 0.653386 0.028507 0.023937
9 0.828167 0.658531 0.015460 0.034056
21 0.590115 0.653314 0.024562 0.023525
8 0.416141 0.653820 0.022936 0.024336
24 0.526485 0.653848 0.016315 0.024170
15 0.341856 0.660650 0.026022 0.037619
22 0.474193 0.653951 0.022614 0.024115
25 0.369813 0.654707 0.027763 0.023967
21 0.312235 0.655205 0.028062 0.024736
11 0.736382 0.689195 0.027699 0.024837
25 0.676378 0.688816 0.028793 0.023863
25 0.595746 0.689667 0.026985 0.025376
28 0.705224 0.689483 0.025529 0.024987
3 0.735958 0.689307 0.027742 0.024587
11 0.767616 0.689240 0.027792 0.024385
28 0.797168 0.688925 0.024338 0.023732
34 0.648021 0.689700 0.024546 0.024501
5 0.621755 0.693972 0.025290 0.032480
24 0.570982 0.689776 0.015598 0.023913
34 0.492539 0.690296 0.024649 0.024718
4 0.459938 0.693516 0.038532 0.030922
3 0.422628 0.690823 0.027954 0.025510
29 0.317067 0.690380 0.024413 0.024417
25 0.389538 0.689976 0.026739 0.023420
24 0.365379 0.690466 0.016184 0.023371
35 0.544276 0.690907 0.034638 0.023941
28 0.342833 0.690537 0.023499 0.022816
3 0.787742 0.724419 0.028604 0.025293
25 0.818131 0.724032 0.027876 0.023737
11 0.581135 0.725616 0.029285 0.026779
28 0.744262 0.725272 0.025598 0.026008
3 0.581341 0.725757 0.028720 0.026702
7 0.841067 0.724589 0.016006 0.023434
25 0.549094 0.725371 0.027916 0.024887
3 0.614662 0.725781 0.029162 0.025503
14 0.708728 0.725863 0.038570 0.025134
28 0.674738 0.726007 0.024863 0.025344
11 0.646155 0.726207 0.027367 0.025592
34 0.399751 0.725984 0.025699 0.024888
25 0.369041 0.726026 0.028686 0.024552
3 0.501182 0.726510 0.027854 0.025467
24 0.525471 0.726137 0.015429 0.023891
24 0.475246 0.726906 0.017020 0.024222
17 0.344260 0.727401 0.016207 0.024424
18 0.340930 0.762516 0.027650 0.029321
7 0.827672 0.762325 0.016543 0.024327
11 0.803105 0.762372 0.026320 0.024339
25 0.747156 0.762388 0.027570 0.023708
28 0.774123 0.762440 0.024295 0.023480
8 0.312876 0.763329 0.022521 0.025255
10 0.650124 0.763569 0.020774 0.024960
24 0.715876 0.764150 0.022006 0.026097
27 0.577399 0.764144 0.042727 0.025014
34 0.518845 0.764137 0.026200 0.024988
24 0.543755 0.763956 0.017494 0.023918
32 0.621350 0.767360 0.036971 0.030673
28 0.414989 0.764673 0.024852 0.025043
22 0.442460 0.764723 0.022798 0.024772
15 0.469103 0.770692 0.024849 0.036535
21 0.388001 0.765064 0.025714 0.024350
24 0.365936 0.764748 0.016943 0.023656
22 0.494356 0.765552 0.023440 0.024693