18 0.527562 0.141846 0.029427 0.028353
28 0.698543 0.142899 0.026231 0.025423
28 0.602620 0.143164 0.024967 0.024604
2 0.567120 0.148327 0.039832 0.034168
12 0.477354 0.144506 0.021030 0.025941
34 0.450666 0.143501 0.026507 0.023918
22 0.502135 0.143487 0.021818 0.022919
22 0.425060 0.143976 0.022072 0.023426
34 0.309155 0.144349 0.028082 0.024031
0 0.360081 0.144933 0.028422 0.025109
3 0.199043 0.144776 0.027296 0.024612
0 0.230875 0.144871 0.028607 0.024658
1 0.280706 0.144751 0.027543 0.024303
22 0.150412 0.144810 0.021808 0.024252
17 0.404496 0.144889 0.015175 0.024387
9 0.256084 0.152128 0.016141 0.038493
9 0.385882 0.151208 0.015757 0.036348
17 0.173739 0.145442 0.015870 0.024477
0 0.580686 0.181777 0.028836 0.024477
3 0.665727 0.182177 0.028710 0.025143
11 0.633878 0.182502 0.029113 0.025063
24 0.554543 0.182306 0.017288 0.024657
3 0.529400 0.182430 0.026949 0.024728
25 0.500271 0.182189 0.027476 0.023718
24 0.606658 0.182784 0.017926 0.024814
8 0.430750 0.183249 0.023842 0.025247
2 0.341650 0.189765 0.038646 0.036844
4 0.158577 0.187004 0.038987 0.031188
5 0.221928 0.188042 0.028164 0.032103
25 0.270812 0.183806 0.026677 0.023176
34 0.192698 0.184526 0.028275 0.024464
36 0.400129 0.184078 0.030348 0.023337
17 0.247362 0.184885 0.014878 0.023807
35 0.300948 0.184999 0.035044 0.023554
7 0.372986 0.184288 0.016699 0.021797
2 0.636754 0.229019 0.039748 0.038321
4 0.575904 0.226221 0.040637 0.031818
10 0.670333 0.223043 0.020879 0.025275
0 0.519292 0.224002 0.028601 0.025202
11 0.304948 0.224389 0.027524 0.024979
36 0.155284 0.224670 0.031686 0.025375
34 0.334315 0.224525 0.025464 0.025084
17 0.606919 0.223550 0.015798 0.022826
10 0.465463 0.224611 0.021272 0.024870
22 0.489976 0.224198 0.022241 0.024043
17 0.544829 0.224057 0.015193 0.023383
1 0.252038 0.224966 0.028550 0.025199
25 0.437356 0.224223 0.027985 0.023539
28 0.223426 0.224804 0.023626 0.024670
17 0.278777 0.224502 0.015291 0.023787
12 0.198722 0.225252 0.022982 0.025214
28 0.392241 0.224904 0.024264 0.024306
32 0.364114 0.227669 0.032077 0.028778
24 0.415066 0.225147 0.015451 0.023376
13 0.207355 0.264191 0.021577 0.025915
7 0.682097 0.263871 0.017103 0.025135
25 0.657325 0.263343 0.027612 0.024050
11 0.595994 0.264013 0.028573 0.024913
25 0.404066 0.263897 0.027869 0.024371
28 0.565599 0.264333 0.025798 0.024944
3 0.627746 0.264355 0.027731 0.024492
11 0.179723 0.264992 0.027770 0.025186
28 0.149240 0.265219 0.025216 0.025431
3 0.486598 0.264985 0.027963 0.024938
3 0.353787 0.265585 0.029709 0.026114
21 0.229406 0.265439 0.025448 0.025536
0 0.301579 0.265759 0.028175 0.026149
28 0.430461 0.265599 0.024826 0.025693
24 0.380589 0.265224 0.017288 0.024862
5 0.517178 0.268839 0.028646 0.032037
22 0.457864 0.265108 0.023205 0.024478
9 0.326775 0.272280 0.016994 0.037837
9 0.541088 0.273054 0.016931 0.039369
28 0.704335 0.302761 0.023903 0.024304
11 0.677324 0.303012 0.026996 0.024360
3 0.647265 0.303600 0.028981 0.025107
11 0.588200 0.303824 0.028401 0.025329
21 0.150067 0.304243 0.027921 0.025641
29 0.616072 0.304038 0.024618 0.024945
13 0.268431 0.303649 0.021978 0.023487
32 0.294048 0.306950 0.033514 0.030024
36 0.238233 0.303895 0.030335 0.023860
1 0.537682 0.304418 0.028513 0.024657
7 0.512394 0.304233 0.016315 0.024038
0 0.407347 0.304300 0.027271 0.024051
28 0.319478 0.305088 0.023773 0.024592
17 0.563368 0.304987 0.014466 0.024389
9 0.431714 0.312547 0.020087 0.039301
32 0.488615 0.307263 0.030837 0.028275
7 0.381489 0.304719 0.016402 0.023097
35 0.184649 0.304891 0.036026 0.023254
33 0.354132 0.304896 0.031970 0.022960
18 0.696025 0.339884 0.027137 0.028027
4 0.334106 0.345975 0.040059 0.032983
4 0.662788 0.344041 0.038312 0.028962
28 0.514067 0.342156 0.024041 0.024601
4 0.220479 0.345608 0.037658 0.031303
13 0.405893 0.342181 0.023532 0.024430
34 0.581021 0.342436 0.026434 0.024929
11 0.485757 0.342260 0.027996 0.024563
4 0.547888 0.345588 0.037710 0.031056
9 0.168634 0.350460 0.017369 0.040111
11 0.278119 0.342632 0.027109 0.024365
28 0.629062 0.342511 0.024669 0.024059
28 0.456676 0.342731 0.024412 0.024430
21 0.429231 0.342838 0.025155 0.024618
7 0.250427 0.342873 0.016266 0.024668
10 0.365775 0.342849 0.020157 0.024265
22 0.146523 0.342585 0.021362 0.023725
7 0.189403 0.344289 0.017807 0.027068
24 0.605210 0.343036 0.016862 0.024004
7 0.302811 0.342980 0.015613 0.023402
10 0.705009 0.379551 0.021622 0.024998
3 0.638175 0.379850 0.028047 0.025026
4 0.559483 0.383444 0.040663 0.031171
25 0.331529 0.380379 0.029900 0.024662
10 0.592701 0.380855 0.023884 0.025113
4 0.447986 0.384229 0.039645 0.031589
10 0.188252 0.380566 0.019661 0.023852
24 0.210829 0.381044 0.017879 0.024753
11 0.237235 0.380730 0.027991 0.024071
4 0.273853 0.384346 0.038094 0.031208
25 0.522947 0.380613 0.027577 0.023588
22 0.361095 0.381363 0.022585 0.024760
10 0.480192 0.381601 0.019624 0.025096
3 0.410855 0.381547 0.028058 0.024912
24 0.501018 0.381385 0.016027 0.024479
10 0.305634 0.381413 0.019396 0.023500
17 0.384368 0.381756 0.015173 0.024017
18 0.267400 0.417553 0.027721 0.029304
3 0.212850 0.419089 0.027875 0.024847
3 0.475662 0.419313 0.028456 0.024799
1 0.299968 0.419532 0.028737 0.024888
25 0.380763 0.419137 0.029274 0.023975
3 0.674560 0.420053 0.029708 0.025308
34 0.627991 0.419624 0.025366 0.024407
3 0.332456 0.419697 0.028499 0.024507
33 0.153784 0.419522 0.041097 0.024050
22 0.240542 0.419256 0.021248 0.023419
7 0.186717 0.419856 0.016201 0.024470
36 0.522624 0.420227 0.029864 0.024707
24 0.357647 0.420244 0.016330 0.024714
22 0.409189 0.419740 0.023065 0.023629
27 0.639212 0.420386 0.037346 0.024630
17 0.431370 0.420578 0.015694 0.024668
24 0.606627 0.421198 0.015102 0.024990
7 0.587986 0.421143 0.016292 0.023295
33 0.558632 0.421661 0.037795 0.023698
18 0.166721 0.455093 0.030459 0.027722
8 0.592746 0.456507 0.026184 0.025276
36 0.471352 0.456402 0.030746 0.024975
34 0.684869 0.456252 0.026634 0.024127
11 0.238412 0.456530 0.028269 0.024625
34 0.439607 0.456293 0.025091 0.024146
13 0.500532 0.456503 0.023112 0.023921
3 0.270742 0.456563 0.027498 0.023910
24 0.332821 0.456418 0.018956 0.023175
36 0.304248 0.456617 0.030868 0.023358
28 0.387392 0.456865 0.025814 0.023464
22 0.414224 0.456871 0.022959 0.023422
17 0.523535 0.457212 0.016676 0.023452
28 0.638537 0.456915 0.024438 0.022246
26 0.563973 0.457969 0.025277 0.024271
21 0.359256 0.457302 0.026042 0.022505
25 0.335990 0.494252 0.028862 0.024355
28 0.248502 0.494412 0.025574 0.024311
25 0.221030 0.494189 0.028780 0.023689
36 0.413453 0.494738 0.029983 0.024716
0 0.149571 0.494572 0.027540 0.024293
28 0.306305 0.494525 0.025766 0.023809
13 0.442779 0.494736 0.023492 0.024078
22 0.365240 0.495205 0.022519 0.024682
24 0.195737 0.494577 0.016563 0.023097
22 0.277178 0.494668 0.023995 0.023086
10 0.692354 0.495787 0.023225 0.024427
17 0.387967 0.495236 0.015963 0.023253
17 0.465776 0.495643 0.016462 0.023647
17 0.529499 0.496574 0.015173 0.023610
7 0.646646 0.496729 0.017787 0.023085
33 0.616515 0.497090 0.039664 0.023457
35 0.576947 0.497025 0.036021 0.022311
13 0.263960 0.532719 0.022372 0.023567
34 0.316679 0.532909 0.025237 0.023805
3 0.367378 0.533655 0.028564 0.024479
34 0.236218 0.533192 0.026474 0.023355
1 0.206660 0.533614 0.028089 0.023518
25 0.466078 0.534212 0.027822 0.024312
34 0.424356 0.534097 0.026443 0.023031
24 0.341784 0.534317 0.016271 0.023206
11 0.627659 0.535444 0.027782 0.025317
35 0.171057 0.534507 0.034559 0.022864
22 0.492914 0.535288 0.021503 0.023473
36 0.540407 0.535664 0.029477 0.023859
34 0.700537 0.536117 0.026977 0.024460
30 0.578044 0.535866 0.035257 0.023164
7 0.654761 0.536440 0.017799 0.024099
17 0.514863 0.535456 0.015216 0.022012
18 0.647681 0.569125 0.026587 0.027554
2 0.231605 0.573300 0.037341 0.033459
3 0.319827 0.568611 0.026672 0.023799
36 0.351258 0.568787 0.029437 0.024117
11 0.288701 0.568266 0.026726 0.022978
7 0.262750 0.568343 0.017040 0.022389
3 0.196045 0.569314 0.026576 0.023275
4 0.388714 0.571791 0.037033 0.028207
5 0.165853 0.573436 0.026466 0.030217
8 0.446204 0.570017 0.021437 0.023138
25 0.575034 0.569922 0.028003 0.022946
3 0.545762 0.570290 0.027301 0.023368
25 0.514499 0.570170 0.027019 0.022476
8 0.621976 0.570700 0.022366 0.023412
34 0.470965 0.570392 0.026320 0.022573
28 0.693899 0.571638 0.024528 0.023219
8 0.249278 0.605728 0.022377 0.024161
34 0.221699 0.605826 0.026203 0.023602
15 0.275797 0.611178 0.024371 0.033673
11 0.193436 0.606046 0.026599 0.023283
22 0.145610 0.606978 0.022199 0.023412
11 0.444953 0.607547 0.027957 0.024248
26 0.335192 0.606532 0.023780 0.022206
8 0.493629 0.607613 0.022039 0.022878
34 0.563224 0.608116 0.025904 0.023549
34 0.518328 0.608010 0.024801 0.022966
0 0.639531 0.609123 0.029395 0.024875
20 0.397589 0.607966 0.028212 0.022450
9 0.664776 0.613265 0.015981 0.032507
3 0.607908 0.608960 0.027560 0.023538
17 0.471542 0.608442 0.016155 0.022469
24 0.541450 0.608764 0.016145 0.022781
7 0.684160 0.609502 0.018338 0.023406
18 0.236688 0.639648 0.028555 0.026454
18 0.351999 0.641034 0.030356 0.026278
1 0.269015 0.641151 0.028617 0.023259
29 0.382306 0.642665 0.025289 0.026080
34 0.296974 0.641576 0.024505 0.023512
22 0.210141 0.641421 0.022786 0.022802
33 0.154824 0.641755 0.039715 0.022936
7 0.187178 0.641790 0.017031 0.022673
22 0.323827 0.642051 0.021973 0.022475
34 0.463401 0.643727 0.026010 0.025334
11 0.434813 0.643164 0.027304 0.024157
11 0.508350 0.643996 0.027524 0.023976
7 0.409132 0.643888 0.016768 0.023580
28 0.536978 0.644191 0.024192 0.023966
12 0.562247 0.644671 0.020248 0.024181
4 0.615277 0.648168 0.039131 0.030169
7 0.584213 0.645042 0.017686 0.022304
21 0.651504 0.646162 0.026077 0.023527
3 0.213769 0.676230 0.027028 0.024188
3 0.300086 0.676087 0.026543 0.023545
22 0.185264 0.676203 0.021115 0.022238
35 0.266003 0.676678 0.034047 0.022195
34 0.347108 0.677531 0.025859 0.023741
24 0.325426 0.676798 0.015098 0.022168
29 0.374937 0.677754 0.026763 0.023827
24 0.238530 0.676910 0.015757 0.021926
21 0.401326 0.678119 0.024969 0.023060
1 0.457738 0.678691 0.027749 0.023796
34 0.483008 0.679306 0.023311 0.022853
27 0.484808 0.679157 0.025224 0.022010
0 0.524306 0.679938 0.026287 0.023016
3 0.612109 0.681150 0.026740 0.024040
17 0.547833 0.680650 0.014386 0.021692
33 0.575604 0.681300 0.037156 0.022756
22 0.639128 0.682261 0.019964 0.023545
32 0.186888 0.713895 0.033873 0.029340
25 0.303721 0.711329 0.027551 0.023881
24 0.279830 0.712022 0.016061 0.024449
34 0.239100 0.711539 0.025567 0.023147
27 0.340559 0.712417 0.040779 0.024319
34 0.332765 0.712394 0.025905 0.023997
22 0.214835 0.711921 0.021380 0.022170
0 0.464565 0.714359 0.029136 0.024503
22 0.417247 0.714606 0.023318 0.023176
17 0.439488 0.715407 0.015358 0.023673
2 0.549852 0.721353 0.037781 0.033459
17 0.519850 0.716530 0.014818 0.023259
10 0.582498 0.717284 0.020888 0.024014
34 0.694469 0.719145 0.026670 0.025863
24 0.604476 0.718193 0.015165 0.023121
24 0.671685 0.719074 0.016857 0.024827
35 0.631971 0.719114 0.036783 0.023700
3 0.195917 0.748825 0.029443 0.024949
9 0.222761 0.761009 0.016672 0.048203
24 0.274954 0.750043 0.017823 0.023964
8 0.362669 0.751105 0.022667 0.024817
35 0.302936 0.750377 0.034504 0.023311
26 0.335487 0.751160 0.025581 0.023430
9 0.388553 0.761288 0.018194 0.042144
34 0.462688 0.752861 0.027416 0.025075
12 0.439140 0.753085 0.021816 0.024818
28 0.413083 0.753021 0.024396 0.023811
8 0.540039 0.754360 0.023998 0.026432
9 0.489050 0.763279 0.016971 0.043268
28 0.512165 0.754365 0.025572 0.024092
3 0.570670 0.755455 0.028849 0.025693
11 0.603006 0.755651 0.027766 0.025222
0 0.635023 0.756087 0.028528 0.024287
3 0.684973 0.757240 0.028804 0.025501
9 0.660019 0.763660 0.016575 0.037764