11 0.474918 0.135132 0.027253 0.025526
8 0.196231 0.135208 0.023085 0.024977
25 0.293179 0.135159 0.028136 0.024689
9 0.317174 0.142198 0.016442 0.038403
3 0.342788 0.135447 0.026812 0.024757
3 0.263726 0.135728 0.026356 0.025305
28 0.222119 0.135358 0.023477 0.024442
3 0.399901 0.135824 0.026856 0.025025
13 0.527151 0.135201 0.022847 0.023458
22 0.447001 0.135705 0.022712 0.024299
13 0.136237 0.135499 0.022305 0.023879
34 0.593349 0.136030 0.025663 0.024759
7 0.425408 0.135843 0.016708 0.024360
28 0.501665 0.135460 0.023154 0.023518
17 0.174612 0.136367 0.013930 0.024341
22 0.570397 0.135977 0.020211 0.023167
24 0.616009 0.136406 0.016089 0.023660
1 0.640568 0.136758 0.026842 0.023665
7 0.680186 0.137915 0.016084 0.023841
11 0.286707 0.173247 0.026707 0.024644
8 0.370425 0.173539 0.023709 0.025126
28 0.313172 0.173661 0.023881 0.024981
11 0.341841 0.173853 0.027235 0.025021
25 0.572943 0.173803 0.027342 0.024302
4 0.240774 0.173694 0.031678 0.023853
34 0.464195 0.174142 0.027448 0.024712
3 0.207944 0.174437 0.026653 0.025007
11 0.177201 0.174718 0.028053 0.025532
14 0.499900 0.174454 0.037066 0.024833
28 0.414001 0.174325 0.024101 0.024314
22 0.602643 0.175053 0.023284 0.025280
22 0.439914 0.174414 0.022315 0.023601
7 0.529418 0.174690 0.017847 0.024046
24 0.392396 0.174698 0.015042 0.023962
24 0.132996 0.175068 0.016488 0.024575
7 0.152262 0.175036 0.016296 0.023984
24 0.550518 0.175317 0.017232 0.024253
3 0.630718 0.175723 0.028060 0.024827
18 0.391467 0.211314 0.027174 0.028107
18 0.333518 0.211338 0.028159 0.027930
15 0.258539 0.218236 0.023075 0.035532
32 0.363469 0.214391 0.032927 0.027721
11 0.231066 0.212904 0.027073 0.024732
24 0.309261 0.212652 0.017659 0.023608
20 0.284970 0.212660 0.026666 0.023458
11 0.423715 0.213575 0.029425 0.025106
3 0.455932 0.213495 0.028137 0.024364
36 0.285141 0.212725 0.026987 0.022802
25 0.560489 0.213607 0.028084 0.024522
28 0.627074 0.214415 0.023733 0.025199
17 0.584547 0.214269 0.016007 0.024346
22 0.535213 0.213974 0.022762 0.023654
13 0.650941 0.214261 0.021190 0.024205
7 0.187604 0.214488 0.017670 0.024351
32 0.163940 0.216907 0.029955 0.028559
26 0.135452 0.216116 0.025692 0.024073
1 0.424060 0.253403 0.029751 0.025684
11 0.266735 0.253595 0.028376 0.025847
0 0.489384 0.253511 0.028156 0.025557
3 0.457328 0.253353 0.028320 0.025204
13 0.319211 0.254014 0.023331 0.026221
3 0.141273 0.253727 0.027582 0.025578
0 0.367029 0.253538 0.028343 0.024638
22 0.239041 0.253474 0.021816 0.024393
28 0.214168 0.254019 0.023599 0.025445
20 0.521754 0.254585 0.030855 0.026136
28 0.395109 0.253838 0.023851 0.024634
28 0.294880 0.254017 0.022136 0.024571
17 0.341740 0.253861 0.015635 0.024176
26 0.341518 0.253853 0.016114 0.024005
24 0.168433 0.254419 0.018930 0.024691
21 0.188829 0.254715 0.024213 0.025240
10 0.694225 0.255544 0.020806 0.025903
25 0.671524 0.255203 0.025202 0.024709
14 0.600261 0.256229 0.037720 0.025545
7 0.631051 0.255899 0.017617 0.024272
37 0.481112 0.290662 0.034017 0.027696
25 0.513903 0.291683 0.028366 0.023289
3 0.168004 0.292907 0.027929 0.024483
4 0.202591 0.292801 0.033370 0.024193
22 0.138528 0.293361 0.022824 0.024319
3 0.590399 0.293789 0.028118 0.024670
22 0.543562 0.293115 0.022151 0.023303
25 0.649384 0.293809 0.028343 0.024517
34 0.272207 0.293702 0.026966 0.024065
7 0.671827 0.294058 0.016628 0.024721
1 0.621502 0.293885 0.028902 0.024318
22 0.246255 0.294141 0.025388 0.024781
21 0.337970 0.294007 0.025563 0.023949
13 0.317337 0.293700 0.021673 0.023263
17 0.565893 0.293611 0.015020 0.022697
17 0.416351 0.293569 0.014517 0.022156
34 0.393241 0.293891 0.023333 0.022722
18 0.166348 0.329929 0.030062 0.029592
18 0.521374 0.330171 0.028187 0.027994
0 0.199115 0.330767 0.029575 0.026038
2 0.392672 0.334785 0.038523 0.034023
3 0.248844 0.330546 0.028088 0.025396
11 0.280351 0.330904 0.029298 0.025386
3 0.553953 0.331659 0.028955 0.025454
12 0.582134 0.331930 0.023989 0.025767
35 0.351339 0.331234 0.038129 0.024311
17 0.224236 0.332954 0.015185 0.027681
8 0.139514 0.331627 0.023244 0.024956
7 0.421580 0.331608 0.016311 0.024831
17 0.305300 0.331128 0.014973 0.023853
22 0.475145 0.331817 0.023524 0.024969
26 0.447804 0.331809 0.025261 0.024846
17 0.447813 0.331800 0.025636 0.024803
28 0.607546 0.332015 0.024945 0.025011
22 0.631884 0.332224 0.022930 0.023252
24 0.654214 0.333462 0.017070 0.024836
4 0.424396 0.371166 0.039487 0.031239
3 0.387931 0.368505 0.027357 0.024950
25 0.484449 0.368544 0.027466 0.024823
11 0.318467 0.369140 0.029042 0.025685
20 0.286518 0.368873 0.028120 0.025095
3 0.286577 0.369055 0.027956 0.025067
2 0.179863 0.374579 0.039247 0.035900
0 0.236815 0.369255 0.028268 0.025052
3 0.515453 0.369322 0.028828 0.025175
34 0.457929 0.368757 0.025292 0.024002
24 0.363284 0.368775 0.015440 0.023487
17 0.344498 0.369426 0.015687 0.024761
7 0.210963 0.369382 0.016272 0.024116
21 0.577494 0.370307 0.025728 0.024814
22 0.621974 0.370087 0.022374 0.023916
17 0.600289 0.370280 0.015384 0.024186
24 0.554002 0.370759 0.018061 0.024368
8 0.398992 0.405652 0.022855 0.025677
3 0.370749 0.405780 0.029202 0.025642
3 0.305077 0.406064 0.028252 0.025458
20 0.252346 0.406209 0.028219 0.025322
15 0.223899 0.410802 0.024108 0.034164
36 0.336368 0.406258 0.029115 0.024715
1 0.471409 0.406378 0.028102 0.024609
24 0.445394 0.406363 0.015048 0.023643
11 0.193531 0.407400 0.029758 0.025675
34 0.674859 0.407102 0.028285 0.024943
7 0.423944 0.406685 0.016139 0.023711
11 0.568245 0.407222 0.028649 0.024757
22 0.499895 0.407082 0.023119 0.024339
15 0.598601 0.411184 0.025087 0.032362
24 0.279731 0.407037 0.016385 0.023824
7 0.522283 0.407560 0.017648 0.024839
24 0.652492 0.408015 0.015783 0.025332
9 0.542335 0.415307 0.016108 0.039322
24 0.167035 0.408009 0.017262 0.024197
4 0.459247 0.445303 0.039472 0.030481
3 0.422089 0.442833 0.028703 0.025522
34 0.494919 0.443164 0.027944 0.025048
4 0.337770 0.446457 0.041212 0.031448
21 0.391531 0.443573 0.027005 0.025590
29 0.291367 0.448304 0.025110 0.034757
25 0.522032 0.443074 0.026736 0.023934
15 0.291454 0.447653 0.024961 0.032673
4 0.626113 0.446606 0.038160 0.030385
8 0.264344 0.443802 0.021886 0.024577
3 0.590153 0.444019 0.028510 0.024481
33 0.235867 0.443956 0.033543 0.023807
3 0.660615 0.444200 0.026894 0.024108
35 0.554969 0.444237 0.038112 0.023857
17 0.367600 0.444242 0.015177 0.023418
21 0.177096 0.444641 0.024196 0.023609
18 0.281718 0.480404 0.026225 0.027288
4 0.351039 0.485127 0.038551 0.032813
0 0.463427 0.481217 0.027709 0.024174
3 0.432196 0.481416 0.029339 0.024569
36 0.313049 0.481332 0.029679 0.024176
34 0.386032 0.481833 0.029013 0.025000
4 0.586351 0.485175 0.039355 0.031565
34 0.620454 0.481894 0.026522 0.024926
3 0.549240 0.481938 0.027776 0.024570
32 0.253802 0.484672 0.031873 0.029319
24 0.523473 0.482422 0.016473 0.024747
3 0.168174 0.482973 0.027993 0.025460
11 0.651587 0.482867 0.028671 0.025083
3 0.681281 0.483495 0.028081 0.025811
17 0.504823 0.482672 0.015934 0.023599
21 0.137018 0.483685 0.027340 0.025471
24 0.193348 0.482957 0.015924 0.022969
35 0.219876 0.483673 0.033845 0.022731
25 0.406996 0.520470 0.028196 0.025339
3 0.482009 0.521255 0.026249 0.025089
22 0.435944 0.521223 0.023074 0.024765
34 0.377464 0.521337 0.026636 0.024835
0 0.193364 0.521873 0.029852 0.025747
5 0.349394 0.524975 0.027899 0.031190
25 0.526812 0.521096 0.025821 0.023232
21 0.259011 0.521676 0.026301 0.024143
17 0.458235 0.521490 0.015149 0.023743
34 0.555289 0.521524 0.026489 0.023651
24 0.505221 0.521472 0.015696 0.023243
11 0.632530 0.522699 0.028822 0.025522
24 0.236096 0.522192 0.016269 0.024477
34 0.161561 0.522267 0.026186 0.024347
12 0.137334 0.522799 0.020213 0.025374
3 0.601292 0.522718 0.028423 0.024326
28 0.661987 0.522722 0.024668 0.024072
3 0.238310 0.559356 0.029524 0.025871
27 0.187171 0.559668 0.056662 0.026396
21 0.455793 0.559034 0.025884 0.024748
2 0.576455 0.565440 0.039065 0.037260
34 0.426623 0.558831 0.025742 0.023933
0 0.329594 0.559558 0.028855 0.025166
7 0.478754 0.559163 0.015951 0.024357
28 0.541909 0.559588 0.024649 0.025092
11 0.144226 0.560352 0.029482 0.026323
11 0.270569 0.560056 0.028253 0.025387
9 0.354717 0.565478 0.015707 0.036124
33 0.507235 0.559579 0.038435 0.024126
28 0.299877 0.560142 0.024623 0.025047
32 0.399442 0.561567 0.033799 0.027641
7 0.374653 0.559920 0.016694 0.023638
28 0.611823 0.560393 0.024357 0.023799
4 0.519251 0.597697 0.036729 0.029453
11 0.458727 0.595526 0.027867 0.023827
12 0.427347 0.597215 0.024564 0.026834
3 0.574359 0.596243 0.029102 0.024705
28 0.486416 0.595830 0.022647 0.023670
36 0.633593 0.596528 0.030954 0.024217
3 0.276856 0.597009 0.026853 0.025014
25 0.663558 0.596294 0.026697 0.023565
34 0.213653 0.596688 0.026345 0.024317
28 0.602995 0.596387 0.024554 0.023559
17 0.548199 0.596679 0.017151 0.024081
30 0.310261 0.596801 0.035743 0.024251
0 0.362862 0.597055 0.028505 0.024052
10 0.689437 0.596876 0.021190 0.023412
24 0.252150 0.597436 0.016096 0.024181
17 0.191432 0.600088 0.016551 0.028409
17 0.389314 0.597823 0.016973 0.023683
32 0.139452 0.600622 0.032695 0.028964
8 0.517068 0.632349 0.023142 0.025761
28 0.562920 0.631935 0.024873 0.024209
25 0.437921 0.632758 0.030133 0.024961
34 0.342477 0.632913 0.027323 0.024918
9 0.674333 0.632582 0.023248 0.024055
26 0.488992 0.632969 0.026520 0.024775
9 0.321008 0.639933 0.015510 0.038144
27 0.349485 0.633331 0.041192 0.024693
21 0.297495 0.633435 0.023335 0.024403
12 0.588958 0.633410 0.023760 0.024340
32 0.266269 0.635380 0.034892 0.028153
11 0.616933 0.632846 0.028179 0.022888
17 0.464282 0.633667 0.017292 0.024370
20 0.231275 0.633529 0.028312 0.023486
1 0.389854 0.634426 0.029076 0.025002
27 0.193559 0.633939 0.044114 0.023841
17 0.642786 0.633786 0.019072 0.022697
25 0.158025 0.634320 0.026002 0.023447
24 0.135574 0.635664 0.016806 0.023681
18 0.516391 0.667303 0.027364 0.028419
8 0.546203 0.669666 0.024448 0.025871
25 0.259738 0.669284 0.026762 0.024412
15 0.397356 0.673337 0.024367 0.032510
3 0.351446 0.669568 0.027139 0.024617
21 0.490476 0.669697 0.025138 0.024299
8 0.421901 0.669988 0.023076 0.024600
5 0.464484 0.673368 0.024831 0.030996
10 0.611887 0.669931 0.021337 0.024072
22 0.288829 0.670019 0.022384 0.023602
24 0.589607 0.670537 0.017299 0.024304
17 0.570067 0.670392 0.014747 0.023874
29 0.637908 0.670613 0.025004 0.024128
9 0.327210 0.675621 0.015814 0.033781
17 0.443363 0.670845 0.014871 0.023993
17 0.308997 0.671313 0.014625 0.024758
17 0.375725 0.670884 0.014622 0.023836
8 0.138734 0.671978 0.023221 0.024842
20 0.194503 0.671636 0.027057 0.023360
21 0.165527 0.672186 0.025025 0.024093
18 0.306794 0.707029 0.027035 0.028547
22 0.467095 0.708084 0.023699 0.024717
13 0.543638 0.707804 0.025124 0.023677
36 0.512872 0.707945 0.029864 0.023893
25 0.437792 0.707852 0.029134 0.023648
5 0.383662 0.712280 0.027133 0.032184
11 0.194653 0.709124 0.028514 0.025732
25 0.276445 0.707716 0.029481 0.022849
25 0.161771 0.708671 0.030203 0.024630
21 0.337597 0.709535 0.027555 0.025169
17 0.219619 0.709089 0.014441 0.024078
17 0.488532 0.708676 0.014789 0.022782
24 0.137658 0.710307 0.016663 0.024543
17 0.361307 0.709899 0.015270 0.023318
11 0.449866 0.745466 0.028660 0.024956
13 0.558136 0.745208 0.024682 0.023887
4 0.388002 0.748595 0.040984 0.030252
28 0.479983 0.746085 0.024283 0.024480
28 0.187455 0.746785 0.025320 0.025804
29 0.157151 0.746948 0.026700 0.025980
7 0.421614 0.746156 0.018748 0.024361
3 0.615967 0.746254 0.030371 0.024364
12 0.293463 0.746927 0.023464 0.025388
21 0.584142 0.746375 0.027154 0.024226
11 0.321695 0.746377 0.026517 0.024093
20 0.262442 0.746161 0.028321 0.023555
14 0.223848 0.746695 0.039065 0.024497
28 0.351027 0.747622 0.024093 0.025615