18 0.475775 0.130824 0.027436 0.027834
18 0.366839 0.131846 0.026366 0.029281
25 0.445584 0.132197 0.028029 0.024206
0 0.397882 0.132867 0.027939 0.025291
24 0.501619 0.133877 0.016772 0.025018
17 0.422692 0.133377 0.014279 0.023751
25 0.623409 0.133703 0.028649 0.024295
21 0.337059 0.134457 0.027993 0.025476
25 0.526642 0.133934 0.028789 0.024341
7 0.314721 0.133840 0.016702 0.024133
21 0.289429 0.134631 0.026086 0.025247
3 0.557710 0.134525 0.028019 0.024590
22 0.649950 0.134891 0.020399 0.024448
22 0.242695 0.134716 0.022008 0.023804
35 0.591303 0.134867 0.035436 0.023957
17 0.670085 0.135644 0.015366 0.024929
3 0.178306 0.136358 0.026640 0.025537
18 0.650915 0.172064 0.028161 0.028084
34 0.536085 0.172963 0.025760 0.024818
11 0.507739 0.173195 0.026995 0.025272
7 0.482497 0.173139 0.016780 0.024449
22 0.562566 0.173440 0.023708 0.024470
22 0.606135 0.173892 0.023227 0.025344
28 0.382974 0.173660 0.023949 0.024730
32 0.455896 0.176013 0.032876 0.029378
7 0.432201 0.173699 0.016995 0.024692
22 0.410177 0.173447 0.021874 0.024152
24 0.628368 0.173930 0.016956 0.024685
3 0.235737 0.174379 0.027943 0.025421
17 0.584258 0.174463 0.015185 0.024651
9 0.292288 0.180871 0.017809 0.037060
0 0.267429 0.174796 0.027236 0.024614
7 0.311939 0.174956 0.016374 0.024367
0 0.337134 0.175113 0.028340 0.024524
36 0.150178 0.176318 0.029616 0.024125
18 0.232792 0.214971 0.027826 0.029805
18 0.172091 0.215290 0.027020 0.029256
3 0.384259 0.214409 0.028580 0.026822
28 0.628555 0.213869 0.027184 0.025078
1 0.473811 0.214202 0.029648 0.025368
34 0.547988 0.214136 0.027358 0.025206
0 0.578656 0.214462 0.029161 0.025206
17 0.500534 0.214596 0.014979 0.024238
22 0.522688 0.214699 0.022984 0.024147
5 0.260968 0.220472 0.029799 0.034018
34 0.290923 0.215774 0.026604 0.024400
22 0.337955 0.215613 0.022070 0.024063
24 0.315868 0.215824 0.016415 0.024428
32 0.140887 0.220049 0.035114 0.030263
21 0.203807 0.217647 0.028034 0.024942
4 0.366664 0.259297 0.039454 0.032947
34 0.630162 0.255784 0.026147 0.025862
27 0.639096 0.256015 0.048652 0.025861
25 0.480630 0.255627 0.028202 0.024952
3 0.433745 0.256065 0.027747 0.025455
34 0.402102 0.256142 0.027583 0.025548
24 0.458482 0.255968 0.015851 0.024994
11 0.600506 0.257000 0.028576 0.025938
11 0.544915 0.256927 0.028203 0.025378
17 0.336121 0.257237 0.014926 0.025794
3 0.235469 0.257070 0.028470 0.025244
15 0.205918 0.263456 0.025701 0.038011
15 0.285743 0.260176 0.025194 0.031197
10 0.571466 0.257075 0.020662 0.024825
32 0.311856 0.259621 0.032925 0.029571
24 0.261498 0.257309 0.015674 0.024530
32 0.175001 0.261722 0.033983 0.031102
22 0.144186 0.258988 0.022774 0.024911
28 0.691309 0.295579 0.024815 0.024817
27 0.522475 0.296096 0.035514 0.025833
34 0.636355 0.295918 0.023503 0.024453
11 0.430251 0.296653 0.027884 0.025523
11 0.489158 0.296525 0.026753 0.024677
28 0.460523 0.296770 0.024874 0.024747
12 0.613364 0.297820 0.021932 0.026462
28 0.307266 0.297374 0.026265 0.025316
3 0.276785 0.297623 0.028298 0.025657
22 0.335117 0.296871 0.021800 0.023949
32 0.381016 0.299658 0.032791 0.028584
17 0.593312 0.296922 0.014115 0.023087
7 0.358647 0.297853 0.015964 0.024755
7 0.251461 0.298203 0.016666 0.025112
24 0.231213 0.297584 0.016379 0.023777
24 0.574155 0.297257 0.017028 0.023015
22 0.184542 0.298200 0.018935 0.024266
22 0.207702 0.298705 0.021213 0.024653
10 0.403804 0.335222 0.020468 0.025055
4 0.615292 0.338501 0.040165 0.031573
10 0.473398 0.335425 0.021135 0.024496
25 0.447225 0.335375 0.028711 0.024189
0 0.500901 0.336057 0.028221 0.025505
34 0.649279 0.336206 0.026192 0.025489
3 0.578328 0.336332 0.026667 0.025646
9 0.524709 0.344099 0.015910 0.040873
29 0.198030 0.336797 0.024380 0.026165
24 0.424370 0.335680 0.015488 0.023901
0 0.337738 0.336159 0.027728 0.024294
1 0.278881 0.336369 0.029042 0.024611
34 0.169770 0.336427 0.028520 0.024486
7 0.363871 0.336075 0.016765 0.023635
22 0.249873 0.336704 0.022891 0.024464
28 0.308666 0.336683 0.023286 0.023855
22 0.142977 0.337249 0.021625 0.024508
21 0.221775 0.337541 0.025839 0.024695
8 0.413692 0.376616 0.021135 0.026161
25 0.587499 0.376197 0.027254 0.025059
21 0.273733 0.376626 0.026902 0.024848
4 0.533193 0.378838 0.038185 0.029078
4 0.237112 0.379127 0.040325 0.029241
10 0.563706 0.376729 0.019505 0.024390
3 0.359687 0.376858 0.025928 0.024467
3 0.660302 0.376978 0.026487 0.024653
9 0.436497 0.383912 0.017223 0.038420
28 0.459892 0.376782 0.024540 0.024087
17 0.637069 0.377025 0.014176 0.024111
26 0.387804 0.377142 0.024294 0.024089
37 0.148957 0.377832 0.034711 0.025099
12 0.182077 0.378031 0.023007 0.025291
35 0.307231 0.377334 0.033563 0.023473
7 0.204426 0.377595 0.016856 0.023995
36 0.407591 0.413806 0.027068 0.024459
8 0.209745 0.414743 0.021790 0.024928
34 0.378507 0.414339 0.025301 0.024054
13 0.435070 0.414367 0.020730 0.024055
4 0.153948 0.417482 0.037978 0.030195
3 0.625435 0.414941 0.027443 0.024708
25 0.350511 0.414512 0.026791 0.023826
0 0.496237 0.415389 0.027377 0.025012
0 0.257616 0.415138 0.026656 0.024386
29 0.304294 0.415175 0.026558 0.024364
3 0.655543 0.415683 0.026855 0.025008
17 0.281260 0.415361 0.014646 0.024103
17 0.457051 0.414616 0.015376 0.022546
10 0.185967 0.415145 0.020151 0.023499
7 0.232163 0.415286 0.016942 0.023214
33 0.591213 0.415749 0.035042 0.023857
17 0.566049 0.416107 0.015562 0.024008
8 0.392525 0.450809 0.023368 0.024411
4 0.464641 0.454170 0.036714 0.030631
3 0.283589 0.451910 0.027174 0.025508
2 0.318453 0.457689 0.036468 0.036580
28 0.351725 0.451836 0.025619 0.024822
7 0.415773 0.451940 0.015958 0.024722
0 0.253083 0.452294 0.027824 0.024871
3 0.684243 0.452451 0.027207 0.025183
24 0.435438 0.451853 0.016552 0.023526
25 0.513161 0.452072 0.024642 0.023075
34 0.569346 0.452357 0.024924 0.023196
28 0.194032 0.452879 0.025409 0.024119
4 0.615953 0.453125 0.031034 0.023898
27 0.570076 0.452786 0.025561 0.022720
33 0.651584 0.453445 0.035782 0.023629
18 0.537663 0.489644 0.025738 0.028735
28 0.341002 0.490855 0.022335 0.024318
28 0.267257 0.491615 0.024906 0.025645
3 0.205065 0.492064 0.029305 0.026383
11 0.426683 0.491907 0.025941 0.025824
12 0.143466 0.492456 0.021782 0.026870
21 0.314538 0.491987 0.026010 0.025621
11 0.237738 0.491905 0.027843 0.025438
24 0.290632 0.491467 0.016125 0.024426
7 0.400952 0.491559 0.017198 0.024420
5 0.657235 0.495899 0.029165 0.033041
29 0.565674 0.492302 0.024231 0.025746
34 0.622505 0.492096 0.025597 0.025052
33 0.372562 0.491502 0.036245 0.023779
11 0.172156 0.492315 0.028214 0.025222
11 0.594449 0.492275 0.026477 0.024998
3 0.456167 0.492217 0.024611 0.024532
34 0.686018 0.493141 0.025325 0.026298
22 0.513607 0.491845 0.021210 0.023269
36 0.485443 0.492380 0.026166 0.024009
8 0.340411 0.530532 0.023030 0.025038
8 0.146386 0.530868 0.023345 0.025164
34 0.225954 0.530958 0.027493 0.025278
22 0.267316 0.530908 0.023715 0.025081
34 0.293179 0.530786 0.027150 0.024834
21 0.366777 0.530828 0.025392 0.024757
13 0.198929 0.531361 0.023410 0.025461
24 0.317744 0.531118 0.015744 0.024402
20 0.396003 0.530921 0.026837 0.023607
21 0.173256 0.531525 0.026455 0.024739
32 0.426811 0.534209 0.031587 0.030044
0 0.649707 0.531756 0.026554 0.024495
11 0.475949 0.531812 0.027725 0.024546
3 0.506073 0.531898 0.026364 0.024346
7 0.450420 0.532114 0.017373 0.024695
28 0.620431 0.532404 0.023174 0.024993
3 0.568894 0.532580 0.027331 0.024938
36 0.535773 0.532079 0.029346 0.023703
12 0.595626 0.532845 0.020960 0.024963
18 0.174410 0.567764 0.027187 0.027733
18 0.465377 0.568088 0.027363 0.027235
8 0.439351 0.568654 0.022048 0.025958
3 0.369945 0.568632 0.027033 0.025511
25 0.294261 0.568520 0.027759 0.024322
22 0.147651 0.569048 0.022936 0.024939
3 0.234301 0.569186 0.026563 0.025159
3 0.264688 0.569257 0.027081 0.025199
22 0.322425 0.568872 0.022479 0.024319
26 0.412791 0.568928 0.025801 0.023944
32 0.203857 0.571943 0.031609 0.029788
17 0.344740 0.569141 0.015784 0.024118
36 0.610121 0.569139 0.027630 0.024051
2 0.500710 0.573744 0.037189 0.033195
34 0.582073 0.569132 0.024764 0.023700
22 0.558952 0.570154 0.019436 0.023361
28 0.534057 0.570379 0.025826 0.023525
3 0.319392 0.607600 0.028078 0.026150
36 0.351139 0.607295 0.029335 0.025291
34 0.598510 0.607405 0.026147 0.024851
11 0.287367 0.608025 0.028666 0.025747
15 0.199699 0.613281 0.024893 0.036153
22 0.572789 0.607623 0.022227 0.023989
7 0.261252 0.608273 0.016691 0.025079
14 0.511586 0.607742 0.037566 0.023678
33 0.230217 0.608337 0.038489 0.024792
28 0.546232 0.608174 0.025998 0.023757
21 0.171891 0.609284 0.026034 0.025677
33 0.633016 0.608707 0.039481 0.023835
17 0.401035 0.609024 0.025212 0.024413
7 0.663324 0.609587 0.017670 0.024902
24 0.425436 0.609418 0.015851 0.023734
8 0.258900 0.643985 0.022496 0.025372
25 0.209750 0.643921 0.026985 0.025040
13 0.529684 0.643701 0.023657 0.024578
3 0.310914 0.644492 0.028328 0.025382
28 0.503813 0.644084 0.023535 0.024281
10 0.449433 0.644174 0.018149 0.024412
11 0.475135 0.644523 0.028206 0.025043
3 0.392526 0.644669 0.027603 0.025168
25 0.360699 0.644436 0.027759 0.024470
8 0.574139 0.644862 0.022467 0.025144
28 0.602376 0.645386 0.026232 0.026087
17 0.552207 0.645087 0.015427 0.025400
11 0.423938 0.644893 0.027397 0.025007
24 0.337230 0.645052 0.016591 0.025010
7 0.236628 0.644949 0.016736 0.023947
24 0.626437 0.646009 0.017199 0.024831
35 0.179540 0.645532 0.035806 0.023420
24 0.149435 0.646942 0.017418 0.024960
18 0.701711 0.681663 0.029339 0.028074
14 0.268584 0.680837 0.037475 0.025612
13 0.328093 0.680548 0.022374 0.024855
21 0.418523 0.681051 0.026709 0.025646
28 0.302882 0.681033 0.025192 0.025526
3 0.389162 0.681041 0.027405 0.025524
10 0.443914 0.681246 0.020612 0.024964
25 0.486431 0.681314 0.028053 0.025058
22 0.235555 0.680844 0.022200 0.023920
3 0.517290 0.681434 0.026430 0.024904
4 0.573445 0.684643 0.038837 0.031090
3 0.641408 0.682213 0.027928 0.025867
32 0.180505 0.683871 0.030127 0.028851
24 0.463175 0.681757 0.015111 0.024407
28 0.209290 0.681868 0.027010 0.024415
3 0.609587 0.682211 0.027430 0.025015
12 0.543744 0.682491 0.020131 0.025376
11 0.671844 0.682760 0.026709 0.025373
18 0.256574 0.716844 0.027371 0.029507
32 0.287391 0.721512 0.033223 0.031000
28 0.455084 0.719347 0.026434 0.025718
0 0.160408 0.719193 0.028767 0.025258
14 0.420820 0.719173 0.036270 0.025167
28 0.361649 0.719094 0.024131 0.024816
3 0.499273 0.719138 0.027068 0.024371
22 0.334578 0.719388 0.022336 0.024508
17 0.185660 0.719352 0.014795 0.024289
22 0.387323 0.719669 0.022244 0.024556
24 0.204822 0.719674 0.015107 0.024533
15 0.545519 0.724616 0.024226 0.034299
17 0.312259 0.719620 0.014954 0.024291
21 0.228219 0.720056 0.025627 0.024270
4 0.576369 0.723269 0.035924 0.030325
17 0.523053 0.720529 0.014361 0.023486
10 0.707321 0.721337 0.020642 0.024365
10 0.646251 0.721516 0.020543 0.024675
2 0.677233 0.726369 0.036681 0.034293
9 0.625390 0.728764 0.017233 0.039009
7 0.605335 0.722093 0.016550 0.024417
18 0.668156 0.756637 0.027552 0.029017
4 0.494662 0.760137 0.038124 0.031520
3 0.460639 0.757065 0.025380 0.024872
9 0.645284 0.768233 0.016734 0.046679
10 0.526535 0.757718 0.019278 0.024894
13 0.354410 0.757534 0.021964 0.024400
9 0.579863 0.768520 0.017138 0.046119
22 0.416665 0.757683 0.023317 0.024248
36 0.326013 0.757779 0.029565 0.024333
33 0.270993 0.757693 0.037106 0.023852
0 0.553355 0.758569 0.029314 0.025568
11 0.209936 0.758461 0.027302 0.025298
17 0.437924 0.758267 0.014860 0.024790
9 0.622876 0.758806 0.022394 0.025845
22 0.159231 0.758303 0.023715 0.024822
13 0.623041 0.758643 0.022457 0.025316
28 0.238898 0.758299 0.023276 0.024225
24 0.393341 0.758687 0.016336 0.024448
7 0.299694 0.758424 0.015749 0.023658
7 0.600877 0.759525 0.017353 0.025245