11 0.695889 0.139993 0.028457 0.025252
28 0.726307 0.140355 0.026202 0.025970
12 0.618915 0.140742 0.021675 0.026290
13 0.668554 0.139955 0.022514 0.024706
3 0.448800 0.140271 0.026583 0.025146
3 0.592645 0.140517 0.026801 0.025363
34 0.641633 0.139857 0.024889 0.023985
4 0.516029 0.143307 0.036059 0.030844
10 0.546529 0.140346 0.020562 0.024595
11 0.417749 0.140798 0.029081 0.025478
36 0.480014 0.140253 0.028873 0.024229
3 0.417483 0.141047 0.029160 0.025482
3 0.757124 0.141240 0.028303 0.025523
0 0.790410 0.141660 0.028976 0.025079
9 0.814203 0.147957 0.014557 0.037314
7 0.391528 0.141945 0.016963 0.024972
28 0.835692 0.141870 0.024725 0.024646
14 0.360865 0.142212 0.038413 0.025183
22 0.861363 0.141941 0.021545 0.024383
4 0.624211 0.182763 0.039855 0.031193
4 0.466158 0.183886 0.038121 0.031650
4 0.800852 0.184216 0.039487 0.032267
10 0.657036 0.181033 0.019729 0.025547
3 0.763340 0.181247 0.029418 0.025457
8 0.858186 0.181982 0.024743 0.026878
32 0.568859 0.183881 0.031943 0.030656
25 0.682542 0.180965 0.029698 0.024805
27 0.414867 0.180973 0.025375 0.024686
34 0.414361 0.180937 0.025656 0.024432
10 0.833757 0.181630 0.020059 0.025473
22 0.712448 0.181354 0.023692 0.024838
17 0.736276 0.181404 0.016413 0.024237
10 0.499185 0.181661 0.019394 0.024423
11 0.385562 0.182029 0.027131 0.025140
24 0.520528 0.181761 0.016007 0.024426
32 0.353923 0.185037 0.033904 0.030329
4 0.513596 0.225571 0.040741 0.034742
3 0.686869 0.222109 0.028417 0.027425
3 0.553269 0.222291 0.029352 0.026933
37 0.355774 0.221921 0.034261 0.025778
34 0.791734 0.221803 0.025415 0.025405
22 0.639471 0.222061 0.020789 0.025617
9 0.580380 0.228679 0.017616 0.038764
34 0.740873 0.222024 0.026918 0.024928
12 0.767975 0.222810 0.021805 0.025957
22 0.715614 0.222274 0.021139 0.024880
22 0.819349 0.222381 0.022052 0.025011
28 0.409518 0.223079 0.026192 0.026252
28 0.863927 0.222820 0.027161 0.025148
17 0.599701 0.223088 0.014814 0.025335
22 0.476788 0.223316 0.024405 0.025198
37 0.662743 0.261794 0.033639 0.027873
3 0.389102 0.263448 0.029582 0.027076
3 0.422547 0.263473 0.029473 0.027037
25 0.355239 0.262994 0.030690 0.025464
36 0.625056 0.263176 0.030449 0.025741
34 0.478990 0.263270 0.026702 0.025846
21 0.592220 0.263223 0.027207 0.025229
4 0.557114 0.266079 0.038667 0.030894
11 0.697237 0.263886 0.029026 0.025776
34 0.877535 0.264093 0.027917 0.026132
12 0.505865 0.264526 0.020749 0.026562
4 0.753431 0.263483 0.036933 0.024452
33 0.796082 0.264209 0.039785 0.025782
22 0.452603 0.264048 0.022538 0.025306
7 0.526660 0.263604 0.017297 0.024122
7 0.829504 0.264702 0.018491 0.026078
7 0.723125 0.263776 0.015826 0.024224
22 0.852229 0.264600 0.021885 0.024514
25 0.640815 0.303035 0.029014 0.025143
34 0.498198 0.304352 0.025866 0.026923
8 0.470610 0.303968 0.024106 0.026142
25 0.411181 0.303498 0.030080 0.025080
36 0.769279 0.303766 0.032433 0.024930
12 0.345948 0.304290 0.021940 0.025943
24 0.553750 0.303193 0.018668 0.023623
35 0.693336 0.303728 0.035199 0.024464
4 0.586646 0.306703 0.037024 0.030061
9 0.667011 0.309996 0.016703 0.036458
35 0.377862 0.304471 0.036666 0.025322
34 0.442518 0.305183 0.026641 0.026705
4 0.810541 0.307997 0.039411 0.031917
15 0.845531 0.311618 0.025261 0.038492
34 0.369452 0.342195 0.028136 0.025359
27 0.378459 0.342136 0.046111 0.025124
36 0.590175 0.342328 0.030219 0.025376
11 0.691426 0.343014 0.028575 0.026206
25 0.419336 0.342692 0.030471 0.025488
0 0.642932 0.342611 0.028189 0.025220
3 0.486108 0.343742 0.028928 0.027251
24 0.617666 0.342834 0.015652 0.025388
8 0.341107 0.343042 0.022644 0.025793
3 0.452915 0.343583 0.029854 0.026722
3 0.723691 0.343179 0.027426 0.025481
1 0.537054 0.343922 0.027240 0.025896
36 0.756437 0.343582 0.030101 0.025058
24 0.511324 0.344074 0.015849 0.025553
17 0.563814 0.343699 0.015467 0.024519
7 0.873626 0.344284 0.016537 0.025326
36 0.808770 0.344430 0.030318 0.025144
33 0.844692 0.344206 0.038571 0.023898
18 0.572850 0.380960 0.028748 0.028845
25 0.604726 0.382235 0.029293 0.025241
36 0.682798 0.382731 0.028949 0.026003
4 0.721431 0.385897 0.039032 0.032075
37 0.857850 0.384083 0.035092 0.028089
10 0.756049 0.383385 0.023054 0.026380
22 0.634675 0.382934 0.022638 0.025428
11 0.800787 0.384351 0.028720 0.026693
25 0.542719 0.383104 0.026824 0.024041
4 0.428814 0.386911 0.040137 0.031622
17 0.657766 0.383336 0.015986 0.024284
25 0.369664 0.383724 0.028392 0.024770
17 0.397482 0.384353 0.017138 0.025297
10 0.462384 0.384982 0.020817 0.025871
1 0.491095 0.385451 0.028251 0.026303
7 0.827204 0.385109 0.017439 0.025220
26 0.340017 0.385384 0.025034 0.024978
22 0.339341 0.421030 0.023537 0.025441
25 0.419459 0.420849 0.031205 0.024772
28 0.388923 0.421312 0.026243 0.024159
8 0.484920 0.421845 0.024197 0.024830
24 0.586659 0.421644 0.017214 0.024200
9 0.364775 0.426908 0.016596 0.034639
34 0.653820 0.421509 0.025186 0.023816
11 0.741801 0.422623 0.028941 0.025921
3 0.454454 0.422252 0.028632 0.025167
12 0.628475 0.423017 0.021884 0.026423
35 0.557170 0.422079 0.035387 0.024478
3 0.774546 0.422689 0.028456 0.025663
28 0.711633 0.422259 0.024156 0.024491
17 0.607220 0.422332 0.016061 0.023804
4 0.809804 0.422732 0.034807 0.024396
32 0.683333 0.424883 0.030076 0.028351
24 0.527167 0.422481 0.016210 0.023337
24 0.839454 0.423447 0.016383 0.025132
17 0.508813 0.422687 0.014765 0.022980
22 0.861125 0.424297 0.021875 0.025699
17 0.880781 0.424271 0.014463 0.025464
16 0.554885 0.463570 0.028545 0.036199
13 0.372229 0.458051 0.024192 0.024837
32 0.419079 0.461449 0.032541 0.030382
25 0.741401 0.458799 0.029132 0.024867
28 0.584719 0.458676 0.025799 0.024236
11 0.522454 0.459492 0.027334 0.025690
36 0.343156 0.459134 0.028383 0.024960
1 0.469373 0.459701 0.028803 0.025477
22 0.772272 0.459630 0.024357 0.025161
33 0.665204 0.459285 0.039377 0.023986
17 0.394740 0.459987 0.014950 0.025048
24 0.716012 0.459678 0.017041 0.024424
17 0.496763 0.460542 0.015736 0.026136
3 0.839566 0.460438 0.027758 0.025700
17 0.443538 0.459530 0.014814 0.023734
7 0.695816 0.460302 0.016797 0.024298
17 0.796480 0.460387 0.015756 0.024357
9 0.814255 0.468083 0.015374 0.039539
18 0.744205 0.496981 0.029264 0.029296
8 0.647572 0.497549 0.023154 0.025464
34 0.674316 0.497735 0.026770 0.025330
8 0.337656 0.498027 0.021536 0.024842
3 0.507340 0.498650 0.027400 0.025755
28 0.620635 0.498241 0.025418 0.024860
15 0.848086 0.502479 0.025737 0.033298
12 0.595207 0.498741 0.021090 0.025482
32 0.717245 0.500556 0.031127 0.029091
21 0.364181 0.498502 0.025077 0.024915
11 0.476522 0.499156 0.028263 0.026196
33 0.543771 0.498389 0.039198 0.024345
33 0.397914 0.498984 0.039086 0.024455
7 0.430384 0.499007 0.017584 0.024351
21 0.775878 0.499118 0.027546 0.024486
28 0.803115 0.499162 0.025327 0.024126
7 0.574703 0.499266 0.015436 0.024098
18 0.672357 0.535886 0.029043 0.029596
0 0.605570 0.537591 0.029136 0.026290
15 0.367537 0.541179 0.023530 0.032246
3 0.737004 0.538351 0.029498 0.026007
25 0.702915 0.537998 0.028561 0.024831
36 0.507975 0.538334 0.028895 0.025476
11 0.556105 0.538688 0.028445 0.026112
24 0.648606 0.538128 0.016369 0.024984
25 0.395393 0.538240 0.028353 0.024963
1 0.338808 0.538241 0.026570 0.024631
36 0.473981 0.538684 0.031081 0.025301
34 0.795802 0.539303 0.026236 0.025996
21 0.768430 0.539237 0.026183 0.025832
17 0.629917 0.539321 0.016165 0.025686
22 0.424560 0.539238 0.023055 0.025428
3 0.879770 0.540372 0.029573 0.026679
24 0.854639 0.540311 0.017037 0.026442
36 0.829165 0.540101 0.030079 0.025728
17 0.447593 0.539619 0.015760 0.024604
18 0.631863 0.574351 0.028936 0.028928
4 0.730400 0.578691 0.039864 0.030463
8 0.503408 0.576412 0.024023 0.025754
28 0.696383 0.576778 0.024986 0.025906
11 0.601566 0.576619 0.028725 0.025325
12 0.573864 0.576927 0.022313 0.025905
4 0.345215 0.580080 0.039663 0.031834
11 0.382963 0.577129 0.029295 0.025647
28 0.548779 0.576903 0.024983 0.024998
21 0.766701 0.577379 0.026920 0.025389
17 0.527304 0.576963 0.015745 0.024477
32 0.809703 0.580277 0.043448 0.031022
26 0.473911 0.577338 0.027758 0.024374
13 0.428290 0.577618 0.021628 0.024636
17 0.408036 0.578301 0.013649 0.025779
17 0.449052 0.577296 0.014965 0.023507
3 0.847463 0.578897 0.029537 0.026201
26 0.449164 0.577400 0.015062 0.022921
25 0.503670 0.615043 0.030211 0.024348
36 0.581856 0.615474 0.031047 0.024834
4 0.378293 0.619355 0.040608 0.032295
3 0.471293 0.615940 0.028622 0.024780
0 0.675732 0.615811 0.028789 0.024378
25 0.439949 0.616498 0.030340 0.025738
9 0.720005 0.625025 0.017377 0.042784
1 0.747390 0.616693 0.029837 0.025992
22 0.532730 0.616302 0.023141 0.024876
21 0.413069 0.617000 0.025570 0.025841
36 0.339169 0.616686 0.030998 0.024819
17 0.555886 0.616189 0.016825 0.023826
9 0.700207 0.623112 0.016561 0.037034
3 0.781705 0.617219 0.027757 0.025243
0 0.815233 0.617599 0.028944 0.025739
17 0.841777 0.617721 0.017761 0.025776
4 0.620352 0.654355 0.035909 0.029592
32 0.792982 0.654681 0.023165 0.029658
21 0.409167 0.652319 0.025667 0.024499
34 0.653611 0.651990 0.025696 0.023788
4 0.784902 0.655073 0.040207 0.029825
25 0.586127 0.652446 0.025308 0.024362
24 0.677754 0.652497 0.016143 0.024458
22 0.699954 0.652429 0.021605 0.024206
15 0.865752 0.668008 0.024689 0.055277
34 0.819492 0.653162 0.026272 0.024935
29 0.866014 0.667671 0.025945 0.053870
3 0.746932 0.652606 0.027856 0.023740
34 0.437229 0.652621 0.027032 0.023572
36 0.469521 0.653005 0.030604 0.024265
28 0.379417 0.653778 0.024856 0.025072
17 0.720933 0.652994 0.014926 0.023430
24 0.498703 0.653238 0.017240 0.023657
24 0.563439 0.653485 0.016248 0.023458
21 0.352660 0.654234 0.026390 0.024954
17 0.843105 0.654615 0.015015 0.025037
7 0.329673 0.654552 0.016050 0.023951
4 0.532601 0.691032 0.036954 0.030051
15 0.624935 0.692166 0.023335 0.031607
14 0.792834 0.689243 0.039297 0.025414
11 0.411302 0.689785 0.027762 0.026465
3 0.726717 0.689266 0.028556 0.025290
34 0.564674 0.688913 0.024932 0.024259
1 0.477722 0.689298 0.028931 0.024995
3 0.445072 0.689908 0.029398 0.026146
13 0.649039 0.689094 0.021070 0.023876
22 0.756800 0.688878 0.024980 0.023439
17 0.603404 0.689413 0.015362 0.024291
3 0.831532 0.690044 0.028760 0.025019
32 0.694611 0.692408 0.034065 0.029599
17 0.504155 0.689417 0.014892 0.023432
13 0.331271 0.689881 0.023567 0.024069
32 0.379002 0.693073 0.033866 0.029996
18 0.479857 0.725745 0.029986 0.030030
28 0.544502 0.726365 0.024760 0.024942
8 0.450502 0.727248 0.023949 0.026366
22 0.572752 0.726341 0.022826 0.024037
11 0.514540 0.727548 0.028313 0.025972
24 0.596137 0.726456 0.016878 0.022924
4 0.339896 0.731768 0.039505 0.032325
34 0.686769 0.727678 0.025723 0.024064
1 0.658113 0.728160 0.029254 0.024760
3 0.813900 0.728090 0.027933 0.024359
25 0.403404 0.728306 0.029588 0.024725
34 0.373495 0.728257 0.026301 0.024575
35 0.623718 0.728079 0.033597 0.023174
17 0.428221 0.729067 0.015829 0.024987
17 0.859175 0.728819 0.015944 0.024480
9 0.711793 0.733251 0.016302 0.033263
32 0.754771 0.730813 0.034548 0.028229
4 0.542109 0.767387 0.041631 0.031720
34 0.577084 0.765109 0.027030 0.025044
15 0.625385 0.773353 0.024525 0.041325
11 0.475875 0.765417 0.029396 0.024757
34 0.353165 0.767242 0.026499 0.027342
28 0.505957 0.766260 0.024910 0.025243
17 0.602595 0.766206 0.015596 0.025107
28 0.445035 0.765825 0.024684 0.024260
25 0.670601 0.765588 0.028006 0.023471
8 0.795435 0.766699 0.023198 0.025495
34 0.700137 0.766768 0.027164 0.025615
24 0.646795 0.766554 0.016514 0.024417
21 0.418768 0.766061 0.025732 0.023362
32 0.326358 0.769392 0.036193 0.029978
34 0.822055 0.767058 0.024757 0.025277
34 0.868119 0.767622 0.027644 0.025718
9 0.740910 0.778060 0.016550 0.046384
28 0.765799 0.767505 0.026415 0.024505
24 0.846063 0.767454 0.015634 0.024089