18 0.659690 0.138099 0.028703 0.027890
15 0.546236 0.145781 0.024595 0.036354
32 0.633167 0.142366 0.031362 0.029468
34 0.498263 0.140167 0.026524 0.024767
22 0.571784 0.140194 0.023577 0.024070
34 0.429918 0.140526 0.026769 0.024336
11 0.400950 0.141259 0.027123 0.025320
17 0.522777 0.140956 0.014625 0.024417
22 0.472588 0.140851 0.022979 0.023805
34 0.169595 0.141777 0.026773 0.024010
7 0.374667 0.142189 0.017810 0.024633
32 0.350210 0.144260 0.031570 0.028717
9 0.246953 0.148415 0.016571 0.036791
7 0.325270 0.142344 0.016778 0.024372
3 0.271968 0.142198 0.026932 0.024069
0 0.219008 0.142582 0.028612 0.024820
21 0.141971 0.142534 0.025347 0.024539
22 0.301188 0.142248 0.023203 0.023751
3 0.660055 0.178068 0.028323 0.025047
8 0.600548 0.179341 0.024825 0.026539
13 0.557520 0.178888 0.021889 0.024727
28 0.629387 0.179173 0.025486 0.024410
17 0.578221 0.179398 0.015591 0.024478
3 0.418138 0.180350 0.027262 0.025622
28 0.532800 0.180097 0.024167 0.024973
10 0.477199 0.179993 0.019178 0.024703
11 0.503995 0.180164 0.028122 0.024975
11 0.450069 0.180621 0.028559 0.025547
25 0.386342 0.180321 0.030641 0.024319
25 0.238830 0.180353 0.028831 0.024369
8 0.286216 0.180834 0.024725 0.024775
3 0.174349 0.181144 0.027659 0.025081
3 0.335851 0.181190 0.029313 0.024790
36 0.205769 0.181158 0.029583 0.024237
7 0.263370 0.181064 0.016556 0.023966
11 0.142989 0.181445 0.027805 0.024606
24 0.360636 0.181322 0.015923 0.023403
7 0.309481 0.182475 0.016586 0.025121
18 0.610120 0.217406 0.028389 0.028623
21 0.642470 0.219303 0.027729 0.026269
20 0.672934 0.219181 0.028014 0.025206
8 0.583112 0.219466 0.023865 0.025597
27 0.501753 0.220173 0.028151 0.025188
34 0.438902 0.220383 0.027221 0.025414
34 0.500940 0.219904 0.027466 0.024412
11 0.470112 0.221235 0.028416 0.026860
7 0.560154 0.220656 0.017503 0.025106
22 0.412847 0.220875 0.021677 0.025427
1 0.354743 0.221295 0.030003 0.025692
28 0.386154 0.221485 0.025715 0.025517
28 0.201880 0.221240 0.025389 0.025000
24 0.538286 0.220631 0.017097 0.023589
11 0.270405 0.221331 0.028523 0.024482
3 0.302904 0.221670 0.027891 0.025011
26 0.140190 0.221917 0.024262 0.024310
24 0.243959 0.222135 0.016315 0.023663
2 0.629788 0.265510 0.039225 0.038759
36 0.567673 0.260528 0.031257 0.024904
34 0.261672 0.260946 0.026813 0.025249
24 0.597264 0.260580 0.017881 0.024481
7 0.660439 0.260630 0.017171 0.024549
34 0.399896 0.261088 0.027374 0.025332
12 0.236253 0.261338 0.021944 0.025726
1 0.513851 0.261236 0.029773 0.025185
3 0.208165 0.261469 0.029262 0.025601
2 0.445215 0.267176 0.029826 0.036970
11 0.369490 0.261577 0.028425 0.025648
8 0.289435 0.261304 0.023067 0.025033
3 0.176433 0.261503 0.028334 0.024456
28 0.338504 0.261849 0.025655 0.025099
9 0.468629 0.269785 0.017084 0.040609
32 0.144955 0.265557 0.032791 0.030340
18 0.574865 0.298401 0.028568 0.028426
34 0.698302 0.298376 0.027740 0.026229
2 0.613782 0.305371 0.040551 0.038518
11 0.669487 0.299252 0.026547 0.025714
15 0.544712 0.305747 0.029044 0.037400
7 0.645353 0.300107 0.017108 0.025132
25 0.453606 0.300243 0.029481 0.025319
34 0.402914 0.300586 0.025634 0.025043
36 0.210249 0.300444 0.030672 0.024757
34 0.484602 0.300592 0.025256 0.024712
1 0.371417 0.300910 0.034691 0.025289
26 0.513851 0.301309 0.024844 0.025846
3 0.176571 0.300835 0.029917 0.024562
34 0.327932 0.300680 0.025536 0.023980
24 0.428061 0.300815 0.017058 0.023992
11 0.144338 0.301224 0.027451 0.024240
4 0.615987 0.339773 0.039531 0.030432
10 0.647901 0.337318 0.021199 0.025393
25 0.578721 0.337845 0.028261 0.025072
3 0.289868 0.338440 0.028933 0.025670
4 0.501070 0.341135 0.040593 0.029874
10 0.533557 0.338939 0.020456 0.025206
2 0.375752 0.345157 0.037553 0.036901
10 0.408472 0.339531 0.021534 0.025612
22 0.141871 0.339508 0.023421 0.025461
5 0.465459 0.342947 0.025441 0.031770
20 0.241122 0.339152 0.029446 0.023975
17 0.164464 0.339739 0.014930 0.024557
24 0.554735 0.338987 0.015945 0.023052
26 0.320840 0.339893 0.023869 0.024597
24 0.344598 0.339640 0.017391 0.023530
32 0.437570 0.342589 0.031592 0.028688
32 0.190479 0.342939 0.033245 0.029331
25 0.225198 0.376733 0.029734 0.025179
3 0.491120 0.377398 0.029195 0.025640
3 0.617419 0.377725 0.029502 0.025842
10 0.254619 0.377554 0.022027 0.025033
33 0.653189 0.377573 0.037597 0.025044
25 0.458038 0.377515 0.028474 0.024714
7 0.682408 0.377846 0.019398 0.025217
11 0.565301 0.378050 0.028954 0.025541
4 0.403040 0.380426 0.040782 0.030224
7 0.590761 0.378043 0.016184 0.024660
24 0.278007 0.377935 0.016863 0.024275
28 0.176510 0.378300 0.024741 0.024786
24 0.199920 0.377626 0.017111 0.023344
3 0.343248 0.378331 0.028874 0.024586
22 0.533985 0.378113 0.024725 0.023970
35 0.307627 0.378443 0.035693 0.024225
24 0.370532 0.378761 0.017773 0.024265
32 0.146939 0.381571 0.032575 0.029597
18 0.394285 0.415136 0.030466 0.028028
4 0.478288 0.418535 0.040151 0.031344
0 0.559778 0.415911 0.031834 0.025735
4 0.298828 0.418698 0.040499 0.030630
34 0.513280 0.416064 0.026521 0.025145
28 0.664141 0.415868 0.025995 0.024439
3 0.259855 0.416421 0.029003 0.025386
3 0.336177 0.416604 0.027724 0.025301
32 0.633755 0.419463 0.032830 0.030727
7 0.607895 0.416710 0.017668 0.024708
8 0.365139 0.416866 0.023639 0.024963
7 0.173376 0.417027 0.017529 0.024438
5 0.424351 0.421117 0.026305 0.032393
32 0.147027 0.419713 0.034648 0.029386
33 0.222200 0.416893 0.038793 0.023522
17 0.447708 0.417625 0.015438 0.023707
18 0.253131 0.452073 0.027644 0.028417
9 0.230683 0.460660 0.017061 0.039616
3 0.145806 0.453780 0.028826 0.025765
4 0.339741 0.455624 0.039887 0.029354
13 0.206569 0.453670 0.022473 0.025165
34 0.463333 0.453459 0.026587 0.024618
5 0.282111 0.457640 0.028460 0.032872
14 0.498509 0.453960 0.038422 0.024954
3 0.417267 0.454008 0.027357 0.024750
17 0.307813 0.453927 0.016591 0.024426
24 0.440917 0.454211 0.016352 0.024993
25 0.657577 0.453958 0.027381 0.024430
17 0.680804 0.454439 0.016263 0.025386
1 0.609761 0.454782 0.030273 0.025704
7 0.529202 0.454604 0.016826 0.025248
10 0.372710 0.454254 0.021083 0.024535
34 0.577793 0.454526 0.025066 0.024085
32 0.551917 0.457442 0.032511 0.029420
4 0.152363 0.496084 0.039343 0.032611
34 0.236223 0.492210 0.026219 0.024392
10 0.184983 0.492521 0.020898 0.024696
10 0.625149 0.492595 0.018551 0.024621
25 0.600558 0.492752 0.027535 0.024814
24 0.646206 0.492684 0.017119 0.024629
22 0.209622 0.492702 0.022098 0.024492
28 0.265300 0.492994 0.024532 0.024254
34 0.318000 0.493119 0.024886 0.024485
32 0.292452 0.495549 0.031275 0.029284
3 0.416968 0.493396 0.027003 0.024785
3 0.571710 0.493644 0.027055 0.025160
0 0.464794 0.493637 0.027179 0.024366
11 0.540570 0.493767 0.027512 0.024470
21 0.511889 0.493847 0.025025 0.024521
24 0.440576 0.493873 0.015713 0.024135
32 0.359099 0.496490 0.031462 0.028936
26 0.488474 0.494011 0.015093 0.023549
17 0.488448 0.494060 0.015758 0.023639
18 0.677660 0.529661 0.027378 0.029717
18 0.505341 0.531998 0.028884 0.026648
22 0.221067 0.531494 0.023903 0.025039
8 0.144423 0.531886 0.024438 0.025456
8 0.607015 0.531970 0.024667 0.025604
24 0.244744 0.531928 0.015699 0.024445
21 0.650545 0.532103 0.026162 0.024705
1 0.305770 0.532044 0.028643 0.024548
20 0.191758 0.532143 0.029105 0.024307
28 0.334740 0.532450 0.023456 0.024695
3 0.577819 0.532786 0.028145 0.025183
17 0.166958 0.532640 0.015028 0.024532
35 0.271330 0.532486 0.034560 0.024021
14 0.541508 0.533047 0.037267 0.025142
17 0.629316 0.532985 0.016021 0.024985
22 0.461795 0.534394 0.023484 0.027557
28 0.436186 0.533117 0.024490 0.024513
12 0.461710 0.533585 0.022508 0.025422
9 0.412474 0.540685 0.018010 0.039321
11 0.170510 0.568097 0.026924 0.024860
4 0.258925 0.571094 0.038399 0.030079
24 0.227940 0.568464 0.016179 0.023968
34 0.372613 0.569175 0.026006 0.025384
25 0.311167 0.568316 0.027958 0.023500
34 0.679688 0.569393 0.025436 0.025271
34 0.629939 0.569054 0.025489 0.024449
34 0.517889 0.569052 0.023144 0.024387
3 0.469631 0.569154 0.027414 0.024401
9 0.590217 0.576640 0.017234 0.039301
11 0.343191 0.569452 0.027486 0.024511
22 0.494897 0.569161 0.020310 0.023582
1 0.564811 0.569450 0.027459 0.023984
24 0.540281 0.569371 0.015969 0.023562
24 0.608348 0.569782 0.015617 0.023695
25 0.221363 0.606722 0.028209 0.025597
3 0.253057 0.607268 0.027819 0.025406
3 0.285368 0.608187 0.028133 0.026880
25 0.148154 0.607457 0.029777 0.025005
10 0.377079 0.607926 0.022532 0.025865
7 0.196402 0.607359 0.016178 0.024721
3 0.686093 0.608440 0.029784 0.025966
11 0.347527 0.608114 0.029069 0.025046
32 0.316111 0.610653 0.032395 0.029714
25 0.587258 0.608417 0.029173 0.025198
0 0.452250 0.608587 0.028318 0.025454
25 0.509845 0.608486 0.028963 0.024724
9 0.660872 0.616609 0.016171 0.040894
3 0.420309 0.609367 0.028111 0.026193
22 0.617357 0.609080 0.022826 0.025488
15 0.480899 0.613529 0.023933 0.033792
24 0.561985 0.609291 0.017050 0.024825
17 0.639580 0.609872 0.016063 0.025503
0 0.296915 0.643956 0.027847 0.025403
3 0.265220 0.644146 0.027626 0.024724
3 0.676475 0.645042 0.028721 0.026192
22 0.194381 0.644612 0.022858 0.024725
25 0.375017 0.645058 0.027943 0.025555
3 0.612759 0.645112 0.027825 0.025506
7 0.238904 0.644332 0.017980 0.023816
22 0.451890 0.644915 0.023673 0.024874
24 0.217640 0.644447 0.016242 0.023827
21 0.327720 0.644914 0.025845 0.024651
17 0.170889 0.645495 0.016709 0.025760
34 0.478135 0.645205 0.026959 0.025165
1 0.528516 0.645275 0.029809 0.025283
36 0.643686 0.645137 0.029512 0.024848
3 0.407546 0.645595 0.029575 0.025704
11 0.581440 0.645441 0.026962 0.024949
24 0.502085 0.645636 0.016983 0.025232
17 0.351959 0.645316 0.015023 0.023842
22 0.147463 0.646318 0.024217 0.025442
18 0.649101 0.679071 0.031291 0.030057
9 0.237975 0.684815 0.015880 0.036379
4 0.206931 0.682106 0.039199 0.030623
25 0.261799 0.678650 0.028723 0.023665
22 0.291435 0.679635 0.022714 0.023925
34 0.171620 0.680605 0.025879 0.025063
4 0.449644 0.683269 0.036572 0.030058
8 0.619770 0.681307 0.023382 0.025249
36 0.385198 0.680842 0.030078 0.024114
12 0.146701 0.681506 0.021129 0.024395
11 0.570801 0.681582 0.028412 0.024456
21 0.415615 0.681341 0.025771 0.023768
7 0.544676 0.681926 0.017799 0.024373
7 0.596530 0.682122 0.016254 0.024522
28 0.484059 0.681798 0.022744 0.023707
33 0.514963 0.681836 0.035764 0.023671
18 0.694370 0.717331 0.028588 0.029736
4 0.157427 0.719062 0.037756 0.030590
2 0.220412 0.720878 0.039937 0.033746
11 0.258652 0.717128 0.027531 0.025316
17 0.189249 0.716808 0.017126 0.023903
29 0.434249 0.722939 0.024377 0.035783
15 0.434273 0.722564 0.024833 0.034847
8 0.460932 0.718091 0.024101 0.025895
4 0.399478 0.720985 0.038870 0.031546
25 0.643705 0.718258 0.029204 0.024909
34 0.487120 0.718235 0.026001 0.024826
3 0.592650 0.718706 0.027772 0.025724
17 0.284649 0.717557 0.016155 0.023412
32 0.323900 0.720587 0.033754 0.029336
21 0.668170 0.718381 0.024558 0.024845
25 0.531606 0.718408 0.026301 0.024552
7 0.349417 0.718269 0.016370 0.024228
3 0.562178 0.718682 0.026745 0.024928
24 0.618412 0.719362 0.017618 0.024547
4 0.259414 0.758153 0.039374 0.031388
11 0.321758 0.755231 0.029672 0.024994
10 0.292963 0.755616 0.021085 0.025719
29 0.378236 0.755564 0.025003 0.025279
3 0.186393 0.755936 0.027756 0.025799
28 0.350543 0.755732 0.023894 0.024797
11 0.154807 0.756294 0.028405 0.025754
36 0.219158 0.756056 0.031733 0.024742
11 0.460125 0.756522 0.027562 0.025258
28 0.404494 0.756373 0.025839 0.024428
15 0.549371 0.761013 0.023715 0.033190
1 0.521172 0.757269 0.027809 0.025649
3 0.491183 0.757150 0.026776 0.024976
21 0.431082 0.756626 0.023740 0.023628
3 0.613885 0.758038 0.028411 0.026145
12 0.642421 0.758948 0.020636 0.026420
33 0.577638 0.757856 0.037992 0.023771