22 0.435281 0.131751 0.023032 0.023095
36 0.344251 0.132048 0.029530 0.023620
29 0.489783 0.132893 0.024037 0.025232
7 0.412254 0.131989 0.017526 0.023382
34 0.462111 0.131936 0.025393 0.023274
25 0.724050 0.132806 0.027367 0.024235
3 0.584257 0.133469 0.026113 0.025318
14 0.549158 0.133375 0.035704 0.025009
33 0.381556 0.132224 0.040753 0.022576
15 0.784382 0.142112 0.024821 0.041980
11 0.755942 0.133978 0.027635 0.025641
28 0.515933 0.133148 0.023676 0.023838
7 0.628031 0.133351 0.017302 0.024034
24 0.607695 0.133537 0.016240 0.024250
29 0.695739 0.133952 0.026176 0.024719
3 0.652491 0.133857 0.026414 0.024284
20 0.812132 0.135292 0.029012 0.024425
1 0.844542 0.136081 0.028304 0.025253
25 0.500696 0.170701 0.029255 0.024396
22 0.361899 0.170738 0.022061 0.024413
1 0.390281 0.170916 0.030290 0.024545
25 0.443763 0.170555 0.028821 0.023578
28 0.471746 0.171364 0.025180 0.024794
22 0.335405 0.171081 0.023315 0.024192
22 0.529605 0.171509 0.021800 0.023253
36 0.574253 0.172530 0.028570 0.024936
13 0.604035 0.172984 0.023785 0.024656
17 0.550894 0.172012 0.014789 0.022483
17 0.625342 0.174063 0.015117 0.025539
25 0.345385 0.208883 0.033549 0.025166
25 0.423399 0.209471 0.032035 0.023874
7 0.396221 0.210025 0.018786 0.024288
10 0.453512 0.209905 0.022839 0.023857
36 0.484123 0.210237 0.030587 0.024355
36 0.519526 0.210456 0.032680 0.024752
8 0.595334 0.210816 0.024754 0.025295
0 0.682308 0.211698 0.029982 0.025162
36 0.648818 0.211426 0.030364 0.024593
26 0.566362 0.211508 0.026744 0.023683
9 0.709281 0.219505 0.016743 0.038439
1 0.757673 0.212952 0.032604 0.024872
7 0.728921 0.212735 0.017530 0.024291
9 0.785993 0.220599 0.016938 0.038960
25 0.810979 0.213458 0.030416 0.024031
3 0.845073 0.214516 0.029501 0.025520
0 0.311787 0.251484 0.035189 0.030212
4 0.604197 0.253654 0.038147 0.030775
21 0.378539 0.250802 0.027237 0.024353
7 0.354186 0.250715 0.016733 0.023893
10 0.636297 0.251310 0.021889 0.024929
33 0.480477 0.250923 0.041743 0.023915
5 0.569119 0.254690 0.026267 0.031260
27 0.636201 0.251641 0.021642 0.025029
25 0.662555 0.251481 0.027873 0.024555
32 0.539493 0.253886 0.031415 0.028848
17 0.403331 0.251089 0.016396 0.022876
4 0.773877 0.255277 0.039314 0.030324
22 0.691056 0.252789 0.021874 0.023979
10 0.806911 0.253656 0.020470 0.025470
3 0.737511 0.253533 0.027585 0.024510
17 0.712896 0.253394 0.014870 0.023094
25 0.850045 0.254712 0.026326 0.024633
24 0.827098 0.254747 0.015596 0.024413
0 0.345836 0.289011 0.029338 0.024842
1 0.397767 0.289502 0.031165 0.025391
11 0.483347 0.289434 0.028790 0.024928
21 0.431283 0.289902 0.028007 0.024830
10 0.511471 0.289592 0.020422 0.023984
24 0.533555 0.290118 0.017227 0.024680
0 0.610854 0.290438 0.029644 0.024652
35 0.564543 0.290551 0.038998 0.023921
4 0.679589 0.294255 0.042082 0.029307
17 0.635811 0.291506 0.015957 0.023499
25 0.753080 0.292862 0.033307 0.024688
17 0.710956 0.292970 0.016248 0.024058
28 0.784273 0.293489 0.026295 0.024857
3 0.814763 0.293921 0.028860 0.024621
25 0.483653 0.327342 0.045503 0.024978
3 0.524173 0.327761 0.028197 0.024874
8 0.418208 0.327824 0.023626 0.024437
0 0.555541 0.328400 0.027903 0.025194
34 0.445903 0.327854 0.026056 0.023752
1 0.371081 0.328360 0.027958 0.024414
9 0.580257 0.335250 0.017363 0.038071
3 0.605280 0.328533 0.027507 0.024535
36 0.638334 0.329400 0.031004 0.023881
4 0.677859 0.332491 0.039663 0.029800
21 0.713938 0.331436 0.026107 0.023621
36 0.744328 0.331430 0.027874 0.023535
2 0.781752 0.336461 0.037646 0.033403
3 0.817625 0.332640 0.027938 0.025007
34 0.884504 0.332995 0.022470 0.025028
4 0.853454 0.335011 0.038793 0.028839
25 0.551791 0.364811 0.029076 0.024134
8 0.417579 0.365205 0.022904 0.024001
17 0.509615 0.365482 0.015307 0.023620
24 0.527706 0.365422 0.015905 0.023191
32 0.460610 0.368421 0.041620 0.029183
34 0.390522 0.365488 0.027203 0.023290
22 0.365058 0.365609 0.021588 0.023116
10 0.580663 0.365995 0.019990 0.023607
32 0.608144 0.369399 0.032453 0.029981
14 0.641605 0.367321 0.033663 0.024421
3 0.675587 0.368081 0.028033 0.025504
22 0.718965 0.368047 0.022937 0.023590
26 0.766745 0.369257 0.026903 0.024182
34 0.823564 0.369543 0.025854 0.024711
25 0.795542 0.369045 0.024249 0.023367
17 0.741903 0.369172 0.016453 0.023304
0 0.853430 0.370194 0.027157 0.025077
15 0.881288 0.376947 0.024091 0.037128
18 0.565931 0.402516 0.027999 0.027865
2 0.373214 0.408964 0.039555 0.038736
3 0.460069 0.403138 0.028528 0.024458
36 0.491801 0.403090 0.030001 0.024042
11 0.428857 0.403109 0.027462 0.024006
13 0.520805 0.403356 0.022426 0.023890
7 0.403883 0.403369 0.015471 0.023541
9 0.542177 0.407428 0.015716 0.031301
34 0.665960 0.404680 0.027280 0.025210
5 0.594940 0.409279 0.029884 0.033959
22 0.641304 0.404522 0.021598 0.024162
3 0.715804 0.406348 0.027453 0.024409
34 0.769518 0.406904 0.027936 0.024679
0 0.800109 0.407467 0.028197 0.025045
22 0.743193 0.406972 0.022565 0.023834
3 0.849303 0.408679 0.027854 0.024736
17 0.824687 0.409706 0.016338 0.026471
3 0.473875 0.439800 0.028568 0.024428
25 0.442236 0.439522 0.027586 0.023593
36 0.506658 0.440048 0.028959 0.023758
28 0.394839 0.440326 0.024775 0.024013
25 0.557521 0.440504 0.027966 0.023411
13 0.585960 0.440593 0.022033 0.023388
25 0.631922 0.441061 0.030730 0.024232
24 0.418060 0.440600 0.015538 0.023072
24 0.534129 0.440953 0.015689 0.023579
17 0.607067 0.441497 0.015563 0.023040
22 0.662676 0.442071 0.022314 0.023208
36 0.711093 0.442866 0.030148 0.024342
17 0.685381 0.442465 0.015734 0.023162
13 0.740952 0.442966 0.023006 0.024112
17 0.762755 0.443849 0.014742 0.023647
32 0.786620 0.447401 0.031330 0.030253
32 0.811081 0.448726 0.030773 0.030950
5 0.812667 0.448734 0.026816 0.029918
28 0.838484 0.446187 0.025439 0.024027
16 0.389536 0.483156 0.029618 0.035956
25 0.436508 0.477695 0.029250 0.023833
34 0.357164 0.478730 0.028544 0.025244
3 0.563396 0.479039 0.026873 0.025339
3 0.495016 0.478864 0.026975 0.024932
30 0.528915 0.478520 0.035089 0.024180
22 0.329948 0.478790 0.021980 0.024189
9 0.415415 0.487057 0.018667 0.039801
22 0.466329 0.478844 0.022812 0.023360
24 0.588595 0.479956 0.015463 0.023927
0 0.613340 0.480538 0.028891 0.024684
11 0.690780 0.481671 0.028070 0.025834
17 0.638705 0.481285 0.015008 0.024423
11 0.741114 0.481890 0.028716 0.025449
21 0.661096 0.481336 0.025586 0.024258
3 0.773434 0.482165 0.028361 0.024681
7 0.716314 0.482204 0.016134 0.024737
11 0.449326 0.517631 0.025926 0.024397
18 0.829237 0.520831 0.030858 0.030127
10 0.396429 0.517619 0.020561 0.023224
32 0.331771 0.520671 0.034027 0.029278
12 0.421131 0.517844 0.022498 0.023512
7 0.518751 0.518072 0.016573 0.023689
9 0.376531 0.524850 0.018795 0.036887
11 0.544077 0.518513 0.026437 0.024178
7 0.357274 0.518218 0.016331 0.023337
22 0.495533 0.518044 0.022130 0.022833
17 0.473102 0.518548 0.014721 0.023680
36 0.605416 0.519052 0.028848 0.024684
3 0.574137 0.519113 0.027122 0.024351
33 0.673986 0.520312 0.036541 0.024150
25 0.754370 0.520761 0.028617 0.024818
8 0.801553 0.521385 0.023017 0.024654
1 0.726409 0.521254 0.027317 0.024238
17 0.779775 0.521635 0.014963 0.024553
7 0.701531 0.521679 0.015596 0.024254
15 0.451976 0.557395 0.022529 0.031076
32 0.477062 0.557395 0.031884 0.030012
11 0.533479 0.555192 0.028335 0.024830
34 0.503181 0.555431 0.026021 0.025298
22 0.378397 0.555384 0.022701 0.024902
11 0.330395 0.555319 0.029600 0.024680
34 0.403623 0.555332 0.025913 0.024270
3 0.564919 0.555622 0.026762 0.024783
24 0.427950 0.554927 0.017273 0.023300
7 0.355401 0.555909 0.015348 0.023707
17 0.612867 0.556725 0.014897 0.023445
26 0.635572 0.557445 0.025229 0.024061
15 0.681752 0.561529 0.023608 0.030738
24 0.659120 0.558053 0.014846 0.023212
11 0.766882 0.559325 0.028224 0.025700
33 0.712570 0.558400 0.035831 0.023132
7 0.740751 0.559048 0.016164 0.023959
3 0.799022 0.560104 0.027226 0.025971
36 0.829850 0.560151 0.029163 0.025076
2 0.367742 0.596561 0.038242 0.033922
3 0.475989 0.592240 0.028233 0.024689
36 0.329343 0.591907 0.029364 0.023968
11 0.507409 0.592384 0.026730 0.024763
0 0.425661 0.592460 0.028441 0.024054
9 0.451678 0.595510 0.015439 0.029884
7 0.399910 0.592395 0.017860 0.023119
24 0.550925 0.593138 0.017433 0.024457
3 0.576925 0.593316 0.026693 0.024269
17 0.531030 0.592716 0.015758 0.023011
4 0.611867 0.597253 0.036236 0.030875
34 0.643200 0.594845 0.025294 0.024464
25 0.670637 0.595025 0.028474 0.024331
3 0.702785 0.595838 0.028930 0.024692
24 0.727095 0.596315 0.015297 0.023796
21 0.750047 0.596459 0.026033 0.023633
17 0.774790 0.596950 0.015006 0.024240
34 0.856082 0.598068 0.025455 0.025231
22 0.796908 0.597362 0.022811 0.023255
24 0.834995 0.598247 0.015085 0.024013
7 0.817641 0.598298 0.015376 0.023354
15 0.466492 0.633606 0.023787 0.034767
11 0.328748 0.628280 0.027343 0.023784
21 0.438811 0.629004 0.026459 0.023923
15 0.556113 0.634383 0.024645 0.034274
8 0.529631 0.629961 0.022153 0.025242
20 0.386738 0.629157 0.029128 0.023475
24 0.413529 0.629711 0.016349 0.024248
33 0.497761 0.630114 0.039163 0.023016
0 0.621692 0.631292 0.028563 0.024148
26 0.592280 0.631701 0.023934 0.024007
29 0.669288 0.632620 0.025909 0.025105
17 0.646627 0.632036 0.014488 0.023921
14 0.758101 0.633916 0.037424 0.026631
3 0.697843 0.632649 0.026504 0.024027
22 0.725606 0.633515 0.022062 0.023624
3 0.792654 0.634157 0.025411 0.024609
34 0.844564 0.635167 0.027748 0.025977
22 0.818931 0.634838 0.020768 0.023307
18 0.351946 0.664041 0.027511 0.027728
18 0.401583 0.664699 0.026716 0.028796
22 0.325803 0.665430 0.022647 0.024111
0 0.433457 0.666042 0.028992 0.024466
28 0.480476 0.666596 0.023501 0.024533
16 0.535712 0.672113 0.026705 0.035036
9 0.458817 0.673386 0.015240 0.036906
5 0.592686 0.671181 0.026353 0.031728
34 0.621639 0.668277 0.026822 0.025593
3 0.564727 0.667495 0.026524 0.023777
26 0.507692 0.667928 0.023789 0.024135
15 0.681042 0.675640 0.028910 0.038230
3 0.711122 0.669777 0.027889 0.025192
26 0.650354 0.669377 0.024737 0.023760
3 0.761050 0.670920 0.028476 0.026684
0 0.792346 0.670752 0.027477 0.024513
25 0.845020 0.671680 0.027365 0.024773
21 0.819594 0.671827 0.023515 0.023404
9 0.865599 0.678401 0.015132 0.036086
3 0.887861 0.673881 0.026001 0.025129
18 0.388322 0.703015 0.027554 0.028485
34 0.448459 0.704198 0.027209 0.026782
5 0.416918 0.708623 0.032752 0.034034
3 0.496912 0.705036 0.027472 0.025657
28 0.322804 0.705682 0.025749 0.026089
18 0.621982 0.706658 0.023496 0.027992
24 0.364877 0.704834 0.016997 0.024325
0 0.527582 0.705292 0.027820 0.024544
16 0.593740 0.712718 0.028086 0.038143
15 0.593338 0.713182 0.028945 0.038790
34 0.677766 0.706939 0.025354 0.026263
18 0.790509 0.708582 0.027317 0.028845
5 0.648776 0.710419 0.027943 0.031868
17 0.551159 0.707215 0.015293 0.024967
0 0.735441 0.707997 0.027997 0.024236
28 0.706339 0.708197 0.024238 0.024368
21 0.763256 0.709110 0.024658 0.024604
5 0.817803 0.712785 0.029437 0.030606
34 0.845971 0.710546 0.024347 0.025702
18 0.470980 0.740602 0.027158 0.029017
0 0.396820 0.741161 0.028970 0.024700
0 0.326395 0.741391 0.027423 0.024380
9 0.351154 0.751284 0.018424 0.044074
32 0.499866 0.744291 0.032224 0.029745
15 0.589206 0.748924 0.028388 0.037947
22 0.445638 0.741751 0.022646 0.023553
17 0.423179 0.742136 0.015288 0.023847
18 0.617306 0.744238 0.024867 0.028043
18 0.829508 0.745326 0.027978 0.029852
17 0.371755 0.742430 0.015833 0.023972
3 0.558124 0.743034 0.025403 0.024853
11 0.529662 0.743006 0.025585 0.024382
5 0.643084 0.748698 0.028235 0.032425
8 0.710752 0.745273 0.022189 0.024729
34 0.671644 0.745041 0.023650 0.024261
13 0.764574 0.746696 0.023974 0.024901
21 0.736969 0.746826 0.024815 0.024214
22 0.805535 0.747592 0.020818 0.024376
17 0.785407 0.747405 0.014690 0.023831