11 0.403684 0.142665 0.027536 0.025234
34 0.357324 0.142893 0.026794 0.025203
8 0.330734 0.143132 0.022447 0.025670
29 0.463025 0.143582 0.025537 0.026499
28 0.433305 0.143253 0.025502 0.025518
28 0.489112 0.143997 0.026611 0.026684
34 0.641565 0.143988 0.027308 0.026519
3 0.579867 0.143934 0.027429 0.025784
1 0.611275 0.143961 0.028591 0.025706
11 0.548424 0.144201 0.027609 0.025615
28 0.516985 0.144102 0.025323 0.025261
3 0.716082 0.144678 0.028521 0.026315
15 0.848231 0.151169 0.026913 0.038638
12 0.743249 0.145494 0.022353 0.027099
3 0.801428 0.145034 0.026698 0.025931
11 0.769609 0.145083 0.027863 0.025379
33 0.678906 0.145138 0.041552 0.024732
17 0.825635 0.145779 0.015124 0.025926
4 0.338915 0.183886 0.040030 0.032331
7 0.371216 0.181887 0.018289 0.025846
4 0.498600 0.185157 0.040518 0.030817
0 0.582022 0.182972 0.027972 0.026212
14 0.424544 0.182690 0.039168 0.025584
3 0.461582 0.182841 0.028627 0.025767
34 0.533423 0.183217 0.027731 0.025922
16 0.751194 0.188030 0.029400 0.035496
10 0.778556 0.183373 0.022249 0.025935
9 0.392191 0.191558 0.020448 0.041956
3 0.806427 0.183361 0.026790 0.025558
15 0.751400 0.188326 0.029194 0.035476
9 0.627414 0.191158 0.015954 0.041104
34 0.855838 0.183656 0.026865 0.025856
11 0.700108 0.183350 0.029810 0.025110
22 0.650779 0.183182 0.023829 0.024362
7 0.673758 0.183698 0.016998 0.025232
7 0.724947 0.184007 0.016515 0.025404
7 0.608205 0.184141 0.017565 0.024949
4 0.337993 0.224899 0.040338 0.034712
25 0.395702 0.222055 0.030681 0.025139
9 0.370691 0.228425 0.018826 0.037213
22 0.687171 0.223641 0.024190 0.026595
1 0.773508 0.223355 0.029520 0.025757
25 0.633537 0.223526 0.028384 0.026002
32 0.514892 0.226303 0.037262 0.031448
10 0.662743 0.223764 0.023005 0.026198
22 0.426600 0.223489 0.023627 0.024882
24 0.709637 0.223507 0.016398 0.024872
28 0.802509 0.223493 0.024758 0.024737
36 0.579869 0.224000 0.030700 0.025611
28 0.547451 0.224146 0.024879 0.024745
24 0.608320 0.224322 0.017093 0.025019
35 0.737725 0.224433 0.037747 0.024817
18 0.407261 0.260777 0.029856 0.030637
18 0.599599 0.262588 0.029593 0.029309
22 0.356893 0.262343 0.023929 0.025542
5 0.437561 0.266703 0.030320 0.033947
24 0.382042 0.262595 0.017509 0.025407
26 0.328937 0.262196 0.024780 0.023808
34 0.467623 0.263854 0.026450 0.026113
0 0.499941 0.263814 0.029787 0.025885
11 0.631481 0.264675 0.028635 0.027251
25 0.705550 0.263918 0.028632 0.025701
30 0.793671 0.263785 0.035241 0.024896
24 0.681776 0.264463 0.016870 0.026233
7 0.528536 0.264469 0.017323 0.026208
15 0.762068 0.266685 0.024735 0.030605
10 0.660150 0.264420 0.022290 0.025865
22 0.572535 0.264508 0.025085 0.026032
22 0.734050 0.264418 0.023231 0.025618
3 0.847741 0.265028 0.028874 0.026061
22 0.326123 0.300792 0.022828 0.026104
34 0.353508 0.301233 0.028190 0.025252
8 0.598085 0.301740 0.023170 0.025518
14 0.392561 0.301752 0.041473 0.025481
11 0.568966 0.302387 0.028399 0.025807
11 0.507121 0.303620 0.029565 0.026130
28 0.645406 0.303701 0.027559 0.026012
32 0.808946 0.306053 0.033756 0.030583
7 0.425858 0.303196 0.017711 0.024579
28 0.537271 0.303926 0.026033 0.026012
32 0.727995 0.306385 0.034611 0.030876
7 0.755842 0.303698 0.019028 0.025498
26 0.780974 0.304134 0.023922 0.026028
34 0.476309 0.303799 0.026404 0.024862
24 0.670723 0.303719 0.017025 0.024502
24 0.620625 0.304241 0.016226 0.025097
7 0.833358 0.304147 0.016968 0.024518
32 0.448579 0.306590 0.034831 0.029027
24 0.852258 0.304769 0.015311 0.024728
34 0.873584 0.305541 0.027062 0.026267
15 0.360277 0.346269 0.025489 0.038363
11 0.329539 0.341212 0.029017 0.026884
20 0.391244 0.340576 0.030474 0.024996
29 0.529156 0.342268 0.026172 0.027062
25 0.601426 0.341760 0.029003 0.025710
25 0.725399 0.341602 0.029077 0.025196
13 0.832313 0.341712 0.023417 0.025137
22 0.421036 0.341713 0.023598 0.025011
3 0.499748 0.342487 0.029123 0.026517
10 0.554894 0.342520 0.020998 0.026379
22 0.629518 0.342065 0.023567 0.025021
7 0.444763 0.342185 0.017773 0.024995
24 0.577435 0.342521 0.016639 0.025606
3 0.658134 0.342369 0.027462 0.025267
36 0.803804 0.342289 0.028170 0.025043
21 0.469169 0.342580 0.027400 0.025110
22 0.755721 0.342536 0.022753 0.024692
17 0.779249 0.342321 0.015839 0.024211
0 0.424485 0.380847 0.029744 0.026131
7 0.396221 0.381025 0.018985 0.026305
3 0.520649 0.380996 0.030357 0.026056
10 0.710224 0.380975 0.022422 0.025953
34 0.763728 0.380395 0.027426 0.024739
1 0.486761 0.381250 0.028955 0.026102
22 0.736671 0.380674 0.024301 0.024942
3 0.603730 0.381418 0.028528 0.026318
25 0.681822 0.381026 0.029198 0.025473
33 0.364111 0.381201 0.040195 0.025559
12 0.792290 0.381531 0.025077 0.026212
28 0.456145 0.381177 0.026908 0.025478
0 0.553129 0.381363 0.029482 0.025848
32 0.842675 0.384083 0.029600 0.031216
32 0.634597 0.383909 0.032743 0.030662
7 0.658216 0.382819 0.016519 0.027718
9 0.578845 0.386694 0.016039 0.034706
18 0.679642 0.418480 0.028542 0.028156
4 0.454545 0.422327 0.041357 0.031814
25 0.326388 0.418656 0.029817 0.024468
4 0.760712 0.422345 0.040093 0.031822
3 0.358798 0.419499 0.029002 0.026129
1 0.393563 0.419371 0.032069 0.025645
0 0.604505 0.419801 0.029648 0.026355
34 0.795623 0.419566 0.026682 0.025538
15 0.490354 0.422995 0.024806 0.031893
26 0.422161 0.419710 0.016669 0.024813
21 0.707479 0.420041 0.026771 0.025251
17 0.422154 0.420071 0.016135 0.025025
36 0.826823 0.420060 0.029874 0.024558
32 0.555821 0.422576 0.030720 0.028839
17 0.875750 0.421714 0.015365 0.025534
33 0.518503 0.420616 0.036978 0.023254
34 0.516150 0.456654 0.027453 0.025642
10 0.691356 0.456957 0.021466 0.025799
11 0.718720 0.456850 0.027583 0.024896
4 0.782167 0.459197 0.038862 0.029570
36 0.611508 0.457019 0.030167 0.025202
7 0.585177 0.456846 0.015889 0.024716
3 0.454431 0.457304 0.029389 0.025611
25 0.663554 0.456884 0.028766 0.024549
25 0.370530 0.456869 0.029444 0.024443
21 0.487411 0.457514 0.027013 0.025598
34 0.814554 0.457090 0.023525 0.024520
28 0.398721 0.457503 0.024178 0.025160
33 0.553423 0.457435 0.042204 0.024965
0 0.843203 0.457509 0.027464 0.024937
28 0.747310 0.457055 0.024897 0.023968
22 0.425272 0.457581 0.021988 0.024817
26 0.322008 0.458107 0.025840 0.025748
24 0.346506 0.457697 0.015758 0.024730
24 0.639624 0.457955 0.016417 0.024818
4 0.331488 0.496736 0.042372 0.031276
25 0.788694 0.494324 0.027561 0.024165
25 0.406702 0.495173 0.030949 0.025440
3 0.868621 0.495714 0.028338 0.025918
3 0.820737 0.495634 0.028341 0.025614
36 0.644399 0.495169 0.029823 0.024617
13 0.674793 0.495498 0.024990 0.024753
25 0.740757 0.495547 0.029235 0.024626
27 0.570444 0.496445 0.044996 0.026209
35 0.373801 0.495777 0.035541 0.023947
10 0.435280 0.496399 0.020673 0.025102
34 0.563313 0.496372 0.027885 0.025042
24 0.716631 0.496429 0.017012 0.024862
17 0.697952 0.496401 0.015143 0.024057
11 0.532185 0.496761 0.027957 0.024677
24 0.844704 0.496677 0.016304 0.024369
24 0.456521 0.497091 0.016204 0.025120
0 0.483034 0.496997 0.028963 0.024355
3 0.704253 0.535582 0.027987 0.027248
4 0.787196 0.539163 0.041698 0.033114
0 0.489174 0.535729 0.029559 0.025797
5 0.732094 0.539654 0.027829 0.033464
34 0.821594 0.536038 0.026149 0.025863
0 0.851808 0.536295 0.027968 0.025875
33 0.431227 0.535589 0.039337 0.024426
33 0.666664 0.535719 0.041269 0.024590
21 0.614475 0.536202 0.025901 0.025368
32 0.560101 0.537979 0.032758 0.028904
7 0.461388 0.536349 0.016988 0.025152
17 0.638010 0.536037 0.014821 0.024395
34 0.587108 0.536179 0.026024 0.024415
7 0.536257 0.536531 0.016636 0.024867
9 0.515662 0.541773 0.018532 0.034819
17 0.875256 0.537280 0.015722 0.024565
18 0.454886 0.572138 0.030068 0.028796
3 0.860727 0.571955 0.028761 0.025896
8 0.760336 0.571303 0.021493 0.023844
3 0.732972 0.571779 0.027213 0.024295
13 0.571371 0.572122 0.022158 0.024667
0 0.379340 0.572955 0.029588 0.025902
3 0.808150 0.572183 0.027930 0.023938
12 0.834093 0.572558 0.019560 0.024348
25 0.669755 0.571568 0.028055 0.022289
17 0.592358 0.572271 0.015186 0.023554
28 0.347978 0.572911 0.025140 0.024574
5 0.622674 0.576520 0.029248 0.031551
36 0.543979 0.572673 0.027081 0.023625
12 0.320592 0.573691 0.023041 0.025599
17 0.784019 0.572284 0.014576 0.022754
3 0.514966 0.573253 0.025439 0.024300
35 0.699308 0.572674 0.033688 0.023011
22 0.426776 0.573692 0.022788 0.024663
17 0.647183 0.573417 0.015300 0.023696
32 0.487337 0.575489 0.028877 0.027616
17 0.404598 0.574118 0.015249 0.024453
18 0.610646 0.609622 0.031318 0.029517
3 0.645433 0.610466 0.031133 0.027181
15 0.774696 0.616183 0.026430 0.038601
2 0.807921 0.616557 0.038026 0.037244
21 0.696833 0.611120 0.028968 0.026170
22 0.745660 0.610882 0.023928 0.025454
17 0.722897 0.610945 0.016390 0.024975
24 0.672323 0.610953 0.017604 0.024948
25 0.356947 0.611344 0.029009 0.025676
3 0.326166 0.611835 0.028482 0.026630
11 0.578144 0.611400 0.030031 0.025647
3 0.845790 0.611922 0.028137 0.026373
1 0.438250 0.611993 0.030335 0.026106
21 0.546728 0.611951 0.028195 0.025858
34 0.470135 0.612121 0.028478 0.025794
3 0.390559 0.612423 0.029642 0.026042
22 0.498806 0.612342 0.023646 0.025304
17 0.522692 0.612342 0.015448 0.023954
3 0.717402 0.647819 0.027260 0.025418
24 0.826200 0.647690 0.017851 0.024929
10 0.848224 0.647960 0.022576 0.025391
3 0.325545 0.648555 0.028468 0.026381
3 0.685995 0.647822 0.027250 0.024902
13 0.782154 0.647701 0.026555 0.024204
3 0.432338 0.648600 0.029555 0.025620
36 0.751119 0.648245 0.031190 0.024720
2 0.650659 0.652798 0.038397 0.033690
3 0.358187 0.648873 0.028201 0.025136
22 0.540077 0.648677 0.022060 0.024668
25 0.510666 0.648693 0.029540 0.023998
22 0.462893 0.649344 0.023399 0.025155
17 0.486650 0.649308 0.015930 0.024587
33 0.393936 0.649042 0.038836 0.023911
17 0.562535 0.648836 0.015579 0.023337
9 0.582136 0.655909 0.017170 0.036736
35 0.611249 0.649795 0.035217 0.022484
0 0.782306 0.682832 0.031057 0.025552
7 0.753310 0.683013 0.019646 0.024677
9 0.810267 0.689555 0.017546 0.037167
33 0.721039 0.683245 0.040164 0.024268
22 0.635324 0.683207 0.021696 0.023339
7 0.830888 0.683210 0.017537 0.023151
10 0.611152 0.683616 0.022399 0.023810
2 0.578816 0.688809 0.038199 0.034115
3 0.444940 0.685167 0.028986 0.026363
25 0.411911 0.685337 0.027564 0.025710
11 0.523163 0.685013 0.029025 0.024799
7 0.364452 0.685190 0.018023 0.024771
22 0.492989 0.685326 0.023872 0.024890
9 0.388820 0.692652 0.017201 0.038567
17 0.547900 0.685251 0.015439 0.022883
18 0.736881 0.718965 0.029611 0.028515
4 0.843488 0.723115 0.037647 0.029486
11 0.647048 0.721084 0.027708 0.025420
32 0.709291 0.722982 0.030065 0.028695
21 0.770165 0.721058 0.028011 0.024478
13 0.618314 0.722010 0.020201 0.025679
35 0.803903 0.720680 0.033831 0.022897
3 0.592726 0.721656 0.028059 0.024336
33 0.553934 0.721899 0.041576 0.024730
3 0.877983 0.722421 0.028346 0.025758
28 0.350681 0.722388 0.025152 0.025406
14 0.427844 0.722669 0.041018 0.025725
35 0.511871 0.722303 0.036798 0.024051
32 0.318934 0.725716 0.036019 0.030734
7 0.461347 0.722515 0.017387 0.023712
24 0.483279 0.722831 0.017036 0.023907
18 0.640323 0.758081 0.027692 0.027775
4 0.789600 0.762312 0.043968 0.032533
34 0.696280 0.758792 0.026907 0.025190
8 0.669664 0.759392 0.024167 0.026342
28 0.827313 0.759956 0.026511 0.026385
25 0.749252 0.758601 0.029696 0.023657
24 0.723595 0.759553 0.019042 0.024865
4 0.516800 0.763416 0.039978 0.032356
21 0.611107 0.760063 0.029090 0.025517
5 0.581377 0.763746 0.028888 0.032828
15 0.343284 0.774374 0.027142 0.053578
34 0.551369 0.759835 0.028243 0.024481
0 0.392063 0.761146 0.029599 0.026416
3 0.478281 0.761211 0.029608 0.025970
3 0.445403 0.761175 0.028425 0.025406
9 0.419263 0.771389 0.018008 0.044737
9 0.318136 0.772002 0.021110 0.045958