18 0.457348 0.133657 0.028986 0.030292
3 0.618582 0.135554 0.029104 0.027160
3 0.553226 0.135661 0.028662 0.027155
1 0.585484 0.135324 0.029081 0.026174
0 0.189834 0.135270 0.027270 0.025479
11 0.520824 0.135790 0.028741 0.026367
28 0.160027 0.135560 0.025687 0.025901
0 0.313375 0.135607 0.030864 0.025981
3 0.662497 0.135933 0.027808 0.026380
32 0.488885 0.137985 0.032825 0.030444
0 0.384050 0.135808 0.028621 0.025913
21 0.221120 0.135347 0.026171 0.024927
3 0.129528 0.136140 0.027904 0.025761
9 0.339586 0.144096 0.016827 0.040881
22 0.431066 0.136058 0.022565 0.024418
17 0.408667 0.136326 0.014296 0.024249
18 0.259541 0.173437 0.029943 0.029840
29 0.534490 0.174499 0.025824 0.025637
11 0.564857 0.174627 0.029035 0.025620
4 0.498518 0.177652 0.041496 0.031112
3 0.661211 0.174915 0.028555 0.025600
13 0.185123 0.174474 0.024366 0.024668
21 0.155906 0.174869 0.027684 0.025391
1 0.597181 0.174642 0.028964 0.024877
3 0.629345 0.174784 0.027431 0.025136
8 0.126906 0.175037 0.023491 0.025009
22 0.232421 0.175255 0.021684 0.024951
3 0.444054 0.175572 0.028219 0.025433
17 0.208483 0.175019 0.016041 0.024280
1 0.409658 0.175671 0.030279 0.025475
11 0.345996 0.175776 0.027733 0.025328
3 0.377943 0.175730 0.027430 0.025142
25 0.312707 0.175292 0.031030 0.024016
24 0.287657 0.176222 0.016924 0.024113
18 0.228492 0.214663 0.027750 0.029644
0 0.151474 0.216257 0.030853 0.026097
1 0.360688 0.216686 0.030609 0.026535
25 0.548773 0.216128 0.028994 0.024858
32 0.261582 0.219279 0.034036 0.030753
28 0.597451 0.216233 0.026769 0.024339
29 0.487191 0.217443 0.028153 0.026717
35 0.630027 0.216795 0.034346 0.025096
15 0.458173 0.221963 0.024552 0.035363
7 0.573472 0.216603 0.016733 0.024480
3 0.326662 0.217187 0.028027 0.025558
3 0.518475 0.217174 0.027258 0.025532
11 0.293878 0.217052 0.027963 0.024791
24 0.122720 0.217447 0.016676 0.025286
17 0.178297 0.217745 0.015955 0.025181
22 0.201680 0.217123 0.022312 0.023937
18 0.642138 0.255142 0.030926 0.029084
18 0.422698 0.256308 0.028733 0.029558
11 0.610261 0.257460 0.028046 0.024970
3 0.131374 0.258055 0.028175 0.026085
32 0.373104 0.260763 0.034286 0.031328
7 0.554612 0.257967 0.016471 0.025318
22 0.532321 0.257357 0.023420 0.023675
0 0.456767 0.258653 0.030374 0.026139
28 0.506209 0.258363 0.024336 0.025520
4 0.310356 0.261771 0.041180 0.032028
32 0.578395 0.260799 0.033823 0.029144
22 0.160304 0.258693 0.022176 0.024838
24 0.184739 0.258207 0.015566 0.023351
1 0.250695 0.259213 0.028250 0.024946
9 0.483057 0.263829 0.016068 0.034167
24 0.397578 0.259289 0.017248 0.023670
35 0.214009 0.259339 0.035984 0.023457
18 0.498947 0.296767 0.028915 0.029881
28 0.679222 0.295675 0.026627 0.026852
18 0.215977 0.297538 0.030941 0.030488
18 0.269473 0.297821 0.031295 0.029154
34 0.578207 0.296580 0.029213 0.026200
13 0.629147 0.295896 0.022479 0.024653
21 0.652015 0.296852 0.027196 0.024970
22 0.551496 0.297993 0.024338 0.025328
34 0.156832 0.298380 0.028693 0.025459
22 0.129437 0.298392 0.023589 0.024370
22 0.187503 0.298794 0.023317 0.024838
11 0.467894 0.299494 0.029478 0.026143
28 0.436565 0.299196 0.026324 0.025386
9 0.243387 0.304606 0.018679 0.036096
29 0.408341 0.299791 0.025770 0.025456
1 0.325045 0.300158 0.029584 0.025495
24 0.297817 0.299897 0.017916 0.024635
17 0.351315 0.300298 0.015090 0.023382
18 0.380429 0.336160 0.028752 0.028976
18 0.502521 0.337373 0.027713 0.028944
14 0.090430 0.342799 0.038580 0.039419
8 0.636683 0.338680 0.023716 0.025961
12 0.127135 0.339095 0.024815 0.026324
25 0.348718 0.338088 0.029812 0.023990
25 0.471844 0.338388 0.029193 0.024567
32 0.691018 0.339251 0.026014 0.026042
21 0.663426 0.339187 0.026149 0.025891
32 0.215242 0.341165 0.032281 0.029838
0 0.567004 0.338927 0.029120 0.025316
3 0.534110 0.339017 0.027828 0.025428
7 0.612936 0.338985 0.016568 0.025011
11 0.247235 0.339061 0.028844 0.025000
3 0.413380 0.339256 0.027556 0.024833
29 0.442539 0.339845 0.024709 0.025091
9 0.592723 0.346681 0.017932 0.038718
35 0.179758 0.339035 0.034822 0.023326
0 0.297357 0.339796 0.030084 0.024814
17 0.272030 0.340090 0.014655 0.024411
9 0.324469 0.345523 0.016863 0.035110
18 0.354324 0.377288 0.027611 0.030083
13 0.127831 0.377875 0.022923 0.024821
16 0.529571 0.384959 0.028053 0.038925
29 0.500956 0.379030 0.024974 0.026901
21 0.193970 0.378684 0.027581 0.025753
14 0.657309 0.378806 0.037609 0.025929
15 0.529710 0.385382 0.028118 0.038984
3 0.387235 0.379378 0.028620 0.026562
11 0.592051 0.379331 0.028178 0.026284
21 0.272317 0.379264 0.027132 0.026062
32 0.472848 0.381546 0.032314 0.030550
11 0.324960 0.379224 0.028686 0.025825
28 0.622591 0.378923 0.024825 0.025206
3 0.559977 0.378948 0.027541 0.025216
28 0.445704 0.379607 0.026177 0.026513
17 0.218588 0.378897 0.015853 0.024956
17 0.149942 0.378697 0.014814 0.024429
24 0.169481 0.378707 0.017393 0.024395
22 0.242574 0.378826 0.023281 0.024339
22 0.416727 0.379382 0.023866 0.024824
7 0.297580 0.379638 0.017999 0.025095
7 0.687631 0.379740 0.018397 0.024877
34 0.487114 0.415831 0.026898 0.024282
34 0.662868 0.415903 0.025695 0.024360
25 0.424826 0.416191 0.028813 0.024650
5 0.528952 0.420327 0.027913 0.032665
21 0.635763 0.416745 0.026480 0.025124
34 0.557072 0.416749 0.026380 0.024888
8 0.277105 0.417066 0.024115 0.024982
3 0.605602 0.417219 0.027118 0.025178
25 0.189626 0.416356 0.027767 0.023109
0 0.347851 0.416932 0.027958 0.024046
21 0.378030 0.417150 0.024626 0.024452
34 0.248322 0.417428 0.026777 0.024859
5 0.218128 0.420927 0.030586 0.031349
24 0.580329 0.417414 0.016025 0.024082
17 0.400644 0.417255 0.014978 0.023389
24 0.322833 0.417551 0.015654 0.023543
7 0.301510 0.417129 0.016975 0.022493
29 0.610396 0.453301 0.025445 0.025616
3 0.668535 0.453376 0.027642 0.025658
28 0.637199 0.453347 0.026184 0.025294
3 0.170881 0.453688 0.028647 0.025936
25 0.580667 0.454061 0.026705 0.026113
25 0.221502 0.453018 0.030042 0.023932
9 0.422806 0.461055 0.016373 0.039717
0 0.379929 0.453748 0.028031 0.024982
25 0.250693 0.453433 0.022411 0.023831
28 0.479602 0.454379 0.024625 0.025571
1 0.448406 0.454369 0.029854 0.025527
0 0.509196 0.454219 0.027994 0.025165
28 0.350747 0.453997 0.024739 0.024690
24 0.196644 0.453557 0.015098 0.023200
17 0.273087 0.453890 0.014954 0.023565
32 0.556933 0.457023 0.031986 0.029257
9 0.405813 0.461232 0.015406 0.036692
5 0.530657 0.496100 0.029765 0.035333
28 0.588082 0.491900 0.024839 0.025194
27 0.682256 0.492337 0.042961 0.025979
11 0.646473 0.492261 0.027035 0.024814
21 0.616716 0.492393 0.025859 0.025074
25 0.225103 0.492809 0.029817 0.025321
34 0.416164 0.493035 0.026121 0.025747
1 0.172453 0.493267 0.028558 0.025636
0 0.462949 0.493392 0.028231 0.025872
3 0.336477 0.493275 0.028516 0.025307
7 0.508430 0.493511 0.016657 0.025689
9 0.488996 0.501074 0.017383 0.040747
9 0.199349 0.501086 0.018699 0.040346
25 0.385740 0.493490 0.028439 0.024386
21 0.252408 0.493942 0.025422 0.025130
24 0.361631 0.493792 0.015628 0.023883
35 0.285973 0.494396 0.034954 0.024725
28 0.134463 0.532363 0.024414 0.026220
34 0.224189 0.532615 0.028450 0.026412
15 0.650431 0.539115 0.026722 0.038835
0 0.165003 0.532842 0.028487 0.025002
3 0.269440 0.533791 0.028659 0.026672
25 0.321329 0.532968 0.027732 0.024507
21 0.194363 0.533810 0.025589 0.025893
13 0.438303 0.533757 0.023760 0.025681
13 0.350281 0.533328 0.023165 0.024654
36 0.574292 0.533766 0.029814 0.025336
24 0.296366 0.533886 0.017398 0.025350
24 0.392630 0.534376 0.017218 0.024940
7 0.414476 0.533920 0.017281 0.023915
17 0.461197 0.534379 0.016004 0.024357
18 0.683399 0.569514 0.027204 0.028706
25 0.394203 0.571422 0.030871 0.025873
4 0.263732 0.574110 0.040023 0.030525
3 0.612527 0.571274 0.026978 0.024843
0 0.198038 0.571424 0.029513 0.025079
24 0.662132 0.571341 0.016603 0.024860
25 0.338437 0.571291 0.028419 0.024693
33 0.140088 0.571251 0.040583 0.024542
34 0.564525 0.571423 0.027358 0.024829
4 0.529343 0.575063 0.039054 0.032006
22 0.426508 0.571694 0.023580 0.025070
28 0.227853 0.571875 0.025039 0.024661
3 0.493156 0.572263 0.027496 0.025281
7 0.171414 0.571361 0.017048 0.023369
17 0.450127 0.572481 0.015620 0.025136
10 0.366973 0.572416 0.019816 0.024955
22 0.640044 0.572026 0.022173 0.024151
9 0.468875 0.577385 0.014812 0.034816
35 0.306994 0.572559 0.035550 0.024086
25 0.213195 0.608073 0.028443 0.027116
25 0.603152 0.608134 0.029677 0.025685
4 0.538110 0.611034 0.038658 0.030359
34 0.164180 0.609108 0.027885 0.025264
25 0.288394 0.609369 0.032236 0.025168
5 0.132874 0.614708 0.031043 0.035519
34 0.243328 0.609721 0.027171 0.025514
22 0.319120 0.609332 0.022364 0.024295
28 0.659430 0.609488 0.024880 0.024405
22 0.632835 0.609618 0.022085 0.024619
21 0.574547 0.609442 0.025213 0.023711
3 0.367565 0.610532 0.029103 0.025878
7 0.505896 0.609215 0.016840 0.023093
24 0.189556 0.609668 0.015796 0.023955
3 0.414039 0.611033 0.028724 0.025689
5 0.443451 0.614121 0.026778 0.031387
17 0.342131 0.610222 0.016334 0.023049
33 0.476157 0.610275 0.036770 0.022516
18 0.593980 0.642910 0.028709 0.027927
18 0.280644 0.644194 0.027386 0.027795
4 0.677833 0.645523 0.037046 0.029344
0 0.626120 0.644100 0.028402 0.024803
32 0.567140 0.646158 0.031638 0.028539
17 0.649958 0.644511 0.014743 0.023380
25 0.311451 0.645277 0.029240 0.024521
24 0.543781 0.645316 0.017648 0.024184
11 0.376121 0.646070 0.028138 0.025269
34 0.453169 0.645641 0.027292 0.023782
3 0.344041 0.646313 0.028441 0.025066
7 0.487954 0.649612 0.036161 0.031602
3 0.179646 0.645982 0.027392 0.024220
0 0.211574 0.646286 0.027373 0.024429
28 0.405994 0.646688 0.024897 0.023823
24 0.257808 0.647207 0.014385 0.023924
3 0.554428 0.683043 0.029543 0.024965
15 0.157327 0.688135 0.023921 0.034974
14 0.261293 0.683275 0.038524 0.025231
3 0.495723 0.683424 0.029064 0.025506
0 0.667876 0.683461 0.028289 0.025174
34 0.696980 0.683191 0.026315 0.024468
0 0.223369 0.683591 0.028862 0.025142
13 0.525254 0.683255 0.023023 0.024444
24 0.177723 0.683354 0.016098 0.024443
11 0.464183 0.683447 0.027541 0.024618
15 0.601428 0.688900 0.023858 0.035267
4 0.393377 0.687206 0.036820 0.030443
0 0.335399 0.689909 0.040297 0.035836
17 0.197870 0.684343 0.015127 0.024191
17 0.643036 0.684433 0.015492 0.023602
17 0.579194 0.684334 0.014112 0.023372
24 0.623093 0.684688 0.016557 0.023912
35 0.430437 0.684726 0.033969 0.022810
17 0.364414 0.685872 0.014902 0.023419
11 0.525143 0.722124 0.026916 0.024928
22 0.250747 0.722043 0.022969 0.024562
15 0.398054 0.728395 0.024207 0.037261
34 0.675863 0.722184 0.026921 0.024738
0 0.426584 0.722639 0.028204 0.025644
14 0.150594 0.722183 0.037339 0.024704
3 0.555766 0.722599 0.026184 0.025288
28 0.496186 0.721957 0.023988 0.023722
3 0.586002 0.722235 0.027058 0.024159
22 0.471079 0.721685 0.021890 0.023028
28 0.185606 0.722548 0.024648 0.024343
22 0.613698 0.722459 0.022315 0.024160
24 0.653618 0.723218 0.016568 0.025253
17 0.450412 0.722623 0.014859 0.023956
24 0.273984 0.722352 0.015824 0.023076
17 0.375640 0.723492 0.014670 0.023595
35 0.302896 0.723607 0.034190 0.023290
26 0.350964 0.724069 0.025675 0.023433
18 0.569325 0.758766 0.029218 0.028679
3 0.294538 0.759875 0.027961 0.025520
29 0.599777 0.760193 0.025864 0.025962
11 0.262374 0.760221 0.027829 0.025743
27 0.669015 0.760357 0.046356 0.025301
11 0.630618 0.760557 0.027549 0.025438
9 0.172183 0.769844 0.017540 0.043888
11 0.485338 0.760977 0.026871 0.025879
12 0.460079 0.760869 0.019850 0.025064
3 0.363657 0.760782 0.027221 0.024677
1 0.146317 0.761153 0.028622 0.025335
24 0.215392 0.761191 0.017085 0.025404
22 0.542754 0.760577 0.022604 0.024169
7 0.194905 0.760487 0.018155 0.023726
7 0.235939 0.760790 0.017762 0.024293
3 0.435443 0.760938 0.026123 0.024234
33 0.399602 0.761184 0.038844 0.023795