18 0.815509 0.133147 0.027375 0.027947
18 0.631164 0.134575 0.024887 0.027145
2 0.850963 0.139067 0.035610 0.032525
24 0.793991 0.135199 0.014789 0.024230
1 0.459009 0.136199 0.029106 0.025393
3 0.379521 0.136081 0.026626 0.024913
32 0.606747 0.138202 0.031195 0.028764
28 0.880992 0.135509 0.023291 0.023279
0 0.410011 0.136052 0.027263 0.024342
0 0.721598 0.136602 0.028125 0.024768
30 0.543377 0.136149 0.033748 0.023519
3 0.509254 0.136738 0.026555 0.024670
17 0.433857 0.136534 0.014820 0.023855
33 0.666576 0.136592 0.038770 0.023869
7 0.696234 0.136501 0.016439 0.023392
17 0.485141 0.136691 0.014579 0.023701
18 0.458123 0.173305 0.027886 0.027462
4 0.806864 0.177466 0.038846 0.030683
2 0.748043 0.181319 0.037575 0.038033
10 0.388847 0.174679 0.021404 0.024577
36 0.329111 0.174802 0.028218 0.024804
21 0.856126 0.174567 0.025098 0.023958
25 0.360720 0.174190 0.028854 0.023163
34 0.516724 0.174750 0.026448 0.024022
25 0.487640 0.174290 0.027511 0.023086
11 0.882931 0.174552 0.025531 0.023540
36 0.711638 0.175115 0.029089 0.024425
3 0.679502 0.175980 0.028344 0.025823
16 0.607847 0.180900 0.027836 0.035259
7 0.776741 0.174871 0.016216 0.023147
24 0.410009 0.175405 0.016435 0.024176
15 0.608087 0.181545 0.028216 0.036104
22 0.432701 0.175272 0.022402 0.023522
21 0.547973 0.176177 0.026277 0.025250
3 0.577559 0.175994 0.026538 0.024861
17 0.836129 0.174565 0.015305 0.021609
28 0.634657 0.175762 0.024158 0.023850
4 0.335544 0.217894 0.039785 0.031207
25 0.370645 0.215138 0.028152 0.024370
25 0.834659 0.214846 0.027399 0.023256
4 0.545720 0.218119 0.037356 0.029698
3 0.646280 0.215810 0.027790 0.024687
15 0.778498 0.217604 0.022984 0.028216
25 0.751036 0.215188 0.027636 0.023339
3 0.700639 0.216217 0.028555 0.024980
3 0.402044 0.216392 0.027585 0.025328
13 0.672764 0.215834 0.020313 0.023936
3 0.615404 0.216187 0.026268 0.024243
0 0.490348 0.217101 0.028632 0.025341
24 0.726195 0.216030 0.015343 0.022624
17 0.516628 0.217185 0.015213 0.024771
24 0.427434 0.216859 0.017121 0.023567
35 0.454769 0.218193 0.034467 0.023271
35 0.583155 0.218008 0.032742 0.022298
15 0.589975 0.262107 0.022944 0.035726
1 0.558534 0.257398 0.030673 0.025569
36 0.617768 0.256683 0.026053 0.024117
20 0.327297 0.257599 0.027576 0.025800
0 0.494579 0.257203 0.028829 0.024710
28 0.464306 0.257310 0.024476 0.024849
25 0.358709 0.257275 0.028039 0.024659
16 0.648758 0.262626 0.027227 0.035334
10 0.751287 0.257547 0.019928 0.024951
15 0.649148 0.262749 0.027430 0.035109
1 0.698032 0.257544 0.027345 0.024386
2 0.844776 0.262540 0.035308 0.034205
22 0.387622 0.257426 0.023441 0.023782
22 0.726445 0.257584 0.023505 0.024083
21 0.527410 0.258120 0.026699 0.025076
20 0.877393 0.257612 0.024655 0.023480
24 0.789188 0.258389 0.017291 0.024701
9 0.674397 0.264497 0.015873 0.036891
17 0.409247 0.258220 0.014620 0.023787
37 0.362887 0.298057 0.033637 0.025461
15 0.701091 0.303710 0.027526 0.035611
22 0.750244 0.298016 0.023229 0.024010
11 0.858627 0.298445 0.025613 0.024662
1 0.398205 0.298510 0.028481 0.024740
24 0.771998 0.297968 0.015426 0.023581
27 0.890835 0.298489 0.034956 0.024481
7 0.790452 0.298048 0.016301 0.023469
20 0.326443 0.297978 0.027299 0.023110
21 0.812417 0.298540 0.025062 0.024099
11 0.651312 0.299088 0.027349 0.025098
10 0.726132 0.298634 0.020387 0.024083
7 0.834836 0.298379 0.015266 0.023266
7 0.676041 0.298688 0.015627 0.023633
1 0.600965 0.299620 0.027763 0.025074
17 0.423322 0.299076 0.014049 0.023743
16 0.498424 0.304746 0.028248 0.035010
11 0.449260 0.299599 0.027843 0.024545
17 0.626834 0.299354 0.014895 0.023670
7 0.474276 0.299678 0.016282 0.023885
32 0.551033 0.302715 0.032383 0.028570
10 0.525110 0.300627 0.019749 0.024178
18 0.862354 0.336903 0.028503 0.027962
3 0.379135 0.337643 0.028207 0.025198
15 0.424838 0.343736 0.024158 0.037004
4 0.458037 0.340521 0.039168 0.030015
3 0.494657 0.338272 0.027740 0.025315
3 0.759050 0.338093 0.028631 0.024775
26 0.789065 0.338046 0.023822 0.024350
3 0.543696 0.338442 0.027640 0.025084
8 0.816279 0.338132 0.023773 0.024162
9 0.733198 0.346082 0.016456 0.039934
0 0.708382 0.338717 0.027832 0.024295
7 0.683055 0.338404 0.016297 0.023663
17 0.403356 0.337728 0.014855 0.022172
33 0.654056 0.338501 0.039094 0.023474
25 0.723188 0.376830 0.028326 0.024552
28 0.695919 0.377187 0.023550 0.024090
25 0.325488 0.377334 0.028268 0.024087
36 0.799884 0.377597 0.028356 0.023574
22 0.752961 0.377614 0.022395 0.023594
13 0.829529 0.377688 0.022418 0.023558
5 0.668087 0.382114 0.029061 0.032346
1 0.516545 0.378771 0.028509 0.025569
17 0.774305 0.377862 0.014700 0.023647
29 0.375351 0.380238 0.026021 0.027890
11 0.434134 0.378982 0.027456 0.025075
20 0.638859 0.378929 0.026891 0.024890
17 0.850204 0.378294 0.014803 0.023443
7 0.351498 0.379192 0.015732 0.025184
9 0.543100 0.385978 0.016291 0.038332
25 0.403767 0.378516 0.026385 0.023354
22 0.581510 0.379001 0.019967 0.024043
20 0.483310 0.378962 0.028398 0.023758
17 0.561604 0.379418 0.014803 0.024020
17 0.457955 0.379206 0.014157 0.023432
25 0.690487 0.415754 0.025792 0.023736
28 0.520346 0.416145 0.025150 0.024466
25 0.372766 0.416069 0.026398 0.024301
4 0.554419 0.418979 0.036754 0.030058
3 0.325579 0.416693 0.027233 0.025134
10 0.621331 0.416639 0.020754 0.025017
15 0.665243 0.421814 0.023501 0.035267
32 0.777601 0.418552 0.031833 0.028520
34 0.400482 0.416867 0.023991 0.024763
27 0.401027 0.416648 0.024737 0.024154
22 0.715605 0.416331 0.021424 0.023079
17 0.642581 0.416812 0.015730 0.023943
5 0.472768 0.421053 0.026878 0.032214
3 0.444149 0.417511 0.028197 0.024927
7 0.737734 0.416904 0.016405 0.023523
24 0.600533 0.416856 0.015075 0.023248
32 0.835728 0.418614 0.026006 0.026706
24 0.350143 0.417127 0.014971 0.022863
18 0.557808 0.452841 0.027248 0.026687
1 0.323866 0.453555 0.028056 0.024743
0 0.658469 0.457830 0.032893 0.033030
4 0.711123 0.456430 0.036005 0.030041
29 0.402903 0.454789 0.024106 0.026341
34 0.491389 0.453763 0.024854 0.024071
3 0.863160 0.454206 0.026116 0.024806
1 0.587627 0.454279 0.024924 0.024803
11 0.779547 0.453851 0.026849 0.023926
3 0.810582 0.453835 0.025415 0.023893
11 0.463273 0.454354 0.028055 0.024872
11 0.432390 0.454341 0.026961 0.024646
17 0.349147 0.454418 0.014981 0.024477
13 0.836696 0.454021 0.021274 0.023285
22 0.533240 0.454254 0.020755 0.023732
28 0.615625 0.455123 0.024769 0.024202
35 0.747855 0.455128 0.032416 0.022970
34 0.466933 0.492656 0.026104 0.024400
3 0.371667 0.493387 0.027846 0.024734
24 0.444392 0.493134 0.015780 0.024075
34 0.761431 0.492866 0.024434 0.023121
7 0.426153 0.493111 0.016057 0.023521
14 0.499819 0.493321 0.035553 0.023923
25 0.597529 0.493381 0.027411 0.023766
28 0.717563 0.493262 0.024599 0.023483
9 0.741243 0.500239 0.018906 0.037384
0 0.322470 0.493619 0.027802 0.024056
8 0.640725 0.493734 0.021415 0.024178
3 0.821185 0.493997 0.026210 0.024080
28 0.534685 0.494025 0.023001 0.024130
7 0.621032 0.493913 0.014966 0.023280
24 0.797603 0.493821 0.014030 0.022728
32 0.691748 0.496734 0.027130 0.028355
11 0.773579 0.532285 0.027630 0.024806
14 0.862872 0.532338 0.036034 0.024536
24 0.817377 0.532241 0.015880 0.024042
7 0.799551 0.531883 0.016182 0.023272
3 0.319899 0.533275 0.027333 0.025803
3 0.742419 0.532791 0.026146 0.024494
7 0.817423 0.532365 0.015841 0.023162
11 0.397342 0.533436 0.027117 0.025231
28 0.368517 0.533273 0.023810 0.024533
12 0.345282 0.533160 0.020415 0.023890
28 0.890650 0.533170 0.020942 0.023785
3 0.520386 0.533447 0.025673 0.024291
34 0.576507 0.533734 0.025176 0.024581
33 0.608442 0.534012 0.037571 0.024985
17 0.835449 0.533106 0.013581 0.022978
9 0.654470 0.538983 0.017492 0.034423
5 0.548541 0.536536 0.026513 0.029459
7 0.636615 0.533634 0.014589 0.023151
35 0.431282 0.534196 0.033335 0.023474
33 0.468262 0.534417 0.036978 0.023493
7 0.496870 0.534615 0.015796 0.022797
0 0.284312 0.575433 0.037950 0.035577
2 0.777916 0.577685 0.037608 0.037153
13 0.471588 0.571808 0.022635 0.025081
3 0.500455 0.572132 0.026681 0.025547
4 0.342618 0.575184 0.037687 0.030549
28 0.811158 0.571895 0.023399 0.023899
3 0.443881 0.572253 0.027521 0.024579
0 0.529887 0.572551 0.027325 0.024513
32 0.605704 0.575038 0.029792 0.029276
11 0.413043 0.572926 0.027136 0.024983
34 0.628884 0.572151 0.023568 0.023349
11 0.669958 0.572781 0.025264 0.024566
9 0.313317 0.578482 0.014547 0.035468
17 0.582477 0.574357 0.016431 0.027159
35 0.737722 0.572475 0.034213 0.022922
21 0.558706 0.573210 0.024901 0.024314
24 0.711033 0.572992 0.015572 0.023187
17 0.692484 0.573387 0.014777 0.022622
35 0.379230 0.573365 0.031867 0.022131
25 0.854793 0.608048 0.027233 0.024126
34 0.882323 0.608465 0.024829 0.024654
34 0.826968 0.609048 0.026629 0.025085
34 0.722015 0.608999 0.027440 0.024682
22 0.487877 0.609364 0.022811 0.024979
25 0.457591 0.608507 0.027520 0.023140
22 0.695453 0.609511 0.022756 0.024424
5 0.798318 0.612714 0.026871 0.030589
8 0.392873 0.610068 0.023161 0.025267
24 0.747164 0.609635 0.016717 0.023535
32 0.349898 0.611458 0.026419 0.026374
28 0.631209 0.610579 0.023821 0.024417
17 0.511226 0.610473 0.015695 0.023657
9 0.530874 0.615754 0.017375 0.033270
2 0.598101 0.616117 0.036398 0.033658
35 0.559460 0.610824 0.034756 0.022239
1 0.443183 0.644645 0.027210 0.026048
4 0.618880 0.647958 0.035948 0.030319
3 0.536117 0.645381 0.027342 0.024104
0 0.566476 0.645770 0.027135 0.024595
22 0.471928 0.645162 0.021784 0.023268
3 0.365536 0.645989 0.026980 0.024250
2 0.776052 0.651803 0.037566 0.035771
16 0.396258 0.651456 0.027408 0.034935
11 0.682959 0.646703 0.026806 0.025004
3 0.652618 0.646619 0.026515 0.024101
20 0.739496 0.646288 0.026044 0.023378
9 0.419546 0.652065 0.016305 0.034912
17 0.340929 0.646567 0.014897 0.023305
28 0.712128 0.646903 0.023896 0.023849
8 0.846013 0.683208 0.021936 0.024636
34 0.526112 0.683339 0.024521 0.024544
2 0.388787 0.690062 0.037903 0.037632
22 0.502323 0.683712 0.024004 0.024225
34 0.819515 0.683659 0.026050 0.023866
11 0.321882 0.684406 0.027749 0.025296
4 0.786645 0.686976 0.037886 0.029967
3 0.659837 0.684055 0.025612 0.024023
17 0.866000 0.683840 0.014972 0.023570
34 0.574631 0.684238 0.025450 0.024239
28 0.423035 0.684362 0.024241 0.024090
3 0.750127 0.684737 0.027809 0.024755
12 0.551036 0.684730 0.020719 0.024607
28 0.632394 0.684754 0.024237 0.024454
32 0.603762 0.686902 0.030809 0.028553
7 0.723875 0.684930 0.016390 0.023856
33 0.694313 0.685114 0.036817 0.024039
4 0.829711 0.723888 0.036627 0.029888
3 0.864346 0.722020 0.027276 0.025515
11 0.603007 0.722474 0.028215 0.026356
4 0.449262 0.724709 0.038466 0.030430
34 0.397389 0.722223 0.027843 0.025088
8 0.574348 0.722182 0.022198 0.024808
3 0.485616 0.722667 0.027913 0.025694
25 0.366748 0.722141 0.027920 0.024306
13 0.315590 0.722692 0.022593 0.025325
11 0.548007 0.722959 0.026203 0.025671
3 0.517805 0.722826 0.027703 0.025303
34 0.631454 0.722757 0.024553 0.025132
4 0.678546 0.725443 0.040829 0.030445
28 0.776959 0.722838 0.024919 0.024912
3 0.715240 0.723209 0.027051 0.025470
28 0.339065 0.723298 0.024775 0.025479
32 0.745404 0.725428 0.033934 0.029636
25 0.318297 0.759348 0.029549 0.024809
4 0.430122 0.762900 0.038232 0.030962
12 0.805173 0.760027 0.020622 0.025106
3 0.393058 0.760755 0.027970 0.026049
32 0.511775 0.763257 0.033533 0.030736
7 0.825755 0.760031 0.016792 0.023775
22 0.346823 0.760348 0.022256 0.024223
28 0.542027 0.760766 0.023615 0.024911
34 0.779956 0.760564 0.025858 0.024213
4 0.696303 0.763769 0.040926 0.030487
34 0.730358 0.760990 0.025595 0.024819
3 0.570963 0.761073 0.027480 0.024683
22 0.755432 0.761193 0.022240 0.023937
7 0.635708 0.761454 0.015310 0.024238
3 0.659889 0.761901 0.026767 0.025003
33 0.606048 0.761796 0.037280 0.024063