0 0.626615 0.154394 0.037939 0.030580
25 0.478693 0.153390 0.029195 0.024140
17 0.659818 0.153527 0.016454 0.024205
20 0.447669 0.154138 0.028399 0.024915
20 0.586770 0.154190 0.029772 0.024448
22 0.507772 0.154022 0.020817 0.023278
17 0.528129 0.154224 0.014532 0.023643
3 0.416215 0.154940 0.027485 0.025004
36 0.553752 0.154512 0.029095 0.023280
25 0.385824 0.155080 0.026981 0.022862
24 0.363997 0.156159 0.015911 0.023745
13 0.323161 0.156021 0.023846 0.023428
17 0.345446 0.156263 0.014802 0.023630
8 0.268210 0.157505 0.022072 0.023324
21 0.295347 0.157448 0.026140 0.023095
3 0.240599 0.158612 0.027261 0.024249
9 0.216899 0.167358 0.015505 0.039525
25 0.147921 0.159660 0.024985 0.021834
22 0.176263 0.159825 0.022098 0.022070
20 0.680543 0.193190 0.041386 0.024912
2 0.577569 0.199309 0.037914 0.034384
25 0.487130 0.194218 0.028848 0.023627
28 0.610417 0.194425 0.023070 0.023770
17 0.511809 0.195787 0.014151 0.024291
34 0.438519 0.196214 0.025604 0.024639
24 0.462839 0.196014 0.016781 0.023932
3 0.313836 0.197011 0.028414 0.025581
0 0.345508 0.197078 0.028007 0.025449
9 0.368589 0.203895 0.016528 0.038790
7 0.389354 0.197251 0.017032 0.024956
13 0.284490 0.197109 0.023206 0.024284
32 0.413408 0.198883 0.032732 0.027634
3 0.255837 0.197856 0.028199 0.025100
11 0.224146 0.198018 0.028410 0.025192
4 0.150903 0.201141 0.039239 0.028361
35 0.188568 0.199430 0.034154 0.023042
8 0.586981 0.232578 0.025307 0.026311
11 0.617161 0.232832 0.028519 0.025683
27 0.652540 0.232953 0.040185 0.025760
25 0.519662 0.233460 0.026951 0.023352
9 0.543733 0.242900 0.016830 0.041704
0 0.474297 0.234407 0.028180 0.024291
7 0.562597 0.234320 0.016560 0.023507
25 0.291125 0.235179 0.030135 0.024119
28 0.318711 0.235763 0.025042 0.024864
14 0.376583 0.235574 0.036931 0.024154
22 0.344368 0.235472 0.021182 0.023629
28 0.409465 0.235711 0.023653 0.023177
3 0.213741 0.236869 0.028482 0.024970
24 0.267076 0.236708 0.015615 0.023212
3 0.172717 0.237192 0.027812 0.024049
26 0.244168 0.237565 0.025466 0.024578
32 0.141140 0.240401 0.036997 0.029748
18 0.348189 0.274597 0.030041 0.029717
4 0.558802 0.278886 0.042050 0.030925
3 0.467322 0.276711 0.028827 0.026174
5 0.141887 0.281074 0.030503 0.034872
0 0.499042 0.276771 0.028011 0.025917
3 0.597863 0.276582 0.027747 0.025039
34 0.292399 0.277915 0.026832 0.027579
15 0.656766 0.280415 0.022537 0.031745
11 0.262056 0.277418 0.028550 0.025373
21 0.380400 0.277035 0.026233 0.024591
3 0.230139 0.277602 0.028439 0.025699
32 0.320161 0.279351 0.032241 0.028946
34 0.172214 0.277330 0.026926 0.024829
3 0.683046 0.277660 0.028594 0.024518
17 0.526696 0.277275 0.016347 0.023552
22 0.200479 0.277898 0.023174 0.024623
21 0.629544 0.277922 0.026673 0.024471
35 0.412663 0.278100 0.035714 0.024291
25 0.495582 0.317044 0.029763 0.025533
4 0.579168 0.320025 0.039946 0.030914
22 0.525992 0.317160 0.022822 0.024559
25 0.635196 0.317252 0.028744 0.024719
3 0.207311 0.317896 0.029110 0.025714
10 0.612005 0.317446 0.020484 0.024652
11 0.387257 0.317779 0.028182 0.024647
17 0.548652 0.317376 0.015680 0.023633
10 0.470184 0.317383 0.019938 0.023627
4 0.350773 0.320702 0.038898 0.030134
22 0.663578 0.317659 0.022028 0.023957
4 0.152310 0.317470 0.035215 0.023490
34 0.315218 0.317733 0.027030 0.024003
28 0.269345 0.318570 0.025517 0.024747
11 0.239301 0.318571 0.028013 0.024492
17 0.685202 0.318204 0.015948 0.023685
17 0.412198 0.317898 0.013946 0.023008
24 0.291348 0.318263 0.015653 0.023658
33 0.438696 0.317946 0.037120 0.022906
18 0.427327 0.353161 0.026125 0.028045
25 0.292052 0.353687 0.027753 0.023997
3 0.323415 0.354177 0.027172 0.024594
11 0.606767 0.354863 0.027101 0.024762
1 0.370641 0.355033 0.029224 0.024783
4 0.228262 0.357724 0.040036 0.030030
25 0.456558 0.354758 0.027530 0.024072
3 0.487629 0.355214 0.026529 0.024926
34 0.575951 0.354893 0.027788 0.024241
21 0.264246 0.355241 0.025363 0.024209
0 0.664166 0.355427 0.027982 0.024496
3 0.518943 0.355449 0.027391 0.024244
28 0.634805 0.355243 0.023900 0.023780
21 0.400126 0.355642 0.025449 0.024050
5 0.547204 0.358958 0.027380 0.030619
36 0.151398 0.355590 0.030621 0.023689
17 0.688727 0.355772 0.014666 0.023439
8 0.411748 0.393808 0.023858 0.025079
15 0.630519 0.398376 0.024380 0.033920
0 0.536494 0.394156 0.028726 0.025187
13 0.369519 0.393998 0.023488 0.024725
3 0.179655 0.394208 0.027917 0.025052
11 0.179671 0.394421 0.028189 0.024950
21 0.148122 0.394412 0.027505 0.024569
3 0.211575 0.394493 0.029224 0.024559
13 0.468218 0.394061 0.021539 0.023591
17 0.391179 0.394399 0.014095 0.024133
1 0.322486 0.394567 0.028548 0.024402
17 0.348331 0.394304 0.014841 0.023767
3 0.696622 0.395121 0.028404 0.025356
32 0.584407 0.396952 0.032026 0.028674
28 0.491538 0.394774 0.024962 0.024170
22 0.240052 0.394596 0.022344 0.023742
21 0.441749 0.394499 0.026945 0.023502
33 0.661001 0.394816 0.037103 0.024119
24 0.262079 0.394688 0.014882 0.023674
35 0.287353 0.395277 0.035050 0.023437
18 0.394332 0.429248 0.027677 0.026934
4 0.308900 0.433483 0.038764 0.030200
3 0.346032 0.431005 0.028170 0.024800
34 0.476838 0.430903 0.027253 0.024360
9 0.370716 0.438867 0.015384 0.039961
3 0.572049 0.431171 0.027323 0.024523
32 0.540951 0.433469 0.033891 0.029112
22 0.274720 0.431090 0.021867 0.024297
3 0.191717 0.430944 0.026676 0.023456
34 0.248032 0.430989 0.025997 0.023431
36 0.508025 0.431101 0.028814 0.023625
3 0.425584 0.431414 0.026318 0.024193
5 0.220913 0.434705 0.025836 0.030744
3 0.685318 0.432054 0.028520 0.025011
22 0.452150 0.431320 0.021146 0.023185
7 0.628754 0.431852 0.017517 0.024179
11 0.653778 0.432098 0.026947 0.023778
4 0.383560 0.471725 0.039422 0.031243
32 0.478188 0.471264 0.033009 0.029867
3 0.327279 0.468997 0.028698 0.024786
28 0.447963 0.469084 0.024504 0.024392
16 0.558158 0.473780 0.027124 0.033594
32 0.294600 0.471984 0.034627 0.029756
3 0.154593 0.469569 0.027995 0.024699
3 0.613866 0.469495 0.027088 0.024362
8 0.202752 0.469310 0.023688 0.023990
7 0.501803 0.469667 0.016798 0.024513
5 0.640930 0.473240 0.026054 0.031392
21 0.419161 0.469485 0.025500 0.023839
34 0.668505 0.469930 0.025421 0.024504
20 0.261288 0.469395 0.028755 0.023427
11 0.526560 0.469919 0.027086 0.024001
21 0.230499 0.469827 0.026127 0.023771
28 0.585592 0.469812 0.023858 0.023570
24 0.179740 0.469934 0.016364 0.023611
25 0.498019 0.506423 0.027337 0.024767
15 0.404011 0.511104 0.024602 0.033252
3 0.344515 0.507014 0.028071 0.024583
25 0.287315 0.506465 0.026757 0.023472
3 0.258864 0.507229 0.027023 0.024874
10 0.524202 0.506929 0.019758 0.024133
34 0.176613 0.507042 0.027335 0.024179
22 0.150866 0.506481 0.021384 0.022982
11 0.550281 0.507383 0.026059 0.024544
1 0.607596 0.507366 0.027892 0.024492
0 0.227621 0.507458 0.028398 0.024409
11 0.432511 0.507661 0.026825 0.024391
33 0.668379 0.507542 0.035068 0.023754
24 0.201139 0.507658 0.017702 0.023851
28 0.578593 0.507381 0.024473 0.023078
24 0.474660 0.507861 0.016166 0.023873
17 0.456704 0.508288 0.014040 0.024140
17 0.381489 0.508283 0.014722 0.023321
25 0.174234 0.544631 0.028104 0.023965
0 0.344750 0.545709 0.029398 0.024978
24 0.149625 0.545633 0.018787 0.023682
10 0.316718 0.546170 0.021751 0.024492
28 0.203190 0.546471 0.025615 0.024744
34 0.419684 0.546417 0.026270 0.024315
3 0.561129 0.547047 0.027984 0.025309
4 0.612250 0.549179 0.039974 0.029311
25 0.288253 0.546131 0.027003 0.023135
7 0.470717 0.547764 0.016177 0.025996
32 0.448162 0.548716 0.032588 0.027860
21 0.671432 0.546682 0.022899 0.023638
28 0.645814 0.546693 0.024403 0.023456
17 0.246074 0.547864 0.015005 0.025342
9 0.492497 0.553680 0.016736 0.036974
33 0.524836 0.547359 0.039643 0.023863
24 0.265514 0.547511 0.017031 0.023855
17 0.692930 0.547562 0.014715 0.023557
18 0.620518 0.580750 0.027788 0.026762
18 0.438470 0.582012 0.026648 0.027510
14 0.188563 0.582171 0.037551 0.023825
3 0.510071 0.582726 0.028380 0.023911
15 0.379902 0.586573 0.023805 0.031318
10 0.221755 0.582740 0.022033 0.023470
14 0.474429 0.583019 0.037068 0.024005
34 0.279224 0.582980 0.027832 0.023779
25 0.408846 0.582568 0.028139 0.022900
32 0.151982 0.585462 0.034872 0.028686
28 0.575298 0.582834 0.025280 0.022920
27 0.287861 0.583534 0.043637 0.024197
11 0.249918 0.583565 0.026777 0.023816
24 0.597199 0.583098 0.015051 0.022513
9 0.550605 0.592884 0.018223 0.041417
17 0.357235 0.584119 0.014853 0.022928
15 0.547465 0.625265 0.023932 0.035296
34 0.653195 0.620029 0.028653 0.024096
34 0.188484 0.620041 0.025338 0.023961
0 0.575167 0.620680 0.026890 0.025178
3 0.605584 0.620529 0.028137 0.024459
11 0.159528 0.620873 0.028124 0.025005
24 0.629468 0.621237 0.015155 0.024612
24 0.268012 0.620919 0.017055 0.023882
4 0.237064 0.620976 0.034191 0.023829
8 0.290776 0.620880 0.022178 0.023289
1 0.517310 0.621572 0.029114 0.024398
3 0.403296 0.622121 0.028908 0.025115
3 0.358419 0.622366 0.027609 0.024982
7 0.314382 0.622080 0.016641 0.023458
22 0.470403 0.622082 0.022829 0.023315
24 0.428335 0.622517 0.015611 0.023120
17 0.491533 0.621983 0.014207 0.021984
17 0.447652 0.622787 0.014910 0.022800
25 0.177913 0.657153 0.028287 0.024426
10 0.668132 0.657758 0.021626 0.023604
16 0.570480 0.663064 0.027325 0.033943
25 0.258814 0.657928 0.028602 0.023291
24 0.153051 0.658472 0.016559 0.024284
17 0.203245 0.658689 0.014685 0.024677
1 0.617032 0.658250 0.027706 0.023306
22 0.288114 0.658381 0.023424 0.023434
9 0.592921 0.665660 0.016249 0.037887
22 0.644266 0.658349 0.021432 0.023117
36 0.335586 0.658774 0.030173 0.023647
0 0.430728 0.659769 0.027813 0.024970
1 0.490744 0.659315 0.028124 0.023873
20 0.539510 0.659167 0.027921 0.023386
20 0.370194 0.659733 0.029917 0.024467
17 0.309702 0.659164 0.014565 0.022966
36 0.370101 0.659821 0.029960 0.024122
28 0.400572 0.660373 0.025263 0.024864
17 0.515215 0.659813 0.015331 0.023259
4 0.600418 0.697376 0.037769 0.030558
4 0.333524 0.697464 0.040090 0.029820
25 0.521191 0.694402 0.026562 0.023583
34 0.551135 0.694832 0.026915 0.024164
11 0.212561 0.695041 0.027463 0.024483
20 0.163108 0.694829 0.029594 0.023475
27 0.375155 0.695119 0.042086 0.023864
32 0.267170 0.697873 0.031017 0.029181
32 0.664485 0.697395 0.028094 0.027800
3 0.297042 0.695515 0.026240 0.023319
11 0.448667 0.696109 0.027859 0.024408
29 0.494027 0.695568 0.023023 0.022833
5 0.160925 0.735380 0.029053 0.032614
8 0.285655 0.731657 0.024685 0.025137
34 0.422303 0.731659 0.027005 0.024415
32 0.334036 0.733539 0.031060 0.027720
24 0.399492 0.732117 0.016751 0.024485
3 0.364834 0.731737 0.028258 0.023533
0 0.453242 0.732311 0.027535 0.023786
3 0.663703 0.732342 0.028157 0.023824
28 0.511062 0.732324 0.024883 0.023569
22 0.240922 0.732371 0.022840 0.023575
17 0.262953 0.732655 0.015324 0.023623
2 0.627302 0.736902 0.038057 0.031703
28 0.561675 0.733092 0.024883 0.023853
17 0.309523 0.732742 0.014603 0.023101
21 0.483587 0.732862 0.025851 0.023333
22 0.537376 0.732724 0.021942 0.022942
3 0.193369 0.733698 0.028040 0.024274
24 0.217926 0.733539 0.017035 0.023794
20 0.591303 0.733179 0.028205 0.022575
4 0.168992 0.772138 0.039508 0.031440
34 0.443991 0.769821 0.027574 0.024802
3 0.205821 0.770105 0.027775 0.025060
0 0.474995 0.770171 0.029895 0.024904
28 0.349653 0.769864 0.025118 0.024246
3 0.379999 0.770854 0.028094 0.025525
0 0.237440 0.770591 0.028657 0.024853
15 0.504641 0.779681 0.024723 0.042923
22 0.321499 0.770512 0.023443 0.024201
34 0.663787 0.770661 0.027598 0.024141
25 0.532153 0.770391 0.028040 0.023371
14 0.593686 0.770719 0.038159 0.023920
10 0.560609 0.770734 0.022199 0.023665
28 0.294228 0.770989 0.024374 0.023930
24 0.420433 0.771362 0.017014 0.024160
21 0.267610 0.771344 0.025897 0.024024
7 0.621924 0.771501 0.016006 0.022989
24 0.640186 0.771547 0.016444 0.023046