11 0.137114 0.160398 0.029514 0.026207
28 0.208491 0.160380 0.024763 0.025201
0 0.237874 0.160573 0.026989 0.025449
12 0.183834 0.160729 0.021285 0.025197
28 0.285256 0.161179 0.026362 0.025655
7 0.162945 0.160643 0.016624 0.023782
32 0.339720 0.163206 0.032580 0.028618
22 0.312196 0.160822 0.021336 0.023808
34 0.365798 0.160817 0.025833 0.023649
11 0.410966 0.161631 0.027039 0.025177
28 0.440601 0.161669 0.025174 0.023913
14 0.475002 0.162682 0.038520 0.024932
28 0.509670 0.163181 0.026485 0.024671
11 0.555565 0.164245 0.029044 0.026191
3 0.587846 0.164476 0.028351 0.025573
29 0.617144 0.166056 0.024325 0.026742
25 0.644402 0.165352 0.026387 0.025244
17 0.667253 0.166107 0.016968 0.024693
8 0.237124 0.199769 0.023179 0.025256
8 0.191678 0.200182 0.023259 0.025606
21 0.265520 0.200161 0.027733 0.025396
13 0.294211 0.200161 0.023973 0.025111
7 0.168885 0.200518 0.016524 0.024603
25 0.366093 0.200335 0.027330 0.023928
21 0.319454 0.200939 0.025579 0.025074
33 0.136161 0.201078 0.041130 0.025290
17 0.214924 0.200740 0.014108 0.024394
22 0.393528 0.200815 0.021299 0.023631
17 0.415404 0.201437 0.015098 0.024567
9 0.434945 0.208009 0.016338 0.036860
24 0.342784 0.200904 0.016228 0.022543
5 0.489524 0.206209 0.028005 0.032273
4 0.544207 0.206108 0.039817 0.030554
34 0.578779 0.203791 0.025417 0.025844
11 0.609510 0.203986 0.027377 0.025896
17 0.512945 0.203291 0.015466 0.023523
28 0.638358 0.204493 0.024854 0.025245
7 0.680307 0.205139 0.016877 0.025044
4 0.139790 0.241474 0.041757 0.031228
4 0.363884 0.243998 0.039312 0.032299
3 0.209836 0.241018 0.028963 0.026300
11 0.256505 0.240848 0.028191 0.025797
28 0.329715 0.240835 0.023914 0.025686
21 0.177625 0.240874 0.028196 0.025567
12 0.302870 0.241482 0.023434 0.026435
25 0.430115 0.241372 0.027981 0.025647
21 0.400895 0.241626 0.027307 0.025856
3 0.461059 0.242208 0.029081 0.025932
17 0.281293 0.241635 0.014503 0.024638
25 0.492617 0.242330 0.028250 0.024963
22 0.520290 0.243493 0.021725 0.024795
3 0.605322 0.244324 0.028438 0.025580
4 0.569289 0.243994 0.034703 0.024487
17 0.541343 0.244353 0.015339 0.024269
2 0.642435 0.250732 0.039168 0.036955
7 0.674263 0.246757 0.017629 0.025271
32 0.129463 0.284103 0.035166 0.031833
25 0.200715 0.280585 0.027242 0.024366
34 0.230102 0.281299 0.025830 0.025757
27 0.232608 0.281521 0.030262 0.026096
25 0.276702 0.281060 0.029593 0.024388
13 0.252337 0.282073 0.014025 0.026027
3 0.504443 0.282793 0.027250 0.027166
3 0.409948 0.281986 0.028322 0.025146
9 0.156524 0.290130 0.019177 0.041113
22 0.306082 0.281881 0.022851 0.024457
17 0.176754 0.281651 0.014854 0.023717
17 0.328331 0.282351 0.015608 0.024248
33 0.446702 0.283787 0.040651 0.024836
7 0.478080 0.283955 0.017014 0.023860
12 0.531839 0.285282 0.021974 0.025671
3 0.586243 0.285680 0.028035 0.025763
28 0.557020 0.285240 0.025006 0.024713
8 0.653995 0.286659 0.022615 0.025513
17 0.675349 0.287349 0.016756 0.024303
28 0.154067 0.319788 0.025416 0.025024
13 0.129619 0.319885 0.023070 0.024852
25 0.184136 0.320540 0.027357 0.025090
11 0.217271 0.321412 0.028320 0.025257
11 0.268777 0.321706 0.027787 0.024738
11 0.327824 0.321619 0.026644 0.024301
15 0.435404 0.328593 0.024791 0.037511
28 0.298991 0.321740 0.024621 0.023539
34 0.356614 0.321721 0.025236 0.023266
17 0.243245 0.321966 0.015306 0.023547
0 0.463504 0.323831 0.027937 0.024864
22 0.509328 0.324255 0.021748 0.023783
17 0.488281 0.324608 0.015151 0.023583
28 0.535277 0.324735 0.024741 0.023786
36 0.564991 0.324895 0.027419 0.023590
2 0.601384 0.330915 0.037853 0.035155
0 0.656785 0.326699 0.027618 0.024847
7 0.631524 0.326402 0.016884 0.023944
10 0.682174 0.327227 0.019089 0.024708
3 0.150807 0.358565 0.028726 0.026307
8 0.179577 0.358359 0.022780 0.025322
3 0.238895 0.359058 0.027911 0.025097
36 0.338321 0.359681 0.029651 0.025849
4 0.375551 0.362540 0.037776 0.031371
21 0.208280 0.359628 0.025638 0.024497
28 0.306608 0.359432 0.024794 0.023578
34 0.409675 0.360083 0.026862 0.024206
33 0.273444 0.359965 0.036151 0.023722
4 0.606791 0.363818 0.037620 0.030583
24 0.434219 0.361001 0.016709 0.024090
15 0.640821 0.370084 0.024542 0.041523
25 0.571555 0.361196 0.027690 0.023582
1 0.496570 0.361756 0.026126 0.024589
35 0.461349 0.362149 0.035605 0.023679
25 0.667779 0.363445 0.028773 0.024860
34 0.697146 0.364171 0.025507 0.024909
4 0.214220 0.400840 0.038598 0.032218
36 0.174934 0.397809 0.029850 0.025047
22 0.128622 0.397875 0.020095 0.025005
7 0.309067 0.398526 0.017674 0.025256
17 0.149608 0.397907 0.014684 0.023755
25 0.353275 0.398578 0.029340 0.024397
3 0.459999 0.399216 0.028269 0.025420
11 0.427929 0.399206 0.027796 0.025014
7 0.402485 0.399160 0.016288 0.024674
33 0.279364 0.399148 0.039220 0.024646
22 0.381211 0.399141 0.021848 0.024262
15 0.521100 0.406921 0.024424 0.039187
1 0.491322 0.400128 0.027187 0.025092
3 0.566585 0.400678 0.027834 0.025272
0 0.599330 0.401467 0.028855 0.024605
9 0.623855 0.411906 0.017828 0.042054
7 0.643139 0.403985 0.016410 0.025198
32 0.667204 0.405949 0.031519 0.028317
18 0.489292 0.437001 0.029081 0.029092
14 0.250889 0.437307 0.038759 0.025165
21 0.131438 0.437286 0.027045 0.025115
8 0.334886 0.437418 0.023745 0.024682
10 0.217615 0.437240 0.021360 0.024258
33 0.184818 0.437697 0.039426 0.025036
17 0.155775 0.437236 0.015288 0.023610
7 0.282505 0.437852 0.016892 0.024631
25 0.458448 0.438229 0.028236 0.024144
9 0.358099 0.442723 0.016847 0.032989
25 0.595228 0.438984 0.030732 0.025429
28 0.382371 0.437865 0.024762 0.023154
26 0.307496 0.438080 0.024220 0.023215
34 0.430163 0.438825 0.026331 0.023955
28 0.547662 0.439993 0.025512 0.025100
21 0.519638 0.440115 0.026780 0.024838
24 0.570570 0.439747 0.016862 0.023614
13 0.622102 0.440179 0.020433 0.023768
3 0.678041 0.441415 0.029905 0.025492
17 0.642675 0.440846 0.014572 0.023402
18 0.548979 0.475669 0.028967 0.028635
22 0.203333 0.474181 0.022760 0.024612
25 0.302859 0.474031 0.027081 0.023248
1 0.133889 0.474999 0.028970 0.025180
28 0.275758 0.474080 0.023960 0.023300
7 0.226651 0.474513 0.017387 0.024147
5 0.250023 0.478556 0.025647 0.031420
9 0.160545 0.480425 0.019491 0.034528
17 0.180969 0.474814 0.014760 0.023137
13 0.409119 0.475489 0.023354 0.024400
22 0.330358 0.475162 0.021978 0.023456
36 0.378605 0.475591 0.029892 0.024177
25 0.470929 0.476354 0.030492 0.025121
8 0.522371 0.477635 0.024372 0.025802
7 0.498956 0.477791 0.016855 0.025099
4 0.641437 0.480971 0.037591 0.030894
24 0.575463 0.478094 0.016902 0.022973
17 0.669958 0.478896 0.015073 0.023755
35 0.603229 0.479952 0.034231 0.023991
4 0.197185 0.514776 0.039076 0.029944
34 0.230703 0.512390 0.026314 0.024986
3 0.160078 0.512763 0.027417 0.024679
24 0.255376 0.512724 0.014835 0.024574
21 0.129587 0.513751 0.028448 0.026438
4 0.389009 0.516272 0.038038 0.031359
25 0.351435 0.512637 0.029055 0.024037
24 0.325942 0.513152 0.018037 0.024414
7 0.304601 0.513245 0.016831 0.024519
34 0.422030 0.513595 0.026478 0.025157
13 0.524591 0.514384 0.024507 0.026588
8 0.466455 0.513887 0.024517 0.025035
21 0.496360 0.515269 0.026887 0.025661
11 0.553903 0.515838 0.028808 0.025572
3 0.585898 0.515892 0.028142 0.025658
20 0.617650 0.516733 0.027514 0.025011
25 0.649634 0.516807 0.029945 0.023745
22 0.678587 0.517600 0.021554 0.023890
17 0.698853 0.518216 0.014740 0.023577
25 0.295344 0.551699 0.028882 0.025773
8 0.210067 0.551853 0.023304 0.024956
13 0.267115 0.552028 0.023407 0.025014
3 0.326597 0.553211 0.028988 0.026951
21 0.239474 0.552369 0.027328 0.024683
36 0.137627 0.552678 0.031759 0.025099
25 0.443120 0.552694 0.030963 0.024812
0 0.360012 0.553532 0.030344 0.025891
3 0.477247 0.553770 0.028511 0.026159
3 0.410838 0.553544 0.027568 0.025341
15 0.597756 0.558899 0.025231 0.034722
25 0.526053 0.553750 0.028257 0.023832
4 0.562541 0.557842 0.039461 0.030815
24 0.502681 0.554323 0.015444 0.023688
5 0.652941 0.559521 0.027473 0.031482
29 0.681785 0.568001 0.025691 0.047763
32 0.624254 0.559361 0.032145 0.030218
28 0.166767 0.588335 0.025645 0.025422
34 0.226261 0.588183 0.025657 0.024896
11 0.136185 0.588102 0.028215 0.024647
3 0.288844 0.589132 0.027818 0.024317
28 0.347893 0.588906 0.024481 0.023695
11 0.320131 0.589205 0.026874 0.024077
0 0.376720 0.589257 0.027487 0.023864
9 0.400205 0.594613 0.015062 0.031609
32 0.444864 0.593309 0.032224 0.028679
7 0.419394 0.591280 0.016457 0.023383
21 0.499875 0.591656 0.026703 0.024060
7 0.524998 0.591514 0.016832 0.023299
33 0.554473 0.591609 0.038718 0.023253
28 0.589481 0.591674 0.024208 0.023282
28 0.658379 0.592266 0.025024 0.023953
34 0.252436 0.625926 0.026960 0.024733
3 0.320500 0.626536 0.028309 0.025808
27 0.258626 0.626194 0.039505 0.025056
3 0.407735 0.627158 0.029402 0.026247
8 0.437920 0.627179 0.022679 0.025281
24 0.294309 0.626793 0.016509 0.024431
4 0.141846 0.627102 0.034427 0.024142
32 0.177329 0.629142 0.034198 0.027986
13 0.489605 0.628204 0.023892 0.025755
28 0.207254 0.627407 0.023813 0.024123
3 0.544253 0.628623 0.027850 0.026102
25 0.574940 0.628047 0.028915 0.024892
22 0.516194 0.628670 0.022649 0.024911
21 0.463299 0.628870 0.026413 0.024901
3 0.607498 0.629215 0.027940 0.025198
26 0.676248 0.631798 0.024644 0.024464
25 0.221420 0.661881 0.028452 0.024253
25 0.157482 0.662211 0.029742 0.024622
3 0.191449 0.662932 0.027536 0.024283
3 0.252743 0.663173 0.026952 0.024720
3 0.284108 0.663550 0.027904 0.024466
25 0.405020 0.664429 0.027958 0.024535
3 0.376269 0.664959 0.027801 0.025245
24 0.133915 0.664081 0.016624 0.023448
22 0.347800 0.664780 0.023461 0.024040
3 0.436890 0.665631 0.028560 0.025493
0 0.526625 0.666372 0.031223 0.026088
0 0.494537 0.666513 0.028403 0.025889
25 0.629703 0.667019 0.029881 0.024993
1 0.578245 0.667635 0.029197 0.025733
9 0.604005 0.676167 0.020569 0.041821
3 0.661595 0.667650 0.028112 0.024444
25 0.691388 0.668324 0.028967 0.025723
18 0.314309 0.697878 0.028987 0.027918
27 0.220095 0.698052 0.040574 0.024245
5 0.255639 0.701474 0.028571 0.030223
18 0.600872 0.701202 0.029168 0.027883
21 0.284301 0.699499 0.026831 0.023916
8 0.342305 0.699651 0.021813 0.023609
29 0.429539 0.700811 0.024009 0.024479
25 0.456369 0.700449 0.025139 0.023446
24 0.384503 0.700935 0.015582 0.023450
11 0.486736 0.701751 0.027747 0.025011
17 0.364584 0.700770 0.014739 0.023042
10 0.405902 0.701030 0.020353 0.023441
36 0.537315 0.702001 0.030276 0.023141
25 0.569467 0.702280 0.027739 0.023108
17 0.511076 0.702840 0.013720 0.024152
21 0.631508 0.703695 0.026005 0.023822
13 0.142202 0.731600 0.023991 0.024398
28 0.167250 0.732028 0.026271 0.024884
8 0.194614 0.733163 0.022525 0.024264
3 0.250628 0.733966 0.028009 0.023734
28 0.221160 0.733728 0.023876 0.022797
0 0.300533 0.734332 0.028048 0.023986
24 0.275678 0.734849 0.015568 0.023219
28 0.348573 0.736011 0.023918 0.023605
11 0.376966 0.737099 0.026361 0.024316
14 0.438534 0.737942 0.036263 0.024006
28 0.405327 0.737881 0.023818 0.023441
7 0.468111 0.738601 0.016145 0.024713
13 0.488597 0.739168 0.021737 0.023441
5 0.589899 0.742597 0.026588 0.029662
28 0.618233 0.739618 0.024009 0.023249
28 0.563324 0.739495 0.022689 0.022075
17 0.526332 0.740197 0.014329 0.023332
17 0.509038 0.740262 0.013420 0.023329
24 0.542549 0.739671 0.014664 0.020803
29 0.157894 0.770172 0.026810 0.026089
14 0.221938 0.770593 0.039610 0.025159
28 0.186029 0.770452 0.026160 0.024753
0 0.292712 0.772669 0.030038 0.025688
9 0.318504 0.783184 0.017099 0.043307
7 0.337509 0.773552 0.017046 0.023758
1 0.364951 0.774233 0.031070 0.024782
9 0.392617 0.784915 0.016965 0.044003
25 0.416382 0.775368 0.028379 0.023730
13 0.500107 0.776875 0.024093 0.025667
35 0.451391 0.776406 0.038009 0.024630
25 0.554945 0.776821 0.028783 0.024385
21 0.526413 0.778144 0.026600 0.024389