15 0.554370 0.161053 0.025774 0.038933
15 0.665823 0.161870 0.023782 0.039259
29 0.580242 0.154965 0.023441 0.025062
11 0.638321 0.154877 0.026852 0.024729
25 0.607925 0.154473 0.028122 0.023046
1 0.725911 0.155749 0.028530 0.024905
20 0.693215 0.155594 0.027659 0.024166
25 0.524181 0.155388 0.028438 0.023240
22 0.794335 0.156406 0.023100 0.024656
29 0.310362 0.158808 0.033176 0.029109
5 0.839990 0.159863 0.025320 0.030591
20 0.409109 0.156661 0.027909 0.024015
9 0.752838 0.160774 0.015729 0.032132
3 0.461113 0.156884 0.026698 0.024065
20 0.492897 0.156767 0.027940 0.023813
10 0.817205 0.156675 0.018801 0.023595
28 0.338687 0.157514 0.024622 0.024619
14 0.372104 0.157391 0.037398 0.024344
24 0.435665 0.157288 0.016268 0.023858
3 0.597810 0.195211 0.027822 0.025296
8 0.540175 0.194927 0.021896 0.024536
28 0.513792 0.195457 0.024686 0.024548
14 0.788153 0.196128 0.040028 0.025728
0 0.647625 0.195276 0.027845 0.023998
13 0.490270 0.195529 0.022606 0.024255
24 0.622116 0.195456 0.015626 0.023831
11 0.723888 0.195970 0.028196 0.024849
25 0.337244 0.195746 0.027777 0.024298
28 0.752823 0.196123 0.025106 0.025043
28 0.567755 0.195369 0.025926 0.023468
13 0.445123 0.195917 0.023378 0.024406
28 0.693494 0.196372 0.025289 0.025149
24 0.671597 0.195885 0.015060 0.023953
36 0.414895 0.196213 0.029861 0.024463
13 0.839896 0.196417 0.022550 0.024667
22 0.365660 0.196710 0.021510 0.024734
7 0.818553 0.197117 0.016685 0.024732
17 0.861461 0.197060 0.015771 0.024016
17 0.387414 0.197370 0.015202 0.023832
3 0.510964 0.234766 0.029498 0.026435
25 0.543949 0.234137 0.031290 0.025126
25 0.476190 0.234731 0.033309 0.026191
10 0.572665 0.234682 0.022377 0.025646
1 0.418944 0.234967 0.030393 0.025951
8 0.641490 0.235928 0.024064 0.027234
9 0.448689 0.241024 0.018450 0.037380
0 0.341221 0.235545 0.030051 0.026250
26 0.612139 0.235579 0.025244 0.024787
9 0.367111 0.242297 0.018200 0.038127
7 0.389881 0.235543 0.017273 0.024185
36 0.694495 0.236243 0.031764 0.025249
13 0.731590 0.235814 0.023426 0.024335
17 0.666503 0.236566 0.017515 0.025622
21 0.757964 0.237007 0.028298 0.024655
35 0.791208 0.237335 0.035197 0.023828
3 0.299682 0.278355 0.032977 0.028527
0 0.299763 0.278594 0.033030 0.028197
3 0.594495 0.276783 0.027356 0.024540
3 0.801140 0.277186 0.027528 0.025100
3 0.389042 0.277316 0.028896 0.025174
22 0.623458 0.276608 0.021932 0.023754
11 0.460395 0.277522 0.027278 0.025381
20 0.518720 0.277014 0.029311 0.024301
22 0.829181 0.277622 0.020662 0.025468
21 0.357132 0.278008 0.025242 0.026226
25 0.669039 0.276840 0.027390 0.023668
32 0.769690 0.279812 0.031178 0.029481
28 0.694467 0.277753 0.024767 0.025321
28 0.741959 0.277406 0.026784 0.024600
17 0.645176 0.276865 0.014527 0.023341
15 0.488835 0.280960 0.023453 0.031529
33 0.557119 0.277613 0.040191 0.024721
9 0.717186 0.283587 0.016716 0.036632
7 0.869539 0.278179 0.017345 0.025108
24 0.851063 0.278308 0.016478 0.025084
12 0.330821 0.279082 0.022227 0.025996
4 0.609082 0.318701 0.043448 0.034119
25 0.699462 0.314654 0.031955 0.025386
0 0.524587 0.316460 0.032604 0.026682
28 0.728979 0.316134 0.026591 0.025481
3 0.762082 0.316769 0.030820 0.026538
17 0.642285 0.316363 0.016825 0.025111
4 0.381945 0.320090 0.040338 0.031663
28 0.470139 0.316722 0.024533 0.024710
3 0.420846 0.317495 0.028581 0.025762
17 0.552528 0.317472 0.016880 0.025168
13 0.330336 0.317182 0.023501 0.024328
17 0.351284 0.317933 0.015468 0.024206
18 0.434260 0.353495 0.029136 0.027223
29 0.690422 0.354633 0.025566 0.026512
3 0.660221 0.354146 0.027162 0.025149
22 0.525846 0.354141 0.023047 0.023189
2 0.749560 0.359680 0.036586 0.034126
7 0.502774 0.354539 0.016136 0.023491
28 0.715926 0.354670 0.024040 0.023670
24 0.548346 0.354435 0.016015 0.023135
11 0.404262 0.355203 0.027028 0.024647
2 0.847766 0.360865 0.038564 0.035809
33 0.471688 0.355084 0.040696 0.023946
28 0.780911 0.355385 0.023538 0.024505
20 0.810313 0.355571 0.028969 0.024710
28 0.879389 0.355829 0.025085 0.024442
35 0.574855 0.355305 0.032492 0.022840
18 0.685648 0.391077 0.028328 0.029640
18 0.739503 0.391690 0.027880 0.026464
4 0.571191 0.395326 0.039129 0.030865
10 0.605292 0.393314 0.021259 0.025652
5 0.629317 0.396444 0.029044 0.031586
8 0.713151 0.393005 0.021741 0.024531
32 0.452248 0.395580 0.033427 0.029661
3 0.771399 0.393531 0.028061 0.025051
11 0.515757 0.393659 0.027719 0.025037
36 0.419849 0.393268 0.030027 0.024239
21 0.656536 0.393296 0.026384 0.024269
3 0.484476 0.393557 0.028128 0.024615
36 0.804051 0.393860 0.028779 0.024504
17 0.540779 0.393787 0.016302 0.023922
3 0.864636 0.395401 0.028410 0.026413
32 0.833810 0.397025 0.028744 0.029346
35 0.383143 0.394456 0.035626 0.023154
15 0.683407 0.437978 0.025013 0.038341
1 0.653826 0.431597 0.028489 0.025107
14 0.505413 0.432092 0.040402 0.025687
3 0.543070 0.431847 0.028104 0.024821
29 0.442098 0.432287 0.025385 0.025497
22 0.624536 0.431985 0.024277 0.024890
3 0.412224 0.432367 0.028376 0.025435
11 0.359977 0.432617 0.029305 0.025701
28 0.468651 0.432231 0.025170 0.024917
0 0.711184 0.432138 0.026553 0.024451
24 0.582189 0.432382 0.016827 0.024316
3 0.742526 0.433084 0.029093 0.025715
17 0.386119 0.433016 0.015913 0.024171
34 0.866611 0.434209 0.025016 0.025527
13 0.842158 0.434156 0.022361 0.024833
32 0.768116 0.436900 0.035025 0.028920
9 0.795543 0.441296 0.019969 0.037508
15 0.466242 0.475071 0.025501 0.037313
15 0.520181 0.476130 0.028248 0.038502
13 0.491998 0.469497 0.022294 0.024498
2 0.672206 0.474525 0.038094 0.034494
34 0.387030 0.469556 0.025871 0.024498
34 0.581730 0.470304 0.026655 0.025408
8 0.637725 0.470540 0.023338 0.025848
7 0.704127 0.469600 0.017251 0.023965
32 0.417698 0.472556 0.032705 0.029483
22 0.556103 0.470298 0.023274 0.024931
11 0.730956 0.470500 0.028621 0.025098
3 0.763851 0.471108 0.028595 0.024939
26 0.610530 0.470844 0.024241 0.023607
36 0.796417 0.472306 0.029356 0.025075
3 0.888022 0.473188 0.026626 0.024878
32 0.861201 0.475447 0.027856 0.029107
36 0.830255 0.472904 0.030694 0.023934
25 0.522518 0.507009 0.026435 0.024840
5 0.451394 0.510483 0.026084 0.029252
24 0.500278 0.507693 0.016875 0.023546
3 0.597592 0.509009 0.028648 0.026054
28 0.476241 0.507660 0.023752 0.023083
13 0.372033 0.508250 0.022034 0.024206
28 0.549768 0.508651 0.026843 0.024841
0 0.661635 0.509055 0.027315 0.025391
3 0.630316 0.509354 0.028055 0.025698
3 0.760994 0.509685 0.027995 0.025542
3 0.324263 0.510138 0.028698 0.026328
32 0.420663 0.511291 0.032171 0.028444
36 0.694824 0.510262 0.031033 0.025637
32 0.728784 0.511801 0.033371 0.028653
11 0.793390 0.510541 0.029536 0.026036
17 0.395246 0.509264 0.015270 0.022941
13 0.839788 0.511049 0.024826 0.025403
17 0.817534 0.511571 0.014012 0.024686
15 0.502683 0.553303 0.024834 0.039112
34 0.455087 0.546469 0.026363 0.024773
34 0.401460 0.546662 0.027495 0.024481
3 0.617866 0.547994 0.029063 0.026641
11 0.586198 0.547774 0.028289 0.025943
28 0.354012 0.547453 0.026122 0.025114
22 0.429849 0.546917 0.022023 0.023818
34 0.554491 0.547513 0.026591 0.024691
15 0.745950 0.552222 0.024709 0.033863
32 0.528307 0.550787 0.032253 0.030941
24 0.377587 0.547261 0.016869 0.023677
24 0.479012 0.547308 0.017601 0.023730
22 0.648413 0.548114 0.023526 0.025036
3 0.323465 0.548313 0.028211 0.025419
17 0.671385 0.547986 0.015946 0.024078
33 0.778071 0.549122 0.042542 0.025609
26 0.695689 0.548553 0.026255 0.024341
11 0.837672 0.550098 0.029853 0.026318
7 0.811666 0.549692 0.016612 0.024724
3 0.869290 0.550556 0.029053 0.026377
25 0.375117 0.582857 0.029243 0.024185
22 0.405230 0.584080 0.022885 0.024732
0 0.526960 0.584668 0.031524 0.025682
29 0.605680 0.584897 0.024346 0.025946
3 0.475896 0.584994 0.029365 0.026010
3 0.576999 0.584731 0.027949 0.024535
36 0.322727 0.584639 0.031594 0.023822
28 0.702187 0.584960 0.024859 0.024306
2 0.770299 0.588470 0.036304 0.031282
9 0.448616 0.592133 0.016999 0.038412
2 0.667450 0.589813 0.038458 0.033557
28 0.630922 0.584872 0.025040 0.023594
24 0.350472 0.584865 0.017588 0.022885
3 0.804893 0.585740 0.026757 0.024367
36 0.733557 0.585481 0.029020 0.023788
5 0.835528 0.590504 0.029222 0.033670
34 0.863421 0.586245 0.027710 0.025093
18 0.529079 0.620131 0.027627 0.029337
18 0.588914 0.620693 0.028795 0.028828
25 0.498215 0.621085 0.029315 0.024549
3 0.621915 0.621785 0.027335 0.025786
4 0.436114 0.624242 0.039286 0.030386
25 0.397886 0.621844 0.029803 0.024340
1 0.653390 0.622493 0.028208 0.025629
10 0.470670 0.621898 0.021249 0.024128
3 0.750766 0.622969 0.028084 0.025815
25 0.839221 0.623088 0.027770 0.025336
22 0.721808 0.623276 0.021167 0.025053
24 0.373069 0.623204 0.016339 0.024050
5 0.782673 0.627250 0.027806 0.032070
28 0.810314 0.623633 0.024132 0.024432
9 0.679663 0.631543 0.016521 0.040025
22 0.867664 0.624196 0.021608 0.025038
17 0.699050 0.623607 0.015103 0.023572
17 0.888567 0.624264 0.016239 0.024558
35 0.342123 0.624253 0.035891 0.024263
7 0.310601 0.624111 0.021646 0.021673
25 0.855993 0.659534 0.029150 0.026549
2 0.645740 0.663075 0.039393 0.032663
28 0.499415 0.659196 0.024065 0.024897
4 0.709032 0.661736 0.039330 0.029560
9 0.828413 0.659427 0.022805 0.024796
11 0.416606 0.659482 0.030431 0.024696
13 0.350707 0.659643 0.024202 0.024924
21 0.800626 0.659599 0.027089 0.024488
7 0.678113 0.659811 0.016699 0.024884
36 0.318970 0.660133 0.030937 0.025495
8 0.772764 0.659285 0.023522 0.023717
8 0.554572 0.659533 0.022186 0.024038
26 0.527197 0.659390 0.025265 0.023328
35 0.605793 0.659582 0.033708 0.023521
32 0.468003 0.661966 0.034433 0.028208
17 0.375354 0.660397 0.016189 0.024752
17 0.442935 0.660281 0.015430 0.023872
10 0.881134 0.661200 0.021517 0.025520
18 0.578407 0.693345 0.027098 0.027743
3 0.652011 0.693690 0.027716 0.025141
4 0.614833 0.697204 0.038545 0.030092
13 0.849974 0.694033 0.021707 0.023703
4 0.352119 0.697155 0.037866 0.029818
15 0.826254 0.699036 0.023434 0.033327
25 0.417816 0.694308 0.029342 0.023813
25 0.702696 0.694191 0.029542 0.023479
3 0.778290 0.695098 0.028258 0.024849
4 0.741023 0.697103 0.038530 0.028456
24 0.677078 0.695547 0.017698 0.025120
22 0.531910 0.694960 0.023131 0.022972
24 0.554283 0.694912 0.016376 0.022871
3 0.315962 0.696026 0.028052 0.024954
21 0.387741 0.695800 0.026517 0.023539
17 0.508773 0.695594 0.014560 0.022722
17 0.803567 0.695868 0.015814 0.023211
24 0.488669 0.695861 0.016701 0.022740
18 0.718901 0.728949 0.028102 0.028110
18 0.623314 0.729679 0.028228 0.027155
28 0.872585 0.730483 0.025036 0.025068
28 0.782018 0.729901 0.024563 0.023887
1 0.752071 0.730096 0.028172 0.024240
25 0.544868 0.730454 0.030226 0.024936
0 0.826252 0.730213 0.028150 0.024406
22 0.691614 0.730348 0.022765 0.024043
8 0.595927 0.730754 0.022432 0.024692
3 0.513689 0.731083 0.027647 0.024989
22 0.366310 0.730965 0.022216 0.023374
14 0.400738 0.731382 0.037693 0.024056
3 0.336883 0.731525 0.025890 0.024189
3 0.438786 0.731631 0.027818 0.024371
7 0.572697 0.731637 0.016944 0.023950
4 0.476869 0.734547 0.039249 0.029451
32 0.307020 0.734517 0.032059 0.028459
0 0.776246 0.768481 0.029693 0.026198
3 0.728343 0.768671 0.029167 0.025847
16 0.340292 0.773965 0.029329 0.036237
9 0.803300 0.778951 0.019961 0.045894
1 0.847451 0.768554 0.027695 0.025045
5 0.696786 0.772093 0.026691 0.031941
15 0.433467 0.775294 0.030392 0.037183
3 0.370865 0.769074 0.026293 0.024627
3 0.622366 0.769253 0.028005 0.024757
9 0.821779 0.779375 0.017030 0.044212
25 0.570341 0.769732 0.030288 0.024851
9 0.674043 0.780406 0.019095 0.046071
9 0.595680 0.779251 0.017864 0.043455
28 0.650359 0.769871 0.024960 0.024510
28 0.541577 0.770204 0.024988 0.025031
3 0.465459 0.770200 0.028141 0.024350
26 0.308499 0.769810 0.027632 0.022623
26 0.401144 0.770270 0.025370 0.023010