18 0.426152 0.139207 0.028787 0.028496
34 0.882703 0.139239 0.025051 0.025482
36 0.716598 0.139487 0.030199 0.025329
13 0.748849 0.139456 0.023695 0.025187
16 0.651063 0.145143 0.028802 0.035964
34 0.835320 0.139700 0.025658 0.025059
22 0.810522 0.140109 0.022027 0.025713
20 0.682393 0.139742 0.028391 0.024613
15 0.343412 0.146156 0.024598 0.036576
9 0.401731 0.146441 0.018715 0.037084
0 0.459693 0.140539 0.028113 0.024650
3 0.492352 0.140877 0.027610 0.025275
1 0.373434 0.140752 0.029265 0.024885
14 0.614691 0.141067 0.036917 0.024805
4 0.530389 0.143823 0.039975 0.030297
34 0.564971 0.140818 0.026693 0.023878
13 0.667081 0.179383 0.024330 0.025637
15 0.749223 0.184571 0.024934 0.035634
25 0.777782 0.179470 0.029018 0.025232
3 0.402131 0.179558 0.027302 0.025151
22 0.871691 0.179266 0.020737 0.024235
32 0.434996 0.183864 0.035566 0.033056
17 0.690064 0.180237 0.017347 0.025689
11 0.326474 0.179930 0.027398 0.025051
16 0.572502 0.185490 0.027501 0.035876
7 0.831920 0.179750 0.017357 0.024006
22 0.807533 0.179914 0.021571 0.024317
11 0.508408 0.180204 0.028636 0.024616
3 0.541047 0.180571 0.028102 0.025323
7 0.461945 0.180251 0.016598 0.024441
9 0.850740 0.186387 0.016165 0.036515
24 0.482064 0.180527 0.016693 0.024675
7 0.351290 0.180321 0.018016 0.024203
24 0.374990 0.180429 0.017866 0.024160
20 0.602737 0.180949 0.028921 0.024989
36 0.635502 0.180457 0.028962 0.023970
17 0.726352 0.180982 0.015440 0.023866
3 0.807713 0.219558 0.028190 0.026432
0 0.682799 0.220467 0.031062 0.026663
1 0.734402 0.220435 0.029501 0.026337
25 0.501298 0.220006 0.030132 0.025256
29 0.470147 0.221632 0.027188 0.028419
3 0.355527 0.220365 0.028488 0.025191
13 0.614631 0.220519 0.023242 0.025246
32 0.441457 0.222955 0.034136 0.029761
36 0.582890 0.221255 0.030738 0.026166
17 0.760223 0.220816 0.016634 0.025183
9 0.780365 0.228074 0.018615 0.039490
17 0.709145 0.220846 0.016009 0.024949
17 0.865145 0.220288 0.015119 0.023631
22 0.385383 0.220835 0.022146 0.024677
17 0.555482 0.221073 0.016207 0.025078
17 0.644522 0.221214 0.025663 0.025146
32 0.322338 0.223831 0.035428 0.030037
22 0.531572 0.221059 0.022626 0.024205
21 0.411887 0.221751 0.025293 0.023328
27 0.786392 0.260895 0.045448 0.026839
34 0.778763 0.260752 0.029573 0.026373
11 0.747039 0.261253 0.029522 0.026974
29 0.715747 0.261232 0.025916 0.026785
34 0.881422 0.261127 0.027090 0.025712
27 0.678696 0.260951 0.045854 0.025233
3 0.522180 0.261967 0.030219 0.026507
22 0.430460 0.261400 0.024458 0.025100
34 0.669290 0.261078 0.028767 0.024340
32 0.322318 0.264238 0.036357 0.030599
24 0.455240 0.261549 0.017911 0.024872
24 0.859863 0.261574 0.015922 0.024670
11 0.375216 0.262341 0.028448 0.025928
11 0.557784 0.262517 0.028990 0.026148
12 0.644363 0.262255 0.021691 0.025558
10 0.403199 0.262043 0.022051 0.025071
17 0.584250 0.262398 0.015098 0.025215
35 0.484763 0.262315 0.035270 0.023815
4 0.856284 0.305814 0.040968 0.034757
25 0.326077 0.301591 0.030348 0.026130
8 0.717425 0.301830 0.024174 0.026597
11 0.797728 0.301766 0.029178 0.025629
27 0.447630 0.302174 0.045718 0.026218
28 0.767098 0.301736 0.026500 0.025327
34 0.890010 0.301533 0.025942 0.024903
5 0.493094 0.306871 0.035837 0.035457
7 0.824486 0.301921 0.016503 0.025235
11 0.409228 0.302548 0.029208 0.026188
28 0.377078 0.302765 0.026679 0.026592
2 0.617659 0.308279 0.039234 0.036560
9 0.353007 0.310938 0.016383 0.041656
25 0.546035 0.303153 0.028504 0.024821
17 0.521962 0.302597 0.015508 0.023603
28 0.652390 0.303216 0.023588 0.024568
35 0.577996 0.304205 0.034356 0.024726
3 0.379422 0.340692 0.028094 0.025327
11 0.806269 0.341223 0.029407 0.026061
11 0.751499 0.341011 0.028689 0.025585
4 0.517589 0.345125 0.040684 0.033804
3 0.867436 0.340726 0.027069 0.024849
15 0.554105 0.346379 0.024258 0.035988
34 0.836125 0.340698 0.027497 0.024602
7 0.779225 0.340810 0.018130 0.024304
28 0.720482 0.341442 0.025715 0.025122
25 0.670287 0.341400 0.028215 0.025005
9 0.696543 0.350351 0.016791 0.042108
36 0.475716 0.341651 0.031517 0.024501
7 0.448749 0.341853 0.017428 0.024897
0 0.582873 0.342243 0.028578 0.025662
33 0.415606 0.341767 0.039914 0.024114
32 0.320567 0.344778 0.035219 0.030123
24 0.647104 0.342614 0.015728 0.025312
26 0.628528 0.343576 0.015651 0.024156
37 0.384128 0.381042 0.036623 0.028021
21 0.846791 0.380321 0.026878 0.026488
4 0.686203 0.384153 0.041916 0.034090
34 0.777192 0.380397 0.030013 0.026561
4 0.465314 0.383996 0.043083 0.033463
13 0.820002 0.380100 0.024175 0.025426
3 0.877541 0.380705 0.029016 0.026334
4 0.566571 0.383925 0.039449 0.032232
3 0.648422 0.381215 0.027122 0.025478
34 0.601131 0.381412 0.027876 0.025799
21 0.506390 0.380935 0.027964 0.024754
7 0.353273 0.382102 0.017865 0.025611
36 0.423411 0.381685 0.031529 0.024657
13 0.548239 0.417946 0.023955 0.025506
16 0.779755 0.423683 0.028807 0.036391
1 0.829790 0.418625 0.028787 0.026087
16 0.452329 0.424193 0.027555 0.036514
3 0.483917 0.418632 0.028858 0.024834
34 0.348825 0.418882 0.029278 0.025332
3 0.885377 0.419078 0.026739 0.025537
24 0.375070 0.418691 0.016748 0.024528
36 0.517820 0.418676 0.029987 0.024005
9 0.803724 0.427758 0.016609 0.042007
26 0.748945 0.419693 0.024774 0.025830
13 0.652625 0.419642 0.023363 0.025656
8 0.595032 0.419337 0.023939 0.024911
22 0.320641 0.418930 0.023385 0.023972
22 0.858780 0.419098 0.021144 0.024303
21 0.625004 0.419685 0.028042 0.025102
28 0.679218 0.419638 0.025880 0.024363
17 0.572154 0.419644 0.016215 0.023906
32 0.420827 0.422458 0.033215 0.028444
18 0.601219 0.455280 0.030210 0.028202
22 0.775364 0.455402 0.024292 0.024503
3 0.822982 0.455914 0.028331 0.025423
3 0.491741 0.456055 0.030979 0.025577
25 0.745739 0.455115 0.028453 0.023240
3 0.442739 0.455846 0.030837 0.024397
22 0.554241 0.456154 0.023792 0.024898
17 0.380645 0.455604 0.014852 0.023795
32 0.695331 0.458720 0.034374 0.029967
36 0.407191 0.456175 0.031339 0.024480
22 0.356374 0.456138 0.024175 0.024168
25 0.324863 0.456062 0.028845 0.023934
7 0.720807 0.456115 0.017204 0.023938
24 0.577160 0.456633 0.016517 0.024877
26 0.524885 0.456795 0.026019 0.025077
17 0.797609 0.456420 0.014425 0.024273
32 0.859712 0.459201 0.034174 0.029480
28 0.888830 0.457368 0.025674 0.025712
36 0.662945 0.456761 0.029701 0.024253
21 0.631219 0.457378 0.026667 0.024645
18 0.545536 0.493385 0.028835 0.029706
25 0.373419 0.493062 0.029993 0.024672
34 0.345369 0.493688 0.026580 0.024921
3 0.406560 0.494084 0.029756 0.025604
25 0.673720 0.494646 0.030644 0.025896
22 0.320273 0.494046 0.022050 0.024500
14 0.444394 0.494556 0.040088 0.025239
3 0.482798 0.494474 0.029235 0.025052
5 0.739178 0.498830 0.029769 0.033595
3 0.709106 0.494696 0.029130 0.025042
34 0.890388 0.494482 0.026301 0.024540
8 0.821916 0.494996 0.024417 0.025347
11 0.515052 0.495333 0.028642 0.025799
13 0.610477 0.495369 0.022811 0.025569
3 0.791325 0.495031 0.028831 0.024843
36 0.580334 0.495493 0.031543 0.024939
17 0.765630 0.495852 0.015352 0.025615
7 0.846488 0.495323 0.016830 0.023921
17 0.635175 0.495876 0.018299 0.024120
3 0.787519 0.533737 0.028739 0.026417
4 0.329212 0.536489 0.042597 0.031347
11 0.471190 0.534305 0.030156 0.026427
7 0.842606 0.533483 0.020044 0.024633
22 0.817105 0.533907 0.024396 0.025103
0 0.692628 0.533994 0.029328 0.025128
3 0.626475 0.533961 0.026938 0.024890
21 0.386460 0.534112 0.028126 0.024877
22 0.414764 0.533820 0.024018 0.024229
36 0.658526 0.534252 0.030138 0.024969
33 0.748268 0.533954 0.042136 0.024346
25 0.594683 0.533845 0.026557 0.023853
17 0.361358 0.533876 0.015666 0.023863
3 0.564978 0.534940 0.028094 0.025529
17 0.718647 0.534602 0.015871 0.023651
17 0.498624 0.535012 0.015160 0.024007
33 0.527403 0.535306 0.039749 0.024498
18 0.783707 0.570384 0.029177 0.028794
4 0.329743 0.574223 0.038961 0.030730
22 0.411231 0.571784 0.025088 0.025044
34 0.364548 0.571820 0.028224 0.024724
4 0.602780 0.574865 0.037249 0.030180
22 0.456857 0.571996 0.021977 0.024352
9 0.810179 0.579917 0.016613 0.039943
17 0.434878 0.572274 0.015384 0.024634
3 0.835016 0.572744 0.028023 0.025507
1 0.544332 0.572548 0.029924 0.025041
8 0.658664 0.572630 0.024051 0.024974
13 0.713403 0.572466 0.023603 0.024465
22 0.756932 0.572418 0.022920 0.023987
21 0.686824 0.573091 0.025701 0.024790
35 0.507413 0.572888 0.036255 0.024144
24 0.479355 0.572446 0.016597 0.023062
18 0.462108 0.607292 0.029363 0.028513
0 0.512947 0.611193 0.036865 0.033160
25 0.380967 0.608125 0.028897 0.023947
25 0.429553 0.608782 0.028109 0.024581
29 0.351423 0.609331 0.025992 0.024995
13 0.715236 0.609593 0.024011 0.025440
3 0.747006 0.610260 0.031309 0.026725
4 0.577282 0.612781 0.040249 0.031402
11 0.652575 0.610254 0.029356 0.025999
3 0.685646 0.610499 0.028779 0.025908
22 0.778372 0.610149 0.024560 0.024964
3 0.322295 0.610015 0.027532 0.024588
11 0.866563 0.610309 0.028232 0.025173
17 0.406032 0.609819 0.014569 0.023687
28 0.895171 0.610586 0.024565 0.025080
17 0.544880 0.610856 0.016612 0.024863
24 0.803917 0.610479 0.017140 0.023857
35 0.616982 0.611128 0.035133 0.024131
35 0.831091 0.611077 0.035410 0.023811
3 0.442680 0.644364 0.028121 0.025447
28 0.411704 0.644131 0.025606 0.023828
24 0.550907 0.644801 0.017888 0.025046
29 0.324811 0.644948 0.026645 0.024646
25 0.575765 0.644837 0.028654 0.024247
22 0.472022 0.644738 0.023411 0.023962
3 0.605879 0.645858 0.028163 0.025904
28 0.526489 0.645067 0.025347 0.024244
8 0.839149 0.646209 0.025415 0.026470
28 0.352165 0.645146 0.025494 0.023845
28 0.885636 0.646560 0.025831 0.026606
21 0.382143 0.645093 0.027454 0.023383
15 0.701138 0.651012 0.025089 0.034559
2 0.735141 0.651438 0.039028 0.034891
21 0.499333 0.645896 0.025409 0.023651
3 0.651556 0.646626 0.026726 0.024638
20 0.773652 0.646440 0.029368 0.023923
24 0.677262 0.646965 0.017497 0.023248
18 0.726819 0.682998 0.030381 0.028612
20 0.384476 0.682012 0.029201 0.024320
25 0.324527 0.682571 0.031930 0.025252
10 0.354638 0.682932 0.023603 0.025776
11 0.419628 0.682739 0.028515 0.025279
14 0.485895 0.682764 0.037647 0.024432
0 0.584176 0.683313 0.029504 0.025439
22 0.554541 0.683486 0.024032 0.025547
25 0.694125 0.683091 0.030375 0.023979
28 0.449782 0.683130 0.026436 0.023843
22 0.803923 0.683567 0.023284 0.023961
3 0.774252 0.683931 0.028885 0.024304
24 0.828023 0.684227 0.017301 0.024115
28 0.665272 0.684384 0.024852 0.024182
21 0.635968 0.684827 0.028166 0.024860
17 0.610824 0.684123 0.015063 0.023422
35 0.856829 0.684988 0.036075 0.022437
8 0.408516 0.720125 0.024241 0.025434
3 0.786560 0.721120 0.029276 0.026423
34 0.600091 0.721146 0.027701 0.026408
13 0.467464 0.720372 0.023819 0.024294
22 0.321533 0.721211 0.025598 0.025574
27 0.502755 0.720878 0.042405 0.024670
22 0.575438 0.721002 0.021725 0.024706
22 0.836489 0.721087 0.024221 0.024832
25 0.752203 0.721175 0.029899 0.024472
21 0.439018 0.721115 0.026605 0.024091
8 0.627889 0.721517 0.022769 0.024830
24 0.812897 0.721666 0.016718 0.024867
13 0.682268 0.722266 0.022495 0.025662
17 0.345344 0.721961 0.015585 0.024570
17 0.706662 0.722558 0.015922 0.024558
21 0.656927 0.722899 0.025838 0.024989
24 0.727617 0.722787 0.018209 0.024494
3 0.359869 0.758585 0.029771 0.025430
9 0.791937 0.767864 0.016987 0.043801
8 0.767522 0.758434 0.024391 0.024127
3 0.542555 0.759435 0.029386 0.025942
8 0.412470 0.758841 0.023388 0.024716
34 0.814656 0.758561 0.028235 0.023902
36 0.325291 0.758687 0.030100 0.023755
34 0.875141 0.758530 0.027313 0.023265
34 0.637961 0.759426 0.025884 0.024854
12 0.586838 0.759551 0.023541 0.024936
32 0.508548 0.761748 0.036387 0.029108
27 0.646328 0.759622 0.041323 0.024556
32 0.720189 0.762514 0.034889 0.030070
24 0.388858 0.759198 0.016431 0.023380
24 0.852287 0.758937 0.016080 0.022566
21 0.612614 0.759935 0.024662 0.023708