3 0.339297 0.145910 0.028291 0.025187
4 0.376977 0.148957 0.039725 0.031212
34 0.413012 0.146613 0.029239 0.025932
8 0.526453 0.147676 0.023445 0.026023
11 0.647283 0.147616 0.027099 0.025839
34 0.795734 0.147473 0.027425 0.025299
25 0.824092 0.147632 0.028828 0.025364
17 0.473919 0.147345 0.014871 0.024762
8 0.702572 0.148507 0.022605 0.026744
24 0.453931 0.147546 0.017782 0.024547
7 0.621944 0.147649 0.018603 0.024407
28 0.575628 0.148267 0.024818 0.025639
12 0.599807 0.147930 0.019959 0.024696
22 0.770935 0.148264 0.024243 0.025351
26 0.499237 0.148231 0.026353 0.025283
34 0.675266 0.147918 0.025007 0.024643
9 0.551300 0.153338 0.016749 0.034507
7 0.850861 0.148732 0.018394 0.025145
4 0.461580 0.188509 0.041942 0.031210
3 0.403186 0.186304 0.028772 0.026609
21 0.329618 0.186690 0.027566 0.025895
7 0.356370 0.186544 0.018135 0.025478
24 0.376875 0.186642 0.016340 0.025540
3 0.500843 0.187240 0.029097 0.026725
24 0.428286 0.186476 0.016814 0.024033
3 0.608551 0.187968 0.029794 0.026668
15 0.839974 0.193169 0.025823 0.037022
11 0.673688 0.187417 0.028106 0.025114
4 0.803631 0.190120 0.040804 0.030287
9 0.526969 0.194182 0.016885 0.038297
20 0.640915 0.187668 0.029693 0.024793
14 0.738349 0.187616 0.037617 0.024572
28 0.704020 0.187755 0.025231 0.024675
7 0.547878 0.187747 0.017285 0.024183
7 0.771721 0.187624 0.018442 0.023781
34 0.421788 0.227025 0.027684 0.025030
11 0.391631 0.227252 0.029323 0.025021
25 0.730037 0.227360 0.029412 0.024901
25 0.859194 0.227932 0.027689 0.025275
32 0.330552 0.230282 0.035482 0.029868
28 0.361265 0.227599 0.024222 0.024175
3 0.828905 0.227938 0.027493 0.024752
22 0.759591 0.228397 0.022735 0.025318
11 0.638047 0.228592 0.028275 0.025478
9 0.803519 0.237659 0.018944 0.043543
34 0.668267 0.228370 0.025921 0.024934
10 0.883532 0.228572 0.021552 0.025039
8 0.536166 0.228879 0.024272 0.025646
24 0.462600 0.228640 0.016013 0.024459
24 0.706314 0.228379 0.017089 0.023814
28 0.586079 0.229062 0.025351 0.024930
9 0.562400 0.235542 0.015417 0.037770
26 0.508696 0.229679 0.025461 0.025669
17 0.483586 0.229115 0.016145 0.023974
8 0.359712 0.268187 0.023897 0.025972
9 0.385535 0.275782 0.018674 0.040010
34 0.598429 0.268715 0.026911 0.025452
10 0.865652 0.269093 0.021617 0.026127
36 0.711214 0.268919 0.029870 0.025581
21 0.839026 0.269070 0.026838 0.025820
15 0.463550 0.277071 0.026585 0.041514
22 0.662852 0.269281 0.023597 0.025617
12 0.437317 0.269834 0.023358 0.026657
36 0.806002 0.269032 0.029837 0.024799
28 0.410430 0.268946 0.024689 0.024284
24 0.636561 0.269262 0.021060 0.024717
26 0.332098 0.269295 0.027268 0.024711
24 0.487068 0.269770 0.016902 0.025501
22 0.571601 0.269491 0.023715 0.024851
17 0.685860 0.269356 0.015444 0.024173
28 0.543081 0.270257 0.026689 0.025086
21 0.513840 0.270417 0.026447 0.025227
18 0.738806 0.306883 0.030070 0.029239
4 0.340534 0.309972 0.040787 0.032027
28 0.378834 0.307343 0.025729 0.025624
4 0.636911 0.311398 0.038082 0.031628
8 0.468888 0.308133 0.023529 0.025064
29 0.515750 0.308563 0.025654 0.025808
1 0.600999 0.308444 0.027429 0.025221
22 0.572081 0.308347 0.022908 0.024921
10 0.668425 0.308272 0.021066 0.024688
21 0.543239 0.308505 0.028441 0.024943
13 0.692079 0.308645 0.022788 0.025004
5 0.768190 0.312984 0.028645 0.033633
17 0.492320 0.308291 0.016387 0.024082
34 0.798250 0.308837 0.027214 0.025056
7 0.446877 0.308982 0.018001 0.025222
11 0.856187 0.309872 0.029029 0.026856
22 0.826085 0.309108 0.023467 0.025309
33 0.414070 0.309030 0.040192 0.024953
3 0.885747 0.310929 0.028848 0.027363
18 0.719797 0.345137 0.029817 0.029308
4 0.539757 0.349331 0.040939 0.031915
34 0.406535 0.346033 0.026782 0.024906
4 0.806156 0.349475 0.039200 0.031694
34 0.629170 0.346583 0.027792 0.025804
3 0.578807 0.346773 0.029306 0.026015
22 0.380461 0.347377 0.023390 0.027164
9 0.695921 0.351153 0.016679 0.034638
10 0.838921 0.346757 0.021798 0.024953
13 0.671847 0.346755 0.023707 0.024939
10 0.505577 0.346531 0.021698 0.024468
22 0.435964 0.346813 0.024457 0.024978
9 0.605116 0.353026 0.016834 0.037279
5 0.749142 0.351015 0.029351 0.033084
7 0.461007 0.347076 0.017684 0.025198
24 0.483040 0.347334 0.017605 0.025173
32 0.327664 0.349782 0.036367 0.029669
17 0.774897 0.347275 0.015733 0.024618
7 0.357123 0.347527 0.018032 0.025120
33 0.869615 0.348675 0.037517 0.024933
7 0.898122 0.349504 0.016959 0.025080
25 0.416035 0.384597 0.031511 0.026018
10 0.446567 0.385457 0.024600 0.027342
4 0.358414 0.386838 0.042185 0.029267
9 0.390097 0.392230 0.016791 0.040023
36 0.734604 0.385042 0.031169 0.024824
3 0.803574 0.385925 0.028977 0.026066
3 0.701800 0.386090 0.028115 0.026113
11 0.835820 0.386068 0.028737 0.026048
13 0.579921 0.385898 0.024048 0.025636
32 0.769033 0.388631 0.036177 0.030642
8 0.525206 0.386255 0.024028 0.025828
21 0.671765 0.385817 0.026103 0.024603
3 0.497080 0.386650 0.028231 0.025854
17 0.861947 0.386644 0.017491 0.025574
22 0.626605 0.386076 0.023384 0.024115
21 0.553362 0.386334 0.026665 0.024323
17 0.649520 0.385935 0.015728 0.023013
17 0.603298 0.386876 0.016833 0.024278
18 0.782820 0.423248 0.030205 0.028680
34 0.417364 0.422711 0.027750 0.024241
34 0.600521 0.423342 0.027048 0.024147
29 0.332140 0.424694 0.026777 0.026462
22 0.642550 0.424254 0.023920 0.025373
34 0.667945 0.424042 0.025447 0.024665
34 0.552624 0.423922 0.027511 0.024320
3 0.467154 0.424281 0.028656 0.024980
32 0.734555 0.426366 0.030997 0.029130
11 0.522777 0.424991 0.029324 0.026263
25 0.868418 0.425210 0.028723 0.025690
24 0.577115 0.424548 0.015858 0.023878
5 0.812326 0.429973 0.026611 0.034605
24 0.495677 0.424721 0.017978 0.024044
34 0.840277 0.425356 0.026177 0.025182
9 0.759019 0.429125 0.016079 0.031976
7 0.893813 0.427045 0.019408 0.027222
18 0.356461 0.459457 0.028821 0.029084
15 0.413178 0.474445 0.024713 0.054471
8 0.386301 0.460105 0.023159 0.025075
3 0.444002 0.461181 0.029147 0.025496
8 0.327789 0.461202 0.022987 0.025176
15 0.506886 0.468384 0.026510 0.038774
28 0.667037 0.461777 0.025129 0.024917
24 0.729255 0.461347 0.016309 0.023486
20 0.538347 0.461703 0.028354 0.023650
33 0.832779 0.462245 0.040586 0.024545
35 0.756077 0.461536 0.035342 0.023115
33 0.634634 0.461792 0.034426 0.023449
26 0.476700 0.462227 0.025801 0.024156
7 0.865796 0.462843 0.018646 0.024366
25 0.444022 0.498906 0.028659 0.025009
8 0.555301 0.499150 0.022494 0.025425
34 0.361104 0.499068 0.027124 0.024589
11 0.330732 0.499289 0.027149 0.024710
3 0.638999 0.500130 0.027010 0.026110
34 0.474864 0.499628 0.027183 0.024753
3 0.721074 0.500220 0.028384 0.025814
28 0.610177 0.499834 0.022954 0.024517
0 0.670625 0.500558 0.028016 0.025226
24 0.419000 0.499817 0.017029 0.023737
9 0.696543 0.507123 0.016548 0.038268
11 0.772277 0.500612 0.028549 0.025211
24 0.746378 0.500519 0.016889 0.023338
17 0.798307 0.502062 0.015674 0.026204
32 0.820722 0.503703 0.030967 0.029480
22 0.849789 0.501220 0.022111 0.023575
34 0.502552 0.537976 0.026641 0.025526
1 0.754063 0.538176 0.028790 0.025615
8 0.475084 0.537934 0.023554 0.025094
3 0.807593 0.538228 0.028850 0.025675
3 0.393179 0.538530 0.028356 0.025319
12 0.701200 0.538095 0.022001 0.024336
0 0.603007 0.538593 0.029408 0.025084
28 0.725550 0.537865 0.023978 0.023567
22 0.546533 0.538366 0.022656 0.024084
30 0.428423 0.538892 0.035505 0.024978
34 0.572501 0.538765 0.026192 0.024515
34 0.675328 0.538868 0.026040 0.024545
17 0.781463 0.538633 0.016350 0.023612
17 0.833781 0.539306 0.015177 0.024301
32 0.650304 0.541309 0.030970 0.028156
18 0.511116 0.573374 0.029944 0.028138
3 0.700877 0.572365 0.026350 0.023969
25 0.671059 0.572532 0.027228 0.024087
36 0.826996 0.573458 0.027978 0.024585
22 0.780553 0.572951 0.022490 0.022759
34 0.570404 0.573567 0.026533 0.023594
0 0.599217 0.573907 0.026244 0.023950
24 0.758129 0.573469 0.016464 0.023071
5 0.541700 0.577607 0.027256 0.031260
3 0.436351 0.574676 0.028727 0.025319
13 0.464730 0.574307 0.022244 0.024495
32 0.405794 0.577082 0.033754 0.029911
17 0.802497 0.573264 0.015441 0.022159
21 0.626884 0.574137 0.024208 0.023480
17 0.649000 0.573842 0.014951 0.022515
9 0.486244 0.580000 0.016565 0.034171
24 0.351540 0.576522 0.016377 0.025500
26 0.325583 0.576632 0.026721 0.025155
18 0.903059 0.610671 0.026751 0.029753
2 0.690098 0.616480 0.038176 0.036749
7 0.721853 0.611130 0.019008 0.025059
28 0.623737 0.611149 0.025728 0.024689
3 0.577490 0.611690 0.029552 0.025163
32 0.804377 0.615033 0.032251 0.031752
21 0.833939 0.611742 0.025298 0.025063
4 0.540400 0.614301 0.039596 0.030131
26 0.748365 0.611384 0.025684 0.023501
36 0.652897 0.611493 0.027385 0.023618
29 0.506283 0.615599 0.023995 0.030715
15 0.506408 0.621013 0.024377 0.040829
28 0.358827 0.614678 0.026061 0.026348
7 0.461478 0.614181 0.018627 0.025248
3 0.389966 0.614594 0.028477 0.026074
32 0.325550 0.616926 0.035752 0.030343
17 0.483335 0.614065 0.016035 0.023465
33 0.429485 0.614842 0.042052 0.024895
18 0.835896 0.645101 0.026401 0.026414
10 0.730964 0.645549 0.021085 0.023392
1 0.758285 0.645906 0.028556 0.024082
4 0.699126 0.648288 0.037791 0.028657
25 0.807098 0.645684 0.027258 0.023253
25 0.864539 0.646638 0.026397 0.023938
4 0.641295 0.649564 0.038022 0.029580
18 0.891205 0.647999 0.024368 0.025286
25 0.484299 0.649159 0.028030 0.024939
10 0.512801 0.649432 0.023054 0.024199
15 0.456660 0.652105 0.023989 0.029422
24 0.584141 0.649255 0.017214 0.023052
26 0.558925 0.649893 0.026562 0.024074
22 0.429280 0.651317 0.024405 0.024429
3 0.398940 0.652805 0.029259 0.025728
33 0.362000 0.653038 0.040803 0.024139
26 0.326281 0.653345 0.026979 0.023759
18 0.782116 0.679707 0.029078 0.025409
4 0.857578 0.683590 0.037294 0.030776
10 0.887714 0.680672 0.018993 0.024602
4 0.698067 0.683214 0.038885 0.029394
3 0.734517 0.680964 0.028993 0.023868
24 0.808973 0.680788 0.016152 0.023417
34 0.636624 0.681534 0.026684 0.024147
7 0.827492 0.681091 0.015671 0.022760
22 0.610944 0.681615 0.023301 0.023710
22 0.663731 0.681615 0.022676 0.023401
3 0.583213 0.682080 0.027534 0.024329
9 0.759482 0.687603 0.014652 0.034918
33 0.546826 0.683580 0.036800 0.023527
0 0.495229 0.685795 0.029326 0.025595
10 0.445049 0.686178 0.022523 0.024008
4 0.410888 0.689947 0.039053 0.029851
22 0.324795 0.687101 0.023664 0.024089
36 0.373210 0.687379 0.029373 0.024051
17 0.347622 0.687303 0.015486 0.023356
18 0.575344 0.716919 0.028922 0.029240
0 0.735348 0.716104 0.030218 0.026285
11 0.787518 0.716815 0.027984 0.024393
3 0.818239 0.716414 0.027246 0.023142
11 0.607629 0.718246 0.029419 0.026230
24 0.761127 0.717871 0.015817 0.025147
24 0.707062 0.717452 0.018555 0.024161
36 0.848070 0.717196 0.027310 0.023453
3 0.640056 0.718117 0.027433 0.025132
20 0.847974 0.717211 0.027340 0.023047
21 0.545771 0.719960 0.027444 0.025668
7 0.520425 0.720474 0.017949 0.024584
34 0.412963 0.721198 0.030451 0.025875
22 0.495881 0.721269 0.024665 0.025167
0 0.445818 0.721598 0.031039 0.025439
17 0.472429 0.722206 0.015174 0.025539
22 0.384691 0.722253 0.023211 0.024937
32 0.326471 0.726129 0.035906 0.030554
3 0.773467 0.753706 0.028465 0.024802
25 0.740027 0.753863 0.028769 0.024598
32 0.836623 0.756585 0.032930 0.029137
3 0.805276 0.753791 0.027769 0.023472
10 0.694417 0.754931 0.023380 0.024513
24 0.715363 0.754987 0.017858 0.024496
21 0.668125 0.755775 0.026015 0.025413
17 0.862199 0.754725 0.016257 0.022693
27 0.592929 0.756483 0.043056 0.024465
34 0.584502 0.756541 0.027183 0.024533
11 0.555708 0.757533 0.028787 0.025165
34 0.523708 0.757643 0.028426 0.023845
22 0.496506 0.758503 0.024051 0.024318
22 0.436865 0.760235 0.022914 0.024371
28 0.409002 0.760773 0.026562 0.024124
25 0.380532 0.760819 0.029153 0.022783
24 0.355349 0.762344 0.016982 0.023921
26 0.329853 0.762344 0.027457 0.023444