4 0.356897 0.153405 0.039108 0.032487
3 0.394511 0.150235 0.027827 0.025265
3 0.446405 0.150634 0.027234 0.024993
28 0.593038 0.150564 0.025275 0.024470
25 0.636949 0.150278 0.026913 0.023638
8 0.474202 0.150846 0.022142 0.024239
24 0.615312 0.151093 0.014655 0.024642
11 0.748155 0.151252 0.027498 0.024709
34 0.775692 0.151060 0.023062 0.023995
22 0.664722 0.150789 0.022840 0.023204
13 0.527441 0.151042 0.023495 0.023285
7 0.723201 0.151392 0.015958 0.023581
21 0.500569 0.152040 0.024949 0.024248
0 0.847927 0.152200 0.027826 0.024475
3 0.816901 0.152059 0.024916 0.024156
17 0.872622 0.153073 0.016592 0.024757
11 0.414448 0.188950 0.027237 0.025208
12 0.388031 0.188610 0.020085 0.023503
21 0.343772 0.188850 0.024664 0.023706
7 0.367289 0.188290 0.015316 0.022226
34 0.443126 0.189736 0.025022 0.023566
32 0.572181 0.192290 0.028397 0.028075
15 0.710948 0.196318 0.023807 0.035812
11 0.770079 0.191573 0.027736 0.025744
32 0.639714 0.193163 0.030431 0.028732
32 0.483376 0.193411 0.035252 0.029062
35 0.605034 0.190550 0.033134 0.022805
28 0.667734 0.191558 0.023550 0.024333
4 0.835415 0.195228 0.040233 0.031116
34 0.869378 0.192687 0.025756 0.025036
28 0.799750 0.192905 0.025251 0.024531
3 0.349858 0.228069 0.028665 0.024681
4 0.388114 0.230728 0.040600 0.029960
3 0.427530 0.229582 0.029154 0.025812
3 0.480527 0.229929 0.029410 0.025118
29 0.644289 0.230378 0.024329 0.025040
34 0.510446 0.229978 0.025621 0.024102
9 0.453982 0.239056 0.016419 0.041772
15 0.618049 0.235829 0.023905 0.035296
25 0.590817 0.229786 0.026648 0.023083
10 0.533494 0.229890 0.015019 0.022893
32 0.694988 0.232813 0.030352 0.028722
28 0.723774 0.230790 0.023533 0.023980
3 0.751741 0.231292 0.025702 0.024430
3 0.843705 0.232185 0.028504 0.025644
33 0.786163 0.231929 0.041149 0.024326
7 0.817739 0.232039 0.016311 0.024475
28 0.872291 0.232493 0.025355 0.024757
0 0.347010 0.270770 0.030004 0.025771
32 0.425663 0.274411 0.036722 0.030482
4 0.738038 0.275011 0.038721 0.030643
11 0.479565 0.273137 0.029251 0.026680
21 0.378063 0.272510 0.027672 0.025045
11 0.592929 0.273243 0.028105 0.026143
17 0.403739 0.273485 0.015694 0.025511
17 0.454062 0.272870 0.014522 0.023989
3 0.624788 0.273280 0.026894 0.024439
12 0.683708 0.273674 0.021547 0.025168
7 0.568096 0.273353 0.016640 0.024401
14 0.535341 0.273646 0.039975 0.024826
7 0.706376 0.273465 0.017845 0.024404
34 0.869929 0.273953 0.025708 0.025326
36 0.655928 0.273368 0.028508 0.024150
8 0.844159 0.273945 0.023556 0.025078
21 0.774025 0.273778 0.025841 0.024733
17 0.505435 0.273783 0.016407 0.023709
18 0.594872 0.309871 0.026031 0.028729
18 0.758645 0.311822 0.026978 0.027858
28 0.374133 0.311572 0.026411 0.024512
13 0.403143 0.311738 0.023418 0.024743
3 0.541698 0.311960 0.027422 0.024758
22 0.570320 0.311958 0.023204 0.024456
21 0.344417 0.312000 0.026529 0.024338
11 0.626508 0.312448 0.028010 0.024816
15 0.819740 0.320595 0.024331 0.040721
25 0.789470 0.312512 0.029772 0.024526
22 0.514039 0.312459 0.021814 0.024085
7 0.651335 0.312532 0.016197 0.024018
17 0.425135 0.312537 0.015983 0.023964
15 0.676443 0.318366 0.027500 0.035133
10 0.703024 0.313425 0.020713 0.025178
21 0.468419 0.313158 0.026846 0.024542
24 0.444733 0.312709 0.015444 0.023205
25 0.845253 0.313058 0.024452 0.023673
17 0.492546 0.312971 0.015689 0.023386
22 0.870090 0.313481 0.021400 0.024041
21 0.730934 0.314051 0.026555 0.024363
8 0.419806 0.350751 0.023378 0.025462
3 0.556276 0.352335 0.029613 0.026734
25 0.523277 0.351491 0.030251 0.024922
13 0.476747 0.351610 0.022680 0.024846
3 0.675466 0.351971 0.026684 0.025113
15 0.617646 0.356468 0.023932 0.034023
36 0.349323 0.351801 0.029870 0.024646
25 0.645130 0.351411 0.027762 0.023635
24 0.498730 0.352038 0.016656 0.024609
21 0.449258 0.352159 0.026960 0.024704
14 0.711631 0.352443 0.037600 0.024542
34 0.844660 0.352234 0.027715 0.023773
17 0.594657 0.352377 0.016238 0.023891
12 0.819617 0.353526 0.021812 0.025431
11 0.746944 0.353305 0.026896 0.024539
21 0.795041 0.353357 0.024423 0.024586
28 0.795015 0.353295 0.024481 0.024407
16 0.561930 0.396502 0.030604 0.037348
15 0.561802 0.396745 0.030659 0.036563
11 0.457014 0.391697 0.026912 0.025621
11 0.670342 0.391895 0.029138 0.025995
1 0.611180 0.390981 0.027985 0.023947
28 0.427299 0.391677 0.024646 0.025059
22 0.640944 0.391234 0.022035 0.024151
15 0.795861 0.396565 0.022749 0.034497
13 0.819355 0.392037 0.021442 0.025304
32 0.342428 0.394920 0.034421 0.030159
3 0.488335 0.392718 0.029205 0.025646
3 0.374832 0.392636 0.027825 0.025204
28 0.839529 0.392653 0.021890 0.025081
24 0.859721 0.392069 0.014513 0.023598
4 0.732642 0.392666 0.034525 0.024564
28 0.699677 0.392682 0.024337 0.024365
9 0.401530 0.401214 0.017800 0.041128
25 0.832989 0.428921 0.029136 0.025082
11 0.622738 0.428623 0.026113 0.024107
24 0.808991 0.428824 0.017545 0.023644
34 0.783530 0.429270 0.026488 0.024306
15 0.722202 0.434601 0.024125 0.034507
10 0.648607 0.429325 0.019490 0.023755
28 0.595009 0.429466 0.022575 0.023703
28 0.858209 0.429862 0.023909 0.024256
25 0.547867 0.429504 0.027806 0.023519
25 0.475846 0.429747 0.027541 0.023927
10 0.501889 0.430084 0.020309 0.024575
13 0.343606 0.430320 0.026589 0.024978
32 0.410781 0.433144 0.029854 0.030234
22 0.758334 0.429956 0.021959 0.023821
1 0.694332 0.430450 0.027001 0.024756
24 0.669803 0.429909 0.016902 0.023466
24 0.452032 0.429926 0.014801 0.023397
24 0.523978 0.430533 0.016820 0.024265
9 0.572653 0.438039 0.017283 0.039214
17 0.366279 0.431528 0.015716 0.024623
3 0.861239 0.466947 0.028325 0.026136
3 0.578415 0.467064 0.028496 0.025732
11 0.829456 0.467218 0.030088 0.025651
28 0.767622 0.467268 0.025409 0.025056
25 0.797002 0.467116 0.028675 0.024613
3 0.627314 0.467683 0.029230 0.025187
3 0.381736 0.467853 0.028499 0.025461
36 0.452838 0.467740 0.029395 0.024932
4 0.416647 0.467772 0.034263 0.024846
11 0.347926 0.468386 0.029016 0.026037
3 0.547124 0.468042 0.027547 0.025184
7 0.501092 0.467808 0.017748 0.023954
9 0.479225 0.476473 0.017002 0.041195
9 0.743479 0.474344 0.018657 0.036785
24 0.520335 0.467870 0.015822 0.023736
12 0.699109 0.468787 0.020559 0.025448
22 0.721703 0.468237 0.020943 0.024312
28 0.675543 0.468264 0.024320 0.023978
17 0.652987 0.470755 0.015044 0.028671
3 0.678818 0.506349 0.027978 0.025737
15 0.608940 0.510550 0.023786 0.033166
3 0.742661 0.507440 0.028694 0.026232
9 0.514940 0.513394 0.016445 0.038072
14 0.641645 0.506553 0.038476 0.024368
28 0.539435 0.507025 0.025142 0.025260
12 0.565445 0.507510 0.022544 0.026129
9 0.473586 0.514327 0.018539 0.039594
20 0.822363 0.507173 0.028160 0.024684
21 0.773419 0.507494 0.027222 0.025084
1 0.428099 0.507745 0.028218 0.024893
17 0.796644 0.507521 0.014367 0.024344
24 0.716592 0.507997 0.016981 0.025144
24 0.848381 0.507564 0.015391 0.023905
17 0.454049 0.507894 0.016499 0.024400
28 0.893319 0.508499 0.024186 0.025138
34 0.375306 0.508846 0.027368 0.025155
25 0.868105 0.507805 0.023369 0.022927
24 0.401217 0.508448 0.017408 0.024133
1 0.346625 0.509614 0.027629 0.025905
13 0.498638 0.545074 0.024312 0.024198
3 0.874588 0.546067 0.026400 0.025097
28 0.602106 0.546123 0.024130 0.024713
36 0.467048 0.545823 0.028209 0.023673
32 0.574462 0.548729 0.027915 0.029406
3 0.845243 0.546647 0.027267 0.025231
25 0.391166 0.546509 0.029168 0.024579
0 0.796364 0.546936 0.028556 0.025191
17 0.521095 0.546200 0.014927 0.023601
11 0.724804 0.547137 0.027081 0.025085
22 0.420477 0.546671 0.021758 0.024113
13 0.343596 0.547514 0.023541 0.025654
27 0.760241 0.546776 0.038188 0.024131
22 0.642639 0.546511 0.021351 0.023431
17 0.442387 0.546925 0.014807 0.023447
17 0.366754 0.547954 0.014800 0.024896
24 0.665256 0.546875 0.015761 0.022327
35 0.691923 0.547753 0.032107 0.022637
18 0.877506 0.583322 0.024837 0.028608
3 0.596065 0.584201 0.028466 0.024899
16 0.472780 0.590228 0.028594 0.036775
25 0.521442 0.584170 0.029410 0.024579
8 0.623702 0.584265 0.022341 0.024712
22 0.550068 0.584741 0.021813 0.024483
34 0.442339 0.586921 0.025935 0.028759
34 0.791458 0.584435 0.026219 0.023345
3 0.390582 0.585884 0.027922 0.026198
3 0.763322 0.584257 0.025306 0.022867
17 0.571259 0.584597 0.014711 0.023479
9 0.498251 0.591062 0.018832 0.036309
22 0.853546 0.584866 0.021228 0.023642
4 0.351558 0.588747 0.042932 0.031384
17 0.676209 0.584872 0.014164 0.022981
22 0.418787 0.586494 0.021703 0.026059
24 0.739447 0.585169 0.015468 0.023067
24 0.831699 0.585521 0.015970 0.023154
25 0.770621 0.621067 0.028032 0.024365
34 0.728426 0.622787 0.027063 0.025417
22 0.799011 0.621751 0.022720 0.023093
3 0.557031 0.623449 0.027215 0.026275
3 0.587625 0.623091 0.026583 0.025462
3 0.676346 0.623077 0.026438 0.025002
4 0.517861 0.625132 0.038283 0.028688
17 0.821771 0.622617 0.014610 0.023625
34 0.482840 0.623230 0.026744 0.024583
3 0.453445 0.623740 0.027846 0.025052
3 0.401840 0.624107 0.027937 0.025406
15 0.373246 0.628598 0.024305 0.034272
22 0.704016 0.623488 0.021676 0.023803
22 0.649749 0.623403 0.021101 0.023301
25 0.346026 0.623825 0.027891 0.024066
7 0.428181 0.623900 0.016364 0.023858
3 0.841980 0.658395 0.029253 0.026264
8 0.666611 0.659615 0.023354 0.025661
22 0.736670 0.659331 0.021316 0.024250
3 0.469817 0.660351 0.027948 0.026128
32 0.779905 0.661690 0.035311 0.028711
4 0.351362 0.662809 0.042179 0.030683
22 0.712078 0.659437 0.022715 0.023331
25 0.501664 0.660370 0.030216 0.025184
3 0.389470 0.660612 0.028958 0.025638
36 0.637216 0.660101 0.028155 0.024536
20 0.637013 0.660043 0.027778 0.024201
17 0.689798 0.660485 0.015081 0.024616
34 0.438567 0.660590 0.028093 0.024619
22 0.531182 0.659815 0.021609 0.022976
36 0.576344 0.659865 0.027168 0.022868
20 0.575914 0.659897 0.027565 0.022616
8 0.847817 0.696386 0.023580 0.025718
10 0.737260 0.696830 0.022791 0.025982
11 0.638609 0.696604 0.027567 0.025392
3 0.560730 0.696961 0.028062 0.026019
13 0.531611 0.697044 0.023308 0.025123
28 0.668014 0.696802 0.025372 0.024592
14 0.703222 0.697205 0.040270 0.024830
4 0.468859 0.699896 0.037680 0.030194
8 0.588831 0.697022 0.022293 0.024261
34 0.503908 0.697053 0.027416 0.024292
7 0.824076 0.697154 0.018686 0.024294
22 0.777392 0.696449 0.023910 0.022842
24 0.802214 0.696803 0.017702 0.023473
17 0.869990 0.697169 0.015897 0.024045
7 0.612029 0.697171 0.017317 0.023145
11 0.402531 0.698201 0.027080 0.024902
33 0.344367 0.698874 0.041003 0.024456
28 0.432789 0.698773 0.025328 0.024237
7 0.376544 0.698677 0.016784 0.023832
11 0.648370 0.733855 0.027001 0.025178
28 0.676743 0.734146 0.025440 0.025380
34 0.744599 0.733839 0.027298 0.024757
4 0.711152 0.737049 0.038393 0.031060
36 0.564170 0.734387 0.031772 0.025479
12 0.837430 0.734003 0.022628 0.024438
3 0.617443 0.734739 0.027801 0.025755
34 0.530664 0.734751 0.028205 0.025302
22 0.786654 0.734230 0.024862 0.024224
22 0.340640 0.735969 0.023535 0.025695
24 0.591688 0.735270 0.016185 0.024032
34 0.366277 0.735999 0.026965 0.025400
32 0.446000 0.737573 0.031078 0.028312
21 0.501471 0.736124 0.025863 0.024877
34 0.416791 0.736036 0.026202 0.024093
28 0.474117 0.736528 0.023219 0.023790
18 0.745707 0.769226 0.028303 0.028478
4 0.783621 0.772691 0.040489 0.030367
3 0.821074 0.771199 0.028531 0.026243
3 0.683209 0.771080 0.026839 0.024899
4 0.558508 0.775235 0.040875 0.032568
36 0.303991 0.780518 0.038551 0.043081
3 0.714874 0.771195 0.028854 0.024383
34 0.591967 0.771876 0.026547 0.024923
17 0.846005 0.772037 0.014614 0.024106
32 0.652923 0.774760 0.032958 0.029203
11 0.491160 0.775090 0.028792 0.028104
28 0.522088 0.774759 0.026225 0.026733
28 0.366915 0.773667 0.023914 0.024180
32 0.337713 0.776530 0.032526 0.029794
33 0.432201 0.773811 0.040302 0.024064
3 0.395463 0.773708 0.026162 0.023662
7 0.463688 0.773627 0.017433 0.023413