18 0.660643 0.124491 0.029020 0.029180
3 0.542594 0.127973 0.029897 0.028792
22 0.636870 0.126581 0.022837 0.025968
0 0.592667 0.126924 0.028425 0.025754
24 0.567884 0.127704 0.016928 0.026779
18 0.442712 0.130304 0.028533 0.031205
17 0.616649 0.127412 0.014463 0.025080
34 0.501064 0.128689 0.029422 0.025231
5 0.470726 0.133960 0.028355 0.034249
16 0.413395 0.136997 0.030451 0.038151
18 0.274457 0.134227 0.027440 0.030179
11 0.382259 0.132996 0.029419 0.025949
29 0.353129 0.133383 0.024583 0.025204
4 0.321379 0.136564 0.038712 0.031447
15 0.245933 0.143300 0.030744 0.039292
16 0.245531 0.142804 0.029936 0.038198
3 0.213876 0.137456 0.028304 0.025988
11 0.182237 0.138318 0.029295 0.027018
25 0.150254 0.138062 0.030761 0.025697
24 0.125803 0.139369 0.017699 0.025581
18 0.546994 0.168297 0.029463 0.030266
3 0.651454 0.166664 0.028665 0.026364
5 0.576124 0.173090 0.028909 0.035605
34 0.606062 0.168484 0.028260 0.026094
16 0.517970 0.175066 0.031347 0.038630
15 0.518318 0.176052 0.032498 0.040179
3 0.486432 0.170193 0.028230 0.026569
11 0.455840 0.170773 0.029378 0.026091
25 0.424098 0.171406 0.027335 0.023274
0 0.357140 0.173651 0.030478 0.027386
17 0.382864 0.172946 0.015100 0.024610
24 0.400371 0.172429 0.015679 0.023500
18 0.251170 0.176241 0.027678 0.029375
34 0.311264 0.175129 0.030164 0.024872
5 0.279655 0.179225 0.028868 0.032876
3 0.191642 0.177376 0.030114 0.027126
16 0.222688 0.181751 0.029287 0.034864
11 0.159710 0.178271 0.027696 0.025295
32 0.127749 0.181633 0.034609 0.030348
18 0.480842 0.207650 0.028886 0.030734
10 0.660305 0.205734 0.023057 0.026135
11 0.633101 0.206441 0.028535 0.026769
1 0.582152 0.207517 0.031299 0.026135
34 0.530437 0.207751 0.026601 0.026078
18 0.375012 0.210179 0.029080 0.029661
17 0.608319 0.207947 0.015947 0.024727
24 0.555400 0.208754 0.016766 0.024559
9 0.506050 0.216746 0.017028 0.039963
22 0.456437 0.209913 0.025496 0.024767
34 0.428990 0.210054 0.027266 0.024680
22 0.404696 0.211313 0.024025 0.024825
32 0.329997 0.217153 0.031826 0.029104
4 0.272716 0.219055 0.040312 0.032378
10 0.303628 0.215414 0.021543 0.024876
1 0.213884 0.217427 0.029743 0.025528
22 0.132203 0.218017 0.024078 0.024504
24 0.154086 0.218175 0.014608 0.023277
35 0.179818 0.218268 0.034155 0.023055
0 0.657973 0.246995 0.028969 0.024111
13 0.530449 0.249774 0.024989 0.027476
28 0.585320 0.249424 0.027375 0.026245
21 0.556025 0.250437 0.027468 0.026328
34 0.474563 0.250714 0.030203 0.025520
22 0.447468 0.252696 0.024738 0.028647
4 0.299555 0.258580 0.039938 0.032249
35 0.375150 0.255020 0.035744 0.024316
10 0.330612 0.255586 0.019671 0.025355
24 0.349430 0.254907 0.015560 0.023390
3 0.262618 0.256832 0.028104 0.025599
14 0.224391 0.257589 0.040762 0.026905
22 0.189557 0.257773 0.023151 0.025100
28 0.164179 0.258287 0.025203 0.025927
29 0.137157 0.259105 0.026210 0.026401
18 0.496435 0.286901 0.029213 0.028704
28 0.678508 0.287259 0.024600 0.026423
8 0.625664 0.286701 0.022414 0.024983
21 0.651488 0.287716 0.026471 0.026102
7 0.603580 0.288345 0.016667 0.026696
3 0.528382 0.288264 0.028009 0.026522
0 0.559503 0.288098 0.028993 0.026064
9 0.584829 0.293897 0.016834 0.036593
18 0.376962 0.290681 0.028230 0.028164
25 0.465586 0.289453 0.027891 0.024522
29 0.436764 0.290647 0.025728 0.024734
3 0.408690 0.291385 0.028399 0.025593
25 0.345861 0.293225 0.027160 0.025181
0 0.298206 0.295708 0.029287 0.024962
11 0.248226 0.296498 0.027508 0.025660
17 0.272529 0.296745 0.015596 0.024623
32 0.217229 0.299422 0.031817 0.029222
35 0.182561 0.298548 0.030939 0.023745
14 0.638442 0.325442 0.036156 0.024690
7 0.665976 0.325424 0.017148 0.024375
28 0.607692 0.326137 0.023958 0.025512
3 0.548655 0.328480 0.027194 0.025412
16 0.518254 0.334010 0.030351 0.036265
18 0.350805 0.331393 0.027668 0.029552
29 0.488712 0.330809 0.023125 0.026875
32 0.463491 0.332382 0.031439 0.029820
28 0.436463 0.330755 0.024867 0.026165
3 0.381588 0.331491 0.028424 0.026314
22 0.410264 0.330950 0.024049 0.024655
11 0.322186 0.333979 0.026541 0.025934
7 0.296637 0.334200 0.017447 0.024348
21 0.271954 0.334836 0.026301 0.025218
22 0.244796 0.334992 0.022348 0.023431
13 0.135052 0.336347 0.024438 0.024861
21 0.198398 0.336751 0.026622 0.025418
24 0.175885 0.336694 0.015834 0.023444
3 0.642681 0.363116 0.029452 0.025951
3 0.611821 0.363658 0.028479 0.024831
4 0.559506 0.367090 0.037323 0.030800
18 0.494193 0.365424 0.026443 0.027346
3 0.524559 0.365753 0.027865 0.024970
22 0.468050 0.368140 0.022017 0.024449
32 0.439840 0.370869 0.034036 0.029746
11 0.392465 0.369528 0.028539 0.026230
3 0.342398 0.370971 0.029062 0.026103
24 0.367122 0.370809 0.016091 0.024237
9 0.317927 0.375287 0.018263 0.032671
0 0.290783 0.372415 0.029623 0.026262
3 0.260016 0.372854 0.029086 0.026359
3 0.228462 0.374075 0.029043 0.025742
15 0.197005 0.380148 0.030451 0.037480
3 0.138272 0.375724 0.029397 0.025986
8 0.166842 0.375864 0.023470 0.025558
28 0.671880 0.400825 0.025348 0.024315
11 0.644462 0.401179 0.028479 0.024006
4 0.585449 0.405196 0.040606 0.031766
7 0.617658 0.401904 0.017962 0.023472
3 0.547998 0.403286 0.028681 0.025100
10 0.506858 0.403684 0.021879 0.024335
25 0.478330 0.404214 0.030370 0.024435
36 0.447754 0.405590 0.030522 0.024596
28 0.417214 0.406635 0.024549 0.025646
3 0.354816 0.407619 0.029580 0.026294
11 0.387635 0.407493 0.029716 0.025090
4 0.317825 0.411087 0.040406 0.031100
0 0.260104 0.410366 0.032370 0.025689
17 0.286764 0.410648 0.016205 0.024416
32 0.143235 0.415478 0.035832 0.029992
3 0.571754 0.440541 0.030069 0.025107
28 0.542063 0.441229 0.024414 0.025776
25 0.513633 0.441606 0.028264 0.025978
4 0.436126 0.445358 0.042102 0.030879
17 0.466576 0.442952 0.015912 0.024165
0 0.355684 0.446075 0.031119 0.026359
17 0.387423 0.446349 0.026083 0.023821
3 0.300159 0.448189 0.030251 0.025841
14 0.262371 0.449079 0.041037 0.025298
0 0.223748 0.450428 0.030389 0.026242
15 0.157768 0.454095 0.023056 0.029868
24 0.178526 0.452065 0.017440 0.024061
3 0.652349 0.477954 0.028203 0.025557
13 0.605939 0.478615 0.021956 0.025469
25 0.579714 0.479010 0.027966 0.025941
17 0.627473 0.478604 0.015004 0.024942
3 0.475704 0.480208 0.029643 0.025873
34 0.533085 0.479866 0.026885 0.025083
21 0.506424 0.480255 0.025788 0.025770
7 0.556708 0.480636 0.015030 0.024995
24 0.449830 0.481608 0.016957 0.025427
34 0.425330 0.481734 0.028070 0.025544
5 0.396419 0.486423 0.026304 0.033118
27 0.354929 0.483278 0.028687 0.025801
34 0.354299 0.483060 0.027976 0.025137
11 0.324918 0.484224 0.030247 0.026731
3 0.324741 0.484489 0.030145 0.026825
5 0.205297 0.489670 0.029818 0.033877
11 0.265572 0.485897 0.029369 0.026314
8 0.294544 0.485079 0.024009 0.024515
34 0.234849 0.486061 0.026405 0.025217
25 0.178429 0.485856 0.027496 0.023092
28 0.642581 0.518414 0.025671 0.025828
29 0.616887 0.519077 0.025333 0.025690
25 0.587180 0.519268 0.028209 0.024731
0 0.540352 0.520184 0.029603 0.026531
3 0.509594 0.519783 0.027946 0.025265
28 0.481641 0.520657 0.024135 0.024802
1 0.452589 0.520816 0.028279 0.025072
9 0.429560 0.528578 0.015007 0.036868
0 0.388063 0.523341 0.029194 0.026051
9 0.412831 0.529930 0.017107 0.038296
17 0.362977 0.524398 0.015588 0.025807
13 0.340947 0.524424 0.023984 0.025476
11 0.286696 0.524960 0.029216 0.025646
28 0.315888 0.524864 0.024331 0.025218
22 0.257178 0.525650 0.023594 0.025510
28 0.230747 0.526444 0.024318 0.025695
28 0.203840 0.526223 0.026960 0.025206
21 0.203970 0.526354 0.027075 0.025460
28 0.676587 0.557364 0.025076 0.024928
0 0.557494 0.558025 0.028353 0.025942
5 0.625871 0.561291 0.027231 0.032282
7 0.602662 0.558802 0.016485 0.026521
22 0.651802 0.557310 0.022556 0.023341
34 0.526636 0.557881 0.026018 0.024346
9 0.584478 0.567406 0.017403 0.042760
5 0.496608 0.563000 0.030955 0.033297
25 0.469966 0.558764 0.027514 0.024644
3 0.421658 0.560440 0.029178 0.026933
24 0.446312 0.560196 0.015237 0.025140
28 0.378099 0.561815 0.025191 0.024569
21 0.265644 0.563852 0.028226 0.025428
1 0.187639 0.564721 0.029735 0.025620
35 0.298137 0.563687 0.032019 0.023476
25 0.237005 0.564281 0.026706 0.023634
17 0.214733 0.566001 0.016707 0.024262
17 0.612201 0.594967 0.015812 0.024700
13 0.589397 0.595038 0.022407 0.024391
7 0.566596 0.595319 0.016619 0.024140
13 0.505962 0.595754 0.023345 0.024710
3 0.432665 0.596891 0.028253 0.024889
24 0.547683 0.596641 0.015655 0.024078
17 0.529400 0.596710 0.016221 0.024040
25 0.477592 0.596376 0.026750 0.022504
7 0.456703 0.597679 0.014007 0.024213
34 0.389512 0.598278 0.026781 0.025216
21 0.362928 0.599494 0.024828 0.024746
0 0.333179 0.599768 0.029595 0.025279
34 0.274433 0.600686 0.027953 0.025121
28 0.304573 0.600663 0.023923 0.024976
5 0.244757 0.605179 0.026722 0.033329
34 0.201120 0.602177 0.027901 0.024838
27 0.204173 0.602378 0.033546 0.024332
11 0.171946 0.603016 0.028796 0.025373
3 0.171902 0.602942 0.028944 0.025029
3 0.646697 0.631992 0.028676 0.025282
22 0.578553 0.632326 0.024011 0.025908
25 0.549987 0.632048 0.028482 0.024981
10 0.525555 0.632044 0.023163 0.024951
9 0.621890 0.638641 0.017344 0.036869
25 0.497267 0.633061 0.028359 0.025363
17 0.601310 0.633049 0.015712 0.024553
4 0.432215 0.637238 0.038553 0.030417
35 0.469784 0.634995 0.032063 0.023825
28 0.398884 0.636261 0.025664 0.025495
0 0.370567 0.636482 0.027804 0.025418
10 0.343084 0.637195 0.021903 0.025019
3 0.316439 0.637424 0.028120 0.024795
36 0.148671 0.639046 0.031488 0.025366
13 0.177520 0.638405 0.022570 0.023903
32 0.286908 0.640812 0.030556 0.028394
17 0.200222 0.639103 0.015770 0.023675
7 0.262685 0.639123 0.016584 0.023195
33 0.231192 0.639889 0.041950 0.023939
5 0.565496 0.674525 0.027169 0.032255
34 0.594628 0.670942 0.025890 0.025076
7 0.656773 0.670847 0.018052 0.024490
33 0.628554 0.671219 0.038593 0.025076
3 0.538018 0.671497 0.027684 0.025289
3 0.495619 0.671581 0.028870 0.025375
18 0.301880 0.673289 0.025884 0.026990
25 0.420788 0.671774 0.028677 0.023900
22 0.449278 0.671838 0.023180 0.023676
25 0.348749 0.672910 0.027515 0.025345
17 0.470886 0.671967 0.015256 0.023293
22 0.260244 0.674517 0.022323 0.024169
3 0.233652 0.675426 0.027336 0.025902
24 0.326088 0.674367 0.015611 0.023269
34 0.187328 0.676680 0.026564 0.024809
18 0.415160 0.710328 0.029936 0.028399
11 0.508501 0.709621 0.030549 0.026594
3 0.476560 0.709742 0.029416 0.026576
8 0.609957 0.710356 0.024584 0.025460
34 0.583259 0.710285 0.026289 0.025184
28 0.538715 0.710621 0.024563 0.025749
25 0.445288 0.710303 0.027661 0.024718
24 0.561918 0.710838 0.017819 0.025737
7 0.632898 0.710822 0.017951 0.024729
12 0.669131 0.711108 0.021950 0.023766
0 0.347906 0.712964 0.030890 0.025422
24 0.391723 0.712458 0.015881 0.024203
4 0.280337 0.715887 0.038366 0.030901
17 0.373971 0.712798 0.015631 0.024595
3 0.316066 0.713364 0.028418 0.024477
25 0.219576 0.713413 0.027822 0.024518
22 0.247787 0.713240 0.022720 0.023583
21 0.191946 0.715306 0.026091 0.026405
4 0.154780 0.717237 0.039833 0.030137
15 0.586977 0.752425 0.023708 0.035925
34 0.680832 0.746959 0.027226 0.024840
0 0.651736 0.747255 0.028582 0.024630
3 0.541100 0.748563 0.028046 0.026502
13 0.511510 0.748271 0.022967 0.025042
17 0.627293 0.748178 0.015585 0.024388
7 0.608446 0.748333 0.016063 0.024256
3 0.482955 0.748731 0.028664 0.024921
11 0.451442 0.749167 0.028815 0.024825
4 0.379147 0.752835 0.038211 0.031324
0 0.322020 0.753859 0.035421 0.033198
35 0.417708 0.750065 0.034367 0.023963
11 0.279890 0.752361 0.029179 0.025331
17 0.348980 0.752088 0.014946 0.024177
4 0.205253 0.755642 0.039423 0.030752
0 0.152078 0.754594 0.027955 0.026287
35 0.245367 0.753355 0.035591 0.023801
17 0.176398 0.754640 0.015280 0.024386