15 0.392423 0.147422 0.025253 0.038161
4 0.533464 0.144454 0.038384 0.031508
3 0.569893 0.141992 0.028069 0.025929
3 0.496918 0.141967 0.027751 0.025799
2 0.459313 0.147181 0.038322 0.035786
15 0.631553 0.146987 0.023680 0.035023
0 0.602747 0.142057 0.028767 0.024779
25 0.334892 0.141437 0.029272 0.023401
25 0.658689 0.142003 0.027336 0.024460
20 0.421586 0.142186 0.027939 0.024774
22 0.364754 0.141936 0.023003 0.024142
10 0.685367 0.142767 0.020363 0.024043
14 0.716653 0.143436 0.036774 0.024543
25 0.792491 0.143944 0.028392 0.024664
7 0.747320 0.144153 0.017354 0.024749
15 0.845537 0.149983 0.024806 0.035155
24 0.767678 0.144629 0.016333 0.024416
22 0.819197 0.145054 0.021860 0.024686
3 0.873071 0.145990 0.029254 0.025352
4 0.530869 0.184929 0.037149 0.031579
3 0.435786 0.182178 0.028376 0.025914
16 0.468137 0.187450 0.029076 0.036142
0 0.592151 0.182449 0.028695 0.025380
15 0.468288 0.188013 0.029692 0.036491
4 0.644060 0.185191 0.038722 0.030667
28 0.497477 0.182234 0.024761 0.024735
32 0.358383 0.184957 0.030702 0.030153
34 0.563135 0.182216 0.024780 0.024657
2 0.704513 0.189344 0.038114 0.037623
22 0.404639 0.182652 0.024556 0.024174
11 0.741671 0.183815 0.029029 0.026092
17 0.381769 0.183358 0.015205 0.024352
15 0.887688 0.197246 0.025966 0.051626
17 0.615800 0.183625 0.014452 0.024154
3 0.773550 0.184297 0.028374 0.025286
17 0.674969 0.184028 0.015617 0.024407
1 0.806344 0.184791 0.030043 0.025871
8 0.861415 0.184639 0.022653 0.025141
34 0.834632 0.184861 0.026444 0.025156
3 0.361090 0.221563 0.029659 0.026509
25 0.658494 0.221962 0.029379 0.025033
34 0.562402 0.222366 0.025201 0.025623
4 0.529344 0.225125 0.037907 0.031024
3 0.429950 0.222806 0.028337 0.026046
32 0.328838 0.225158 0.035572 0.030109
24 0.635305 0.222482 0.015867 0.024659
0 0.716452 0.222878 0.028645 0.025408
28 0.612615 0.222317 0.023722 0.024275
11 0.748979 0.223400 0.029880 0.026307
34 0.478279 0.222719 0.026745 0.024584
9 0.455228 0.229339 0.015493 0.037595
34 0.841893 0.224224 0.027864 0.026006
3 0.781675 0.224070 0.028490 0.025039
1 0.813175 0.224413 0.028966 0.025268
18 0.392722 0.263301 0.028607 0.029374
8 0.655677 0.263999 0.024657 0.026201
3 0.602760 0.264323 0.028604 0.026289
34 0.515467 0.264354 0.027733 0.026032
4 0.566738 0.264442 0.035206 0.025646
11 0.483428 0.264884 0.030102 0.026390
28 0.683583 0.265210 0.026060 0.026096
11 0.425368 0.265603 0.029963 0.026686
10 0.454000 0.265249 0.021979 0.025169
0 0.333816 0.265391 0.028994 0.025372
8 0.783318 0.265407 0.024948 0.025254
22 0.710484 0.265130 0.023420 0.024117
21 0.363754 0.265715 0.025512 0.024734
17 0.807686 0.265874 0.015620 0.024260
35 0.861045 0.266133 0.033519 0.024132
18 0.506041 0.304585 0.029100 0.028810
3 0.565950 0.305271 0.029071 0.025693
16 0.475603 0.310177 0.028685 0.034667
3 0.444303 0.305643 0.028168 0.025474
15 0.872659 0.311116 0.024750 0.036337
15 0.475685 0.310563 0.028776 0.034804
2 0.340489 0.310533 0.040557 0.034733
29 0.661825 0.310090 0.025654 0.033840
3 0.611747 0.305757 0.028114 0.025071
15 0.661992 0.310936 0.025848 0.035365
2 0.696209 0.311104 0.037927 0.035505
11 0.797206 0.305776 0.029039 0.024360
24 0.849893 0.305815 0.016459 0.024300
28 0.374658 0.305881 0.024606 0.024374
24 0.638481 0.306112 0.016428 0.024789
28 0.826417 0.306008 0.025145 0.024400
28 0.728249 0.305987 0.024340 0.023902
18 0.764670 0.342284 0.031618 0.029021
4 0.610520 0.345561 0.038247 0.031208
34 0.825677 0.342877 0.026958 0.024440
3 0.856367 0.343061 0.028273 0.024715
3 0.573668 0.343447 0.029280 0.025200
2 0.397717 0.348674 0.039053 0.035409
27 0.649924 0.342884 0.037709 0.023760
25 0.732549 0.342841 0.027686 0.023362
32 0.330056 0.346214 0.035463 0.029837
3 0.434946 0.343825 0.029143 0.024679
26 0.703856 0.343409 0.025192 0.023577
5 0.795109 0.347372 0.030684 0.031106
33 0.537758 0.344302 0.036635 0.023062
32 0.465515 0.347185 0.033833 0.028797
7 0.491759 0.344210 0.016423 0.022243
15 0.641521 0.386945 0.024434 0.035971
10 0.844531 0.381851 0.021713 0.025374
1 0.671402 0.381914 0.030743 0.025353
9 0.507862 0.387528 0.024595 0.036489
15 0.507424 0.386162 0.024337 0.033514
25 0.815642 0.381832 0.029525 0.024721
0 0.722615 0.382251 0.029270 0.025538
15 0.585341 0.385789 0.024044 0.032588
28 0.753680 0.382241 0.024928 0.025301
32 0.611604 0.384784 0.034175 0.030336
33 0.339864 0.382298 0.039823 0.025155
25 0.476689 0.382028 0.030240 0.024521
20 0.784369 0.382363 0.028840 0.024442
17 0.697764 0.382741 0.014817 0.024620
28 0.447347 0.383009 0.025144 0.024720
21 0.419675 0.383078 0.026153 0.024508
9 0.562757 0.387680 0.016815 0.033421
7 0.370214 0.383335 0.016294 0.023462
34 0.861621 0.418091 0.027508 0.024861
22 0.835412 0.418861 0.022608 0.024033
3 0.806321 0.419036 0.029262 0.024377
29 0.641894 0.419286 0.025383 0.024758
3 0.724081 0.419621 0.029244 0.024994
3 0.756955 0.419571 0.029105 0.024793
25 0.594505 0.419348 0.029494 0.024186
11 0.692593 0.419514 0.027412 0.024513
3 0.490116 0.419880 0.028312 0.025173
0 0.547260 0.419418 0.028946 0.024241
7 0.667889 0.419751 0.016151 0.023771
3 0.334171 0.420451 0.028031 0.025036
22 0.363556 0.420511 0.023268 0.024975
22 0.518674 0.419892 0.021822 0.023727
17 0.618991 0.419895 0.014830 0.023516
9 0.386917 0.426707 0.016034 0.036401
28 0.459992 0.421156 0.025038 0.025212
17 0.571275 0.420221 0.013983 0.023223
32 0.431813 0.423238 0.029235 0.027533
3 0.634942 0.457206 0.028869 0.025693
22 0.664343 0.456993 0.023475 0.024726
8 0.518237 0.457912 0.023553 0.025901
25 0.565869 0.457570 0.028819 0.024985
28 0.592586 0.458473 0.025198 0.026781
1 0.788231 0.457953 0.028158 0.025082
34 0.886241 0.458110 0.027104 0.025297
25 0.397018 0.457732 0.030752 0.024517
22 0.708254 0.457514 0.022922 0.024014
17 0.686159 0.457793 0.014328 0.024477
3 0.839490 0.458323 0.029044 0.025250
24 0.865634 0.458456 0.016582 0.024906
17 0.542823 0.458594 0.013947 0.024368
24 0.729272 0.458494 0.015617 0.023732
34 0.427967 0.458210 0.026486 0.023139
26 0.542755 0.458420 0.014535 0.023551
21 0.332434 0.459385 0.028036 0.025415
28 0.491075 0.459387 0.025300 0.025221
20 0.365190 0.458806 0.029139 0.023959
17 0.814312 0.458703 0.015097 0.023700
9 0.467460 0.464882 0.016997 0.035636
35 0.755695 0.459129 0.033699 0.022162
18 0.551376 0.495446 0.028843 0.028672
18 0.490696 0.495916 0.027827 0.029222
8 0.403009 0.495670 0.023493 0.025929
3 0.433818 0.496106 0.030232 0.026118
15 0.763630 0.502521 0.025001 0.038782
15 0.645003 0.501023 0.025191 0.035417
3 0.714317 0.496508 0.028805 0.025664
2 0.797864 0.503028 0.041127 0.037929
3 0.584177 0.497190 0.028246 0.026134
8 0.463878 0.496842 0.023342 0.025235
1 0.334140 0.496587 0.027871 0.024709
11 0.615879 0.497324 0.028881 0.026019
32 0.524879 0.499382 0.034671 0.029825
3 0.835724 0.496955 0.028453 0.024762
24 0.741089 0.497024 0.016820 0.024746
17 0.360592 0.497473 0.016108 0.024888
33 0.677176 0.497294 0.039084 0.024099
8 0.500904 0.534135 0.024842 0.027108
3 0.470667 0.534699 0.029508 0.025961
4 0.360737 0.537777 0.041720 0.031094
11 0.438586 0.534789 0.028069 0.024986
15 0.722312 0.541181 0.023964 0.037346
8 0.694906 0.535763 0.023676 0.026409
2 0.787421 0.541004 0.039990 0.036729
0 0.302236 0.537852 0.033733 0.030404
7 0.527211 0.535377 0.018489 0.024485
4 0.855400 0.535733 0.035523 0.024215
9 0.652565 0.541557 0.017682 0.035477
28 0.822260 0.535852 0.025208 0.023831
20 0.750722 0.536188 0.028509 0.024390
7 0.672125 0.536517 0.017287 0.025039
22 0.550588 0.536396 0.022755 0.024548
25 0.628112 0.535547 0.026064 0.022678
24 0.572631 0.536270 0.016007 0.023813
35 0.403524 0.536168 0.035618 0.023379
17 0.328796 0.537160 0.014663 0.025315
35 0.598650 0.536433 0.032712 0.023173
3 0.797522 0.571495 0.029542 0.024688
4 0.689640 0.575241 0.039782 0.031073
25 0.531708 0.571783 0.027331 0.024042
22 0.561127 0.571909 0.023935 0.024188
36 0.608071 0.572699 0.028501 0.025471
3 0.410089 0.572105 0.027151 0.023586
13 0.488121 0.572534 0.022430 0.024420
1 0.440290 0.572481 0.028368 0.024114
0 0.410029 0.572269 0.027632 0.023424
21 0.379980 0.572570 0.025706 0.023783
4 0.762650 0.574720 0.042670 0.028062
17 0.583147 0.572562 0.015072 0.023494
17 0.509301 0.573094 0.014450 0.024492
13 0.636963 0.572736 0.022802 0.023735
7 0.356550 0.572704 0.017877 0.023528
17 0.465444 0.573032 0.015935 0.024099
22 0.333430 0.573093 0.022712 0.023925
21 0.724248 0.573229 0.024655 0.023709
17 0.658764 0.573482 0.015688 0.023931
3 0.833276 0.609315 0.027579 0.024275
11 0.749866 0.610534 0.027441 0.025645
28 0.778205 0.610233 0.024227 0.024924
22 0.804404 0.609651 0.023193 0.023724
32 0.863227 0.611787 0.027466 0.027895
34 0.622244 0.610529 0.026232 0.024149
35 0.892901 0.610273 0.032330 0.023399
11 0.593102 0.611150 0.028196 0.025004
3 0.667354 0.611082 0.027437 0.024736
3 0.336584 0.611160 0.027683 0.024743
11 0.698576 0.611605 0.028705 0.025240
28 0.525269 0.611567 0.027075 0.024985
2 0.489908 0.617668 0.037909 0.037010
8 0.422829 0.611325 0.023126 0.024283
7 0.724778 0.611266 0.017699 0.023889
21 0.365483 0.612070 0.025573 0.024192
20 0.394446 0.611836 0.028017 0.023072
35 0.453672 0.612814 0.031137 0.023054
18 0.688114 0.646205 0.031124 0.028671
34 0.800974 0.647835 0.029073 0.025920
0 0.613045 0.648022 0.028159 0.026002
2 0.341836 0.654350 0.038927 0.038559
11 0.833138 0.648118 0.028899 0.025510
28 0.861311 0.647871 0.023704 0.024931
28 0.747195 0.648558 0.025582 0.026097
22 0.774575 0.648301 0.023742 0.025160
12 0.558531 0.648489 0.021844 0.025408
28 0.376957 0.648371 0.023077 0.024450
22 0.660466 0.648280 0.023243 0.024228
34 0.518393 0.648383 0.028652 0.023870
32 0.719857 0.650453 0.027185 0.028010
28 0.583899 0.648696 0.024869 0.024390
17 0.637599 0.648566 0.015081 0.024114
11 0.443245 0.648850 0.027145 0.024568
28 0.472200 0.649061 0.024722 0.024317
24 0.495146 0.649178 0.016898 0.023449
3 0.570577 0.683822 0.029292 0.025015
4 0.681688 0.686645 0.037648 0.029946
11 0.603004 0.684277 0.027576 0.025033
34 0.715387 0.684305 0.025435 0.024537
11 0.401430 0.684616 0.028718 0.025040
34 0.631538 0.684176 0.026236 0.023730
25 0.518111 0.684269 0.029736 0.023681
3 0.837027 0.684449 0.028434 0.023835
34 0.371598 0.684445 0.024211 0.023690
4 0.751513 0.687149 0.039794 0.028931
17 0.544684 0.684834 0.014949 0.023265
32 0.451739 0.687390 0.029651 0.028131
21 0.806196 0.685273 0.026562 0.022599
24 0.493958 0.685464 0.016411 0.022746
17 0.781938 0.685846 0.015329 0.022757
3 0.834421 0.720118 0.028638 0.024729
3 0.591371 0.720991 0.030417 0.026191
32 0.802780 0.723198 0.032615 0.029605
28 0.645738 0.720595 0.024478 0.024218
24 0.694108 0.720310 0.016139 0.023218
22 0.671592 0.720452 0.022989 0.023366
21 0.754402 0.721116 0.026295 0.024431
12 0.619967 0.721602 0.021314 0.025288
35 0.720873 0.720878 0.035512 0.023233
11 0.505503 0.721897 0.027846 0.024755
17 0.778561 0.721845 0.014887 0.024424
28 0.476229 0.722501 0.025087 0.024021
25 0.335711 0.722479 0.028465 0.023165
3 0.367116 0.723094 0.027516 0.024158
35 0.539159 0.722785 0.035177 0.023261
12 0.450126 0.723637 0.020207 0.024684
24 0.393001 0.723260 0.016676 0.022583
35 0.420400 0.723679 0.035724 0.021199
3 0.714696 0.759898 0.030400 0.026455
25 0.338662 0.759958 0.029699 0.025614
13 0.683857 0.760027 0.022298 0.025619
3 0.655326 0.760357 0.029405 0.026271
8 0.743315 0.759638 0.021129 0.024653
11 0.621949 0.760674 0.028294 0.026194
3 0.621998 0.760781 0.028556 0.026292
17 0.393391 0.760134 0.016785 0.024580
4 0.544468 0.764443 0.040789 0.032633
22 0.370068 0.760282 0.023663 0.023841
3 0.786609 0.760717 0.024957 0.024068
7 0.764660 0.760163 0.015125 0.022878
35 0.585437 0.761744 0.036550 0.024847
14 0.844468 0.761297 0.032764 0.023093
28 0.813774 0.761363 0.022687 0.022320