18 0.405734 0.145556 0.028905 0.030255
10 0.648126 0.146414 0.021063 0.025734
4 0.615888 0.149764 0.042101 0.032316
4 0.446245 0.150054 0.041839 0.031968
16 0.577799 0.152526 0.028639 0.036590
11 0.374879 0.147785 0.029007 0.026705
10 0.480504 0.147826 0.022720 0.025828
3 0.341906 0.148327 0.029172 0.025523
24 0.503525 0.148164 0.016634 0.025062
32 0.547457 0.150609 0.031708 0.029883
27 0.205062 0.148946 0.043591 0.025615
32 0.310212 0.151607 0.033085 0.030928
36 0.277849 0.149137 0.030163 0.025967
3 0.243846 0.148961 0.028775 0.025426
9 0.522957 0.155238 0.015259 0.037860
34 0.196777 0.149174 0.026231 0.025310
25 0.165023 0.149327 0.031550 0.024739
24 0.138955 0.150454 0.017341 0.024509
18 0.480192 0.187308 0.029932 0.029099
0 0.629367 0.187880 0.027893 0.024517
7 0.671234 0.188178 0.016740 0.025087
25 0.567465 0.188214 0.028097 0.024784
9 0.653532 0.194397 0.015831 0.036976
0 0.448194 0.188802 0.029936 0.025614
34 0.396088 0.188519 0.026373 0.024851
3 0.598071 0.188381 0.027824 0.024456
21 0.539698 0.188691 0.025732 0.024876
3 0.342983 0.189194 0.028725 0.025766
8 0.511405 0.188587 0.024514 0.024430
3 0.310852 0.189602 0.029744 0.025805
22 0.511378 0.189097 0.024002 0.024666
25 0.276660 0.189212 0.030542 0.024682
22 0.371639 0.189193 0.023260 0.024273
24 0.420394 0.188853 0.017148 0.023355
11 0.244998 0.190340 0.028822 0.025409
21 0.162236 0.190517 0.028860 0.025066
28 0.190006 0.190860 0.024515 0.024814
22 0.216067 0.190418 0.022474 0.023553
18 0.518377 0.227084 0.029879 0.029336
3 0.666946 0.228759 0.030014 0.025346
0 0.550502 0.229143 0.028873 0.025956
36 0.633987 0.228862 0.028803 0.024552
3 0.404636 0.229519 0.028144 0.025811
17 0.608754 0.229012 0.016582 0.024552
21 0.489019 0.229565 0.026214 0.025095
1 0.437201 0.230011 0.030431 0.025533
21 0.374068 0.229690 0.027096 0.024853
7 0.349556 0.229930 0.017439 0.025015
3 0.296879 0.229978 0.028799 0.025055
22 0.327062 0.230328 0.023542 0.024419
17 0.465041 0.230075 0.015968 0.023895
29 0.145770 0.231670 0.025412 0.026742
11 0.209095 0.230913 0.028433 0.024845
25 0.175505 0.230462 0.029560 0.023539
36 0.262212 0.231443 0.030193 0.023996
17 0.235288 0.231290 0.015553 0.023592
17 0.675036 0.270034 0.018880 0.025160
13 0.657764 0.269746 0.022579 0.024524
25 0.435148 0.270717 0.029635 0.026032
28 0.631078 0.270866 0.026695 0.025694
4 0.371449 0.273834 0.040373 0.030925
10 0.465902 0.271268 0.021632 0.025008
1 0.600172 0.271321 0.027508 0.024936
3 0.568648 0.271309 0.027709 0.024907
10 0.335881 0.271660 0.022907 0.025305
15 0.229174 0.276804 0.024242 0.034991
25 0.307283 0.271736 0.029874 0.024807
8 0.200778 0.271734 0.024101 0.024698
21 0.406881 0.271657 0.025292 0.024446
28 0.537885 0.271663 0.026493 0.024352
28 0.172704 0.272372 0.026076 0.025431
22 0.491865 0.271843 0.023957 0.024092
32 0.257230 0.274949 0.033540 0.030134
7 0.515668 0.271683 0.016364 0.023519
7 0.281924 0.272382 0.016873 0.023981
32 0.141549 0.276215 0.033297 0.030128
3 0.106682 0.275060 0.031483 0.027623
18 0.681873 0.308635 0.025999 0.029802
22 0.639388 0.310332 0.022758 0.025668
13 0.465422 0.310409 0.025660 0.025727
14 0.407589 0.310624 0.038615 0.025758
24 0.661101 0.310206 0.016278 0.024881
5 0.544450 0.314567 0.028218 0.033031
28 0.571633 0.310548 0.023584 0.024881
7 0.440949 0.310706 0.017257 0.024211
28 0.373232 0.311013 0.025608 0.024591
11 0.342721 0.311403 0.027565 0.025316
3 0.206647 0.311562 0.029297 0.025428
28 0.175035 0.311426 0.026174 0.024830
28 0.311573 0.311734 0.026379 0.025241
24 0.595600 0.310935 0.017394 0.023524
17 0.487806 0.311599 0.015528 0.024639
0 0.260185 0.311797 0.028760 0.024633
8 0.144358 0.311863 0.023918 0.024746
24 0.286392 0.311861 0.017174 0.024122
24 0.233906 0.312049 0.017595 0.024026
18 0.440092 0.348572 0.029110 0.029013
25 0.228875 0.349451 0.030828 0.025323
4 0.405027 0.353307 0.038812 0.031530
0 0.567071 0.350588 0.029682 0.025971
34 0.261712 0.350248 0.028790 0.024995
14 0.510416 0.350673 0.037024 0.025482
11 0.475078 0.350612 0.028773 0.025140
28 0.597149 0.350923 0.025684 0.025220
1 0.626889 0.351037 0.028918 0.025433
22 0.113988 0.352972 0.027029 0.029044
0 0.350204 0.350868 0.028923 0.024573
3 0.658300 0.351603 0.028139 0.025829
7 0.541318 0.350855 0.016855 0.023975
13 0.287404 0.351109 0.017613 0.024401
24 0.202830 0.351205 0.016983 0.023907
35 0.171422 0.351428 0.036105 0.023492
24 0.141122 0.351664 0.019315 0.023703
25 0.436505 0.388546 0.028054 0.024290
11 0.469836 0.389336 0.029604 0.025551
34 0.500576 0.389216 0.027340 0.024609
34 0.359867 0.389519 0.027887 0.024918
9 0.176573 0.397711 0.017431 0.041222
11 0.226058 0.389850 0.028936 0.025425
0 0.148480 0.390371 0.029865 0.026047
11 0.328795 0.390213 0.029304 0.025625
26 0.117035 0.390989 0.030767 0.027156
2 0.629525 0.394470 0.037974 0.033570
7 0.299700 0.389960 0.018300 0.024278
7 0.253641 0.389795 0.016733 0.023675
7 0.197737 0.390147 0.017950 0.024300
34 0.574268 0.390764 0.026134 0.025498
24 0.277080 0.390271 0.018978 0.024344
5 0.545203 0.394991 0.028794 0.033605
11 0.665792 0.391934 0.028899 0.026353
8 0.457283 0.428260 0.023652 0.025373
1 0.344504 0.428922 0.029192 0.025751
29 0.259292 0.428954 0.026004 0.025652
16 0.510895 0.434900 0.029594 0.037499
4 0.110660 0.429252 0.037317 0.025807
20 0.426228 0.429171 0.030217 0.024980
21 0.394125 0.429246 0.026997 0.024893
7 0.483642 0.429494 0.017873 0.025272
28 0.231204 0.429010 0.024814 0.023880
17 0.370358 0.429189 0.015237 0.024105
22 0.313342 0.429061 0.023434 0.023489
21 0.286719 0.429275 0.025239 0.023614
8 0.561446 0.429875 0.022647 0.024748
34 0.587055 0.430000 0.025059 0.024965
10 0.538204 0.429909 0.019488 0.024511
1 0.148988 0.429713 0.029956 0.023526
0 0.616549 0.430638 0.027993 0.025325
32 0.201524 0.432410 0.032169 0.028673
17 0.640455 0.433660 0.016531 0.030390
0 0.199065 0.466444 0.029923 0.025817
25 0.318445 0.466053 0.029952 0.024752
4 0.441719 0.469542 0.039569 0.031142
8 0.505436 0.466371 0.023948 0.024438
28 0.406098 0.467106 0.025574 0.025771
10 0.346598 0.466317 0.020757 0.023992
34 0.477398 0.466710 0.027091 0.024252
11 0.375587 0.467013 0.028907 0.024810
21 0.270371 0.467043 0.026783 0.024418
7 0.294968 0.466723 0.017139 0.023487
34 0.146942 0.467143 0.027338 0.024100
24 0.172568 0.467208 0.016436 0.024055
32 0.533427 0.467631 0.025383 0.024527
22 0.118628 0.468314 0.023241 0.025884
13 0.559256 0.467687 0.022016 0.024507
24 0.245980 0.466924 0.016465 0.022920
21 0.533136 0.467682 0.026047 0.024337
32 0.583647 0.470679 0.034704 0.030246
17 0.224977 0.467601 0.015753 0.023980
10 0.637739 0.468826 0.020919 0.024833
25 0.610679 0.468654 0.027684 0.023783
3 0.666083 0.469807 0.029079 0.025636
4 0.505996 0.509182 0.042950 0.034127
3 0.357600 0.505524 0.028440 0.025634
28 0.609619 0.507034 0.026105 0.028529
25 0.323719 0.505410 0.028795 0.025160
3 0.640653 0.506141 0.028767 0.026401
28 0.234387 0.505545 0.026030 0.025129
26 0.120862 0.506255 0.029312 0.026374
17 0.539863 0.506222 0.017857 0.025798
3 0.293381 0.505922 0.026892 0.025065
25 0.580964 0.506415 0.031008 0.025571
8 0.206262 0.505864 0.022499 0.024408
24 0.383943 0.506015 0.016252 0.024464
22 0.262859 0.505891 0.023145 0.024143
3 0.150666 0.506375 0.027830 0.024898
11 0.447679 0.506392 0.027793 0.024324
35 0.412242 0.507031 0.035072 0.023643
8 0.340641 0.545047 0.023271 0.025216
25 0.498662 0.545236 0.030358 0.025460
10 0.302093 0.545463 0.022585 0.025878
14 0.268392 0.545577 0.039036 0.025430
28 0.233108 0.545896 0.025777 0.025578
3 0.532686 0.545909 0.027537 0.025569
25 0.576408 0.545771 0.029925 0.025140
0 0.414632 0.545657 0.029091 0.023801
28 0.466700 0.545799 0.025472 0.023825
24 0.386482 0.546256 0.016966 0.024726
7 0.365115 0.545695 0.017456 0.023546
34 0.608475 0.546463 0.027132 0.024936
27 0.692405 0.547388 0.044331 0.026682
11 0.654124 0.547050 0.027154 0.025479
24 0.441518 0.546497 0.017012 0.023578
7 0.177360 0.547546 0.018394 0.023240
3 0.526313 0.583706 0.028875 0.026310
25 0.558095 0.583465 0.028352 0.025190
3 0.589716 0.584158 0.027707 0.026498
13 0.395224 0.583587 0.027641 0.025221
15 0.249973 0.590776 0.026151 0.039369
8 0.341856 0.584144 0.022813 0.025440
3 0.312359 0.584661 0.028925 0.026345
29 0.280504 0.584528 0.027737 0.025985
3 0.166546 0.584623 0.029774 0.025851
25 0.619771 0.584322 0.028065 0.025195
28 0.476314 0.584376 0.024813 0.024797
21 0.370549 0.584283 0.026688 0.024461
32 0.446002 0.586706 0.034516 0.029135
28 0.198162 0.585125 0.027034 0.025689
17 0.421411 0.585560 0.016536 0.026328
17 0.224903 0.585458 0.015880 0.025114
35 0.650647 0.586242 0.038164 0.025561
25 0.263477 0.622685 0.029204 0.026425
3 0.316080 0.623448 0.029450 0.026890
13 0.493367 0.622904 0.023201 0.025541
3 0.522076 0.623682 0.028938 0.026949
11 0.349080 0.623240 0.028585 0.026057
8 0.437243 0.623781 0.024594 0.026544
32 0.191632 0.624939 0.034055 0.028331
21 0.465775 0.623746 0.027154 0.025749
5 0.553687 0.627524 0.028838 0.032829
34 0.584331 0.624169 0.028752 0.025833
24 0.236628 0.623039 0.016149 0.023498
9 0.217670 0.626229 0.014675 0.029669
25 0.616512 0.624367 0.029600 0.025276
17 0.375151 0.624020 0.015930 0.024482
22 0.645683 0.625023 0.023714 0.024917
17 0.668244 0.625164 0.016535 0.024969
26 0.408141 0.625354 0.027986 0.024000
18 0.270725 0.658904 0.028457 0.029159
25 0.303347 0.660380 0.029415 0.025342
34 0.439013 0.661033 0.028706 0.025984
32 0.243350 0.663546 0.034130 0.030663
21 0.357187 0.661347 0.028075 0.026060
5 0.407631 0.665412 0.028995 0.034151
7 0.384104 0.661909 0.019175 0.025760
7 0.331757 0.661446 0.018603 0.024715
33 0.526567 0.661905 0.038298 0.025218
25 0.603177 0.661938 0.030354 0.025236
22 0.634102 0.662654 0.023541 0.026591
7 0.556792 0.662117 0.017845 0.024478
24 0.578780 0.662321 0.015337 0.024749
17 0.657058 0.663906 0.015642 0.025277
34 0.236153 0.697819 0.028683 0.025809
3 0.174342 0.698561 0.028706 0.025808
21 0.205865 0.698855 0.027742 0.026230
3 0.327598 0.698834 0.028747 0.025960
3 0.361606 0.699008 0.028880 0.026201
36 0.270689 0.699190 0.031386 0.025921
3 0.571863 0.699271 0.027984 0.026054
25 0.393075 0.698544 0.028673 0.024077
3 0.495601 0.699121 0.028472 0.025230
14 0.533906 0.699260 0.039481 0.025174
22 0.424419 0.699304 0.024205 0.024796
9 0.468850 0.707080 0.018408 0.039776
24 0.299971 0.699643 0.018735 0.024510
24 0.598588 0.700050 0.018156 0.024977
11 0.625362 0.700459 0.028277 0.025535
17 0.448404 0.699863 0.017282 0.024187
28 0.654556 0.701028 0.025290 0.025875
4 0.161851 0.738780 0.040632 0.031593
8 0.327228 0.736342 0.024384 0.026349
11 0.382988 0.736432 0.027896 0.025953
34 0.281907 0.736468 0.027496 0.025972
3 0.201039 0.736533 0.029040 0.025886
0 0.511792 0.737194 0.029676 0.026253
25 0.249094 0.736304 0.031442 0.024335
7 0.354701 0.736777 0.018189 0.024840
3 0.564001 0.737622 0.027893 0.025978
9 0.538757 0.744356 0.017013 0.039266
4 0.632597 0.740683 0.039581 0.031727
10 0.483100 0.737280 0.021374 0.024843
28 0.413667 0.737959 0.026069 0.026186
3 0.595401 0.738054 0.028078 0.026227
14 0.450081 0.737410 0.038503 0.024268
3 0.670007 0.739295 0.029798 0.026432
3 0.301003 0.774849 0.029342 0.027069
34 0.232242 0.774378 0.028370 0.025868
3 0.388814 0.775107 0.029110 0.027054
29 0.452060 0.774792 0.027814 0.026392
3 0.515946 0.775081 0.028979 0.026942
25 0.482054 0.774170 0.028562 0.024981
9 0.207253 0.782368 0.017796 0.041356
28 0.182432 0.774827 0.026212 0.026088
32 0.151710 0.777405 0.034785 0.030412
24 0.273633 0.774885 0.016815 0.024854
26 0.422272 0.775674 0.027687 0.025649
34 0.578253 0.775826 0.027752 0.025530
11 0.548599 0.776028 0.029282 0.025901
10 0.685910 0.777204 0.022845 0.027523
27 0.589046 0.776268 0.045207 0.025380
22 0.661934 0.776762 0.024319 0.025757