25 0.517785 0.153361 0.030248 0.025513
4 0.601486 0.156615 0.039235 0.031300
2 0.666128 0.159973 0.036749 0.037324
22 0.548469 0.153478 0.023391 0.024000
4 0.369313 0.157212 0.040017 0.031454
11 0.407113 0.154557 0.028757 0.025426
17 0.570864 0.154108 0.015327 0.024484
10 0.491535 0.154601 0.022131 0.025200
13 0.303431 0.154713 0.023175 0.024637
3 0.332313 0.155190 0.027938 0.025491
17 0.432114 0.154593 0.014667 0.023923
3 0.274812 0.155108 0.027658 0.024905
4 0.170604 0.158598 0.035009 0.031732
11 0.243612 0.155495 0.027799 0.025332
33 0.459509 0.154984 0.038050 0.024160
0 0.115498 0.159536 0.035091 0.033066
35 0.208510 0.156168 0.035066 0.023636
4 0.488734 0.196777 0.039894 0.032323
34 0.417668 0.193218 0.028415 0.024986
3 0.450372 0.193573 0.029219 0.025350
11 0.580934 0.193650 0.028730 0.025496
32 0.632783 0.196376 0.031294 0.030682
36 0.546140 0.193878 0.030680 0.024990
3 0.356910 0.194004 0.029428 0.024768
7 0.609331 0.195445 0.018511 0.027106
17 0.520136 0.193986 0.015471 0.024161
5 0.386874 0.198011 0.028277 0.031984
25 0.279276 0.194577 0.030185 0.024978
34 0.248606 0.195201 0.027671 0.025031
17 0.331184 0.194766 0.014900 0.023690
22 0.308769 0.195205 0.023575 0.024421
25 0.217062 0.195500 0.029788 0.024490
32 0.147164 0.198717 0.034755 0.028352
25 0.573578 0.233302 0.029825 0.024690
15 0.525462 0.240527 0.025114 0.038386
4 0.644885 0.237025 0.038858 0.031318
37 0.460437 0.234989 0.033275 0.026755
25 0.168654 0.234447 0.029852 0.025316
3 0.607484 0.235038 0.028568 0.026362
3 0.680942 0.235369 0.028043 0.026566
25 0.328760 0.234924 0.031177 0.025370
3 0.425258 0.234989 0.027935 0.025304
0 0.496152 0.235198 0.029723 0.025630
24 0.548781 0.234883 0.016521 0.024619
11 0.254065 0.235876 0.028687 0.026366
3 0.220888 0.235600 0.027766 0.025537
10 0.282830 0.235879 0.022181 0.026064
22 0.357833 0.235326 0.023393 0.024240
17 0.195021 0.235999 0.015218 0.024787
24 0.304016 0.236216 0.016204 0.025084
17 0.380462 0.235739 0.015398 0.024090
18 0.405382 0.274482 0.029255 0.029231
21 0.639843 0.276776 0.027029 0.025227
36 0.562847 0.276723 0.032032 0.025090
13 0.358494 0.277156 0.024049 0.025523
11 0.505422 0.277217 0.028651 0.025520
14 0.444918 0.277044 0.040720 0.025073
22 0.595014 0.276615 0.023285 0.024178
10 0.532945 0.277048 0.020680 0.024597
9 0.315561 0.284555 0.016994 0.039335
7 0.477793 0.276960 0.016775 0.023401
0 0.289586 0.277890 0.029221 0.025211
1 0.235578 0.277827 0.028893 0.024881
17 0.617038 0.277426 0.014620 0.023827
22 0.147996 0.277816 0.023097 0.024548
17 0.262240 0.278033 0.015861 0.024938
24 0.172902 0.277619 0.017477 0.023480
35 0.201070 0.278629 0.035310 0.024095
11 0.531613 0.316073 0.028595 0.026069
3 0.499288 0.315975 0.029958 0.025119
11 0.151562 0.316073 0.029637 0.025065
34 0.604555 0.316097 0.027640 0.025111
34 0.653101 0.315889 0.024849 0.024483
11 0.270572 0.316588 0.028352 0.025822
3 0.239296 0.316380 0.028387 0.025399
11 0.396895 0.316214 0.028124 0.024986
36 0.447772 0.316251 0.030341 0.024392
36 0.205052 0.316541 0.030571 0.024810
17 0.177766 0.316433 0.015009 0.024312
17 0.421824 0.316423 0.014889 0.024260
22 0.579129 0.316598 0.022218 0.024381
22 0.318593 0.316688 0.021312 0.023603
17 0.341276 0.316435 0.015329 0.023094
7 0.296826 0.316843 0.017722 0.023605
18 0.336567 0.355049 0.031128 0.029590
18 0.544061 0.355010 0.028607 0.027548
8 0.642642 0.355401 0.024497 0.026631
34 0.669538 0.355359 0.026187 0.026539
4 0.432561 0.358260 0.038802 0.031310
8 0.147516 0.355495 0.026135 0.025673
5 0.366649 0.359113 0.028935 0.032713
3 0.258732 0.355590 0.029279 0.025553
11 0.226475 0.355784 0.028155 0.025535
13 0.288026 0.355998 0.024664 0.025814
28 0.195933 0.355602 0.025638 0.024862
34 0.395608 0.355729 0.027215 0.024708
3 0.487988 0.356184 0.027112 0.025296
17 0.173132 0.357125 0.015490 0.026744
21 0.572161 0.356181 0.025998 0.024363
9 0.311890 0.361549 0.017086 0.034974
32 0.518511 0.359111 0.031155 0.030034
17 0.463324 0.356358 0.015944 0.023940
35 0.603696 0.356660 0.033602 0.023882
25 0.469648 0.394102 0.029185 0.025071
25 0.393935 0.394301 0.030451 0.024902
13 0.423159 0.394676 0.024316 0.025035
25 0.307161 0.394882 0.030390 0.025390
28 0.671611 0.394656 0.023061 0.024896
36 0.547872 0.395013 0.029473 0.025037
13 0.202406 0.394541 0.024763 0.024059
22 0.500142 0.395208 0.023991 0.025121
3 0.342096 0.395347 0.029127 0.025322
13 0.577246 0.395057 0.024469 0.024713
21 0.148218 0.395526 0.028490 0.025283
32 0.249308 0.398038 0.031872 0.030288
28 0.176804 0.395444 0.024565 0.024303
5 0.647758 0.398590 0.025212 0.030409
17 0.522581 0.395719 0.015891 0.024516
24 0.369038 0.395693 0.016355 0.024445
28 0.278572 0.396111 0.024735 0.024983
17 0.445347 0.395344 0.014891 0.023322
17 0.598510 0.396441 0.014606 0.024593
32 0.621001 0.398399 0.029414 0.028452
37 0.151518 0.432074 0.035290 0.029164
34 0.540180 0.432738 0.026527 0.025911
5 0.509820 0.436501 0.029138 0.032666
2 0.443696 0.439016 0.037771 0.037086
0 0.187372 0.433411 0.030047 0.025562
3 0.480356 0.434258 0.028377 0.027022
3 0.591364 0.434086 0.028421 0.026619
9 0.214482 0.440153 0.017426 0.038272
34 0.649596 0.433498 0.028570 0.024917
24 0.565057 0.433963 0.016883 0.025374
34 0.285617 0.433842 0.027807 0.024308
28 0.409073 0.433994 0.025573 0.024496
7 0.340723 0.434037 0.017741 0.024547
21 0.315424 0.434208 0.026028 0.024679
33 0.372907 0.434297 0.041385 0.024761
32 0.259965 0.436697 0.032650 0.029002
5 0.621104 0.438438 0.028853 0.032232
7 0.234914 0.434086 0.016496 0.023378
15 0.686275 0.476087 0.024499 0.036438
22 0.661869 0.471173 0.022981 0.025995
3 0.539410 0.471422 0.029554 0.025769
0 0.573026 0.471569 0.029590 0.026018
34 0.271085 0.471455 0.028250 0.025551
3 0.480746 0.471850 0.028227 0.025354
13 0.509024 0.472077 0.024200 0.025169
4 0.373814 0.474528 0.039739 0.029759
28 0.177471 0.472073 0.023979 0.024545
9 0.599594 0.477435 0.015324 0.035207
12 0.639133 0.472323 0.021233 0.024935
3 0.448745 0.471923 0.027717 0.024041
22 0.244887 0.472024 0.023743 0.023928
9 0.201725 0.480329 0.015919 0.039593
17 0.618790 0.472572 0.015515 0.023928
32 0.147856 0.475064 0.035058 0.028775
17 0.221208 0.472688 0.015896 0.023855
35 0.413910 0.472589 0.035263 0.023230
17 0.344257 0.474961 0.015397 0.027299
18 0.434831 0.509210 0.029916 0.028284
25 0.153981 0.510056 0.031902 0.025825
27 0.236829 0.510307 0.045210 0.025716
34 0.228353 0.510220 0.028846 0.025337
33 0.316376 0.510688 0.041500 0.025483
36 0.278228 0.510323 0.029650 0.024736
9 0.204670 0.517661 0.017616 0.039080
10 0.494634 0.511353 0.021376 0.026385
7 0.184127 0.510804 0.017488 0.025021
1 0.562668 0.511298 0.031383 0.025660
7 0.349643 0.510719 0.018616 0.024367
32 0.468514 0.513830 0.033198 0.030322
5 0.405034 0.514692 0.027156 0.031720
11 0.614845 0.512096 0.029614 0.026159
10 0.643404 0.512172 0.024986 0.026104
26 0.376600 0.511844 0.026337 0.025187
34 0.494539 0.549870 0.026961 0.026160
22 0.205175 0.549593 0.025310 0.025072
34 0.662896 0.550761 0.027940 0.026762
25 0.172036 0.549537 0.031799 0.024102
27 0.503249 0.550034 0.045793 0.025031
29 0.570896 0.550719 0.026455 0.026344
2 0.427149 0.555781 0.040320 0.036428
3 0.601475 0.550622 0.028911 0.026038
3 0.273569 0.550492 0.029474 0.025571
11 0.465286 0.550253 0.028461 0.024779
3 0.541214 0.550703 0.028493 0.025302
11 0.633065 0.551132 0.029877 0.026088
7 0.327256 0.550136 0.017639 0.023746
10 0.372549 0.550640 0.022422 0.024690
22 0.303486 0.550225 0.023724 0.023828
24 0.145087 0.550223 0.018013 0.023817
24 0.394356 0.550164 0.015906 0.023534
24 0.348926 0.550666 0.018203 0.024478
0 0.244804 0.587583 0.029600 0.024960
3 0.156429 0.587735 0.030866 0.025161
11 0.190473 0.587714 0.029545 0.024833
4 0.372772 0.590700 0.040197 0.030658
7 0.217840 0.587884 0.017442 0.024294
3 0.409955 0.588405 0.028541 0.024704
24 0.290982 0.588852 0.017391 0.024768
28 0.336245 0.588468 0.025135 0.023989
17 0.271781 0.588452 0.015810 0.023906
11 0.441682 0.589174 0.028533 0.025170
9 0.312169 0.594615 0.015330 0.035443
3 0.572866 0.589700 0.027461 0.024954
3 0.475005 0.589781 0.029486 0.024774
11 0.603318 0.590081 0.028562 0.025233
32 0.540977 0.591922 0.032906 0.028806
13 0.649684 0.589661 0.023557 0.024203
17 0.671627 0.590369 0.016359 0.024604
36 0.508302 0.590279 0.029845 0.024407
17 0.628633 0.590346 0.015262 0.023806
11 0.219909 0.626142 0.029219 0.024791
28 0.250593 0.626822 0.025853 0.025640
34 0.296095 0.626611 0.026982 0.024930
33 0.159205 0.626322 0.041517 0.024334
7 0.191170 0.626319 0.018203 0.024150
1 0.375771 0.626664 0.032115 0.024756
34 0.455839 0.626766 0.027945 0.024319
25 0.426580 0.626689 0.029069 0.023803
24 0.273332 0.626530 0.015532 0.023250
25 0.505901 0.627259 0.030930 0.024560
3 0.636032 0.627752 0.029422 0.025356
2 0.599218 0.631398 0.038601 0.032296
5 0.665386 0.631398 0.026507 0.032200
34 0.692590 0.628319 0.027522 0.025787
17 0.532887 0.627310 0.016117 0.023433
24 0.481794 0.627433 0.016253 0.023453
26 0.341947 0.628094 0.027170 0.024423
9 0.204576 0.662398 0.023758 0.025518
25 0.173821 0.662201 0.029736 0.023882
25 0.254105 0.662348 0.029417 0.023779
22 0.285061 0.663263 0.024377 0.024908
36 0.335195 0.663788 0.030911 0.025044
25 0.500334 0.663432 0.028119 0.023863
17 0.229631 0.663321 0.016196 0.023634
13 0.366199 0.663918 0.025411 0.024815
24 0.148989 0.663300 0.017437 0.023300
7 0.552649 0.663840 0.017445 0.024109
17 0.308746 0.663567 0.016285 0.023179
33 0.423482 0.664463 0.042659 0.024518
11 0.578038 0.664690 0.028709 0.024752
22 0.529294 0.664326 0.023158 0.023710
9 0.476778 0.670597 0.017606 0.035590
3 0.609829 0.665193 0.028478 0.024760
17 0.390488 0.664987 0.015848 0.024008
7 0.455031 0.664977 0.017294 0.023798
1 0.640492 0.665454 0.026752 0.024438
28 0.668726 0.666122 0.024609 0.024837
18 0.231079 0.698018 0.028588 0.028405
25 0.262115 0.699380 0.028939 0.024013
3 0.295788 0.700510 0.030117 0.025776
0 0.159036 0.700180 0.030540 0.025081
34 0.408011 0.700945 0.028698 0.025638
11 0.329364 0.700986 0.031058 0.025331
8 0.437841 0.701013 0.024586 0.024672
24 0.207077 0.700823 0.017927 0.024286
28 0.360068 0.701356 0.026410 0.025231
24 0.384286 0.701285 0.017367 0.023878
25 0.546427 0.701614 0.027127 0.023725
36 0.600582 0.702361 0.027525 0.025036
10 0.573189 0.702483 0.021065 0.024691
32 0.519587 0.704882 0.033527 0.029248
21 0.466811 0.702214 0.026951 0.023896
25 0.630495 0.702397 0.028059 0.024198
17 0.680454 0.702452 0.016797 0.024283
13 0.493492 0.702273 0.021381 0.023752
22 0.658994 0.702404 0.022769 0.023886
3 0.372043 0.737211 0.028527 0.025896
3 0.259732 0.737335 0.030190 0.025782
13 0.228615 0.736852 0.025293 0.024766
20 0.197536 0.736829 0.031375 0.024683
36 0.161917 0.737371 0.031530 0.024304
22 0.342049 0.737437 0.023322 0.024383
11 0.464724 0.738106 0.030379 0.025197
4 0.531925 0.741106 0.038330 0.029827
24 0.397536 0.738346 0.016739 0.023867
34 0.564996 0.738842 0.025259 0.023844
35 0.426895 0.738993 0.037339 0.023973
8 0.591922 0.739681 0.022920 0.024171
13 0.635749 0.741030 0.023419 0.025429
28 0.660814 0.741820 0.024325 0.024006
2 0.315160 0.779136 0.038205 0.034312
3 0.278228 0.774587 0.027107 0.024537
27 0.202246 0.774863 0.043265 0.024761
4 0.243621 0.777678 0.037609 0.030147
7 0.347379 0.775045 0.017422 0.022882
32 0.395683 0.778523 0.033699 0.029702
25 0.162251 0.774767 0.029718 0.022028
25 0.461640 0.775887 0.028522 0.023985
9 0.420494 0.784298 0.016085 0.040654
3 0.558104 0.776635 0.028448 0.024767
25 0.587821 0.776708 0.027452 0.024722
4 0.522121 0.779521 0.038354 0.030160
17 0.438815 0.775844 0.013936 0.022280
21 0.488793 0.777099 0.023636 0.024474
22 0.616676 0.777542 0.023028 0.023326
3 0.661917 0.778391 0.025753 0.022784
17 0.639507 0.778554 0.014594 0.022377