30 0.436279 0.147319 0.034344 0.025364
4 0.436191 0.147564 0.033940 0.025313
27 0.659314 0.148487 0.040821 0.026768
3 0.401574 0.148225 0.027787 0.025948
25 0.469795 0.147824 0.028774 0.024566
3 0.503167 0.148781 0.029694 0.026467
0 0.352525 0.148586 0.027475 0.025044
9 0.376813 0.156161 0.016226 0.040021
25 0.624980 0.148132 0.025113 0.023615
11 0.247482 0.150092 0.029615 0.027409
29 0.596920 0.148976 0.026357 0.024905
15 0.159465 0.154113 0.024541 0.034967
10 0.275623 0.149209 0.022281 0.025145
11 0.303687 0.149392 0.026810 0.025064
0 0.548676 0.149326 0.028356 0.024885
17 0.327880 0.149276 0.014765 0.024547
26 0.110372 0.150238 0.026256 0.025391
24 0.135384 0.149853 0.017781 0.024528
7 0.220901 0.149628 0.016115 0.023959
33 0.190907 0.150262 0.038681 0.024260
2 0.458225 0.194490 0.039113 0.036270
3 0.495004 0.189449 0.028447 0.026100
25 0.525505 0.189271 0.028737 0.025616
3 0.581987 0.189902 0.028378 0.026032
3 0.242221 0.189378 0.028579 0.024968
34 0.138376 0.189416 0.026358 0.024748
25 0.316577 0.189072 0.029281 0.023865
22 0.346388 0.189562 0.024257 0.024270
28 0.552763 0.190104 0.024149 0.025324
22 0.270631 0.189614 0.023110 0.024329
11 0.613758 0.190815 0.028427 0.026646
5 0.108281 0.194867 0.031762 0.034312
34 0.643534 0.190468 0.026366 0.025376
33 0.204513 0.190257 0.039639 0.024573
3 0.169457 0.190430 0.027473 0.024646
35 0.417954 0.189994 0.035938 0.023750
9 0.388619 0.197069 0.017709 0.037878
17 0.292450 0.190170 0.015504 0.023963
18 0.491798 0.229159 0.028507 0.028330
11 0.350825 0.230754 0.027889 0.025570
13 0.446268 0.230567 0.023967 0.025169
34 0.655444 0.230555 0.025378 0.025127
28 0.143963 0.230534 0.025431 0.024884
5 0.520888 0.234045 0.029454 0.031682
28 0.249243 0.230929 0.025164 0.025408
22 0.275927 0.230685 0.022178 0.024762
3 0.382930 0.230961 0.026961 0.025033
34 0.591111 0.230684 0.026256 0.024478
22 0.631008 0.230593 0.023567 0.024274
7 0.325551 0.230816 0.016032 0.024559
36 0.415460 0.230781 0.029366 0.024286
25 0.222212 0.230762 0.029881 0.024195
24 0.197582 0.231139 0.016237 0.024860
21 0.301377 0.231219 0.025554 0.024896
22 0.566286 0.230764 0.023319 0.023946
17 0.545525 0.231278 0.014642 0.023661
26 0.173567 0.231760 0.025598 0.024176
34 0.587709 0.269748 0.029540 0.025181
22 0.560020 0.270276 0.025581 0.025656
21 0.659720 0.271639 0.029375 0.026788
0 0.112829 0.271697 0.029742 0.025743
29 0.196733 0.272067 0.026468 0.026123
25 0.272303 0.271327 0.030295 0.024396
25 0.385838 0.270980 0.029512 0.023483
3 0.304914 0.271453 0.026580 0.024404
9 0.139625 0.279037 0.017902 0.039507
3 0.165734 0.272102 0.028739 0.025594
13 0.415492 0.271310 0.023517 0.023937
28 0.223423 0.272144 0.025814 0.025364
36 0.335689 0.271332 0.028699 0.023469
28 0.514214 0.271513 0.024744 0.023742
5 0.488791 0.274258 0.026222 0.029188
24 0.247881 0.272720 0.015626 0.025326
17 0.437359 0.272542 0.014987 0.024926
32 0.460007 0.274386 0.030195 0.027887
24 0.362258 0.272084 0.015187 0.023274
3 0.523434 0.309487 0.027408 0.024659
29 0.552034 0.309650 0.023299 0.024592
4 0.459172 0.312602 0.038412 0.030290
3 0.494043 0.309599 0.026413 0.023799
25 0.397103 0.309964 0.028316 0.023573
21 0.575140 0.310673 0.024869 0.024216
28 0.424147 0.310232 0.025195 0.023261
32 0.331115 0.313172 0.031672 0.028812
25 0.187841 0.310853 0.026520 0.023993
1 0.628359 0.310705 0.027469 0.023622
10 0.213125 0.311346 0.020186 0.024878
2 0.277987 0.318378 0.037834 0.038677
22 0.600559 0.310806 0.021357 0.023193
20 0.241254 0.311255 0.028360 0.024054
32 0.159328 0.313589 0.034967 0.028440
17 0.373790 0.311340 0.015452 0.023900
21 0.109736 0.311871 0.025902 0.024725
17 0.651686 0.311121 0.014452 0.022945
32 0.510005 0.350473 0.028212 0.027660
13 0.563038 0.348805 0.022114 0.023901
3 0.382396 0.349693 0.027337 0.025200
29 0.456528 0.349631 0.024253 0.024820
3 0.412223 0.349675 0.025971 0.024665
10 0.295322 0.349797 0.020836 0.024200
36 0.227730 0.349827 0.028856 0.024259
32 0.352986 0.352020 0.029897 0.028516
17 0.434844 0.349853 0.014263 0.023493
3 0.196040 0.350353 0.026417 0.024401
21 0.109282 0.350810 0.025377 0.024965
8 0.167524 0.350424 0.022309 0.023854
36 0.139616 0.350647 0.028153 0.024102
36 0.323337 0.350735 0.030115 0.024117
18 0.418901 0.386309 0.031657 0.029686
18 0.274163 0.388101 0.030648 0.031000
34 0.477988 0.387189 0.031300 0.025977
16 0.241855 0.394570 0.031261 0.039121
0 0.116842 0.388605 0.032331 0.026691
15 0.211528 0.395379 0.027404 0.039692
22 0.449942 0.387946 0.023926 0.024734
32 0.389543 0.390463 0.032775 0.029689
34 0.332241 0.388387 0.029425 0.025115
22 0.304661 0.388600 0.024444 0.025279
9 0.185876 0.397986 0.016815 0.043398
17 0.147503 0.389576 0.020339 0.026015
18 0.275277 0.424395 0.027406 0.028007
4 0.552692 0.428433 0.040660 0.033191
13 0.088532 0.426177 0.024808 0.026856
3 0.676047 0.426401 0.027651 0.026835
3 0.363280 0.425380 0.027501 0.024463
25 0.620178 0.426139 0.030010 0.025714
28 0.646833 0.426172 0.026493 0.025708
4 0.310764 0.428130 0.036072 0.029471
12 0.488857 0.426337 0.021139 0.025232
7 0.450990 0.425467 0.016278 0.023024
22 0.428432 0.425601 0.022653 0.023213
7 0.510344 0.425863 0.017018 0.023604
9 0.468354 0.430031 0.016741 0.031513
15 0.164448 0.430421 0.024663 0.032010
3 0.116836 0.426861 0.028092 0.024814
25 0.211817 0.426471 0.029643 0.023986
17 0.339066 0.425869 0.014612 0.022488
24 0.186423 0.426354 0.016062 0.023066
8 0.417155 0.462587 0.023802 0.026243
7 0.393734 0.462998 0.016813 0.024393
5 0.368696 0.466709 0.027841 0.031557
11 0.466776 0.463300 0.027079 0.024436
7 0.441571 0.463446 0.016633 0.024124
4 0.197535 0.467026 0.038215 0.031174
14 0.527369 0.463399 0.035080 0.023866
13 0.260562 0.463725 0.021868 0.024272
3 0.233931 0.464123 0.027275 0.024926
3 0.288528 0.464141 0.027767 0.024686
28 0.495146 0.463856 0.022662 0.023278
25 0.654242 0.463636 0.026088 0.022126
17 0.676852 0.464392 0.016418 0.022915
24 0.631504 0.464507 0.015898 0.023111
24 0.328225 0.464820 0.015348 0.022606
7 0.346606 0.464400 0.015466 0.021635
37 0.564755 0.500185 0.031250 0.030145
22 0.394116 0.501157 0.021583 0.024199
3 0.531110 0.502050 0.027979 0.025843
36 0.440704 0.501465 0.030348 0.024651
13 0.470771 0.501438 0.021990 0.024216
25 0.366510 0.501535 0.026930 0.023949
17 0.414216 0.501881 0.014454 0.023808
17 0.492670 0.502044 0.015326 0.023604
2 0.307353 0.507922 0.036710 0.034554
3 0.214115 0.503091 0.027548 0.024783
3 0.272449 0.503411 0.027115 0.025345
0 0.597207 0.503388 0.028260 0.025199
9 0.622695 0.509688 0.015264 0.036868
7 0.641420 0.503965 0.017959 0.024579
21 0.243641 0.503917 0.025736 0.024222
33 0.177680 0.503984 0.039219 0.023771
3 0.513221 0.541552 0.028659 0.026445
16 0.407241 0.546637 0.028313 0.036424
30 0.547920 0.541223 0.033622 0.024999
34 0.364076 0.541744 0.026158 0.024698
25 0.454739 0.541390 0.027889 0.023898
25 0.580424 0.541901 0.028539 0.024808
27 0.364621 0.541672 0.025371 0.024271
22 0.483679 0.541610 0.023836 0.024140
28 0.314897 0.541812 0.022980 0.024491
9 0.431861 0.549564 0.016734 0.039172
21 0.286278 0.542487 0.026693 0.024926
22 0.340290 0.542130 0.020806 0.023941
36 0.654034 0.542281 0.028447 0.024117
22 0.609602 0.543060 0.023121 0.024989
25 0.165081 0.542681 0.029680 0.024049
28 0.241099 0.542940 0.024806 0.024178
24 0.138085 0.544836 0.020922 0.027612
24 0.263742 0.543086 0.015780 0.023569
17 0.630257 0.543449 0.014072 0.024086
17 0.190474 0.543415 0.014924 0.023474
21 0.213437 0.543643 0.026361 0.023896
25 0.423826 0.578851 0.027766 0.024795
34 0.453473 0.579196 0.027226 0.024598
11 0.484664 0.579821 0.027758 0.025318
25 0.364243 0.579727 0.029394 0.025005
34 0.557626 0.579974 0.027765 0.025059
3 0.394627 0.580264 0.027229 0.025396
0 0.176649 0.580377 0.029191 0.025168
32 0.256240 0.582963 0.031680 0.030310
13 0.113965 0.580050 0.022410 0.023923
28 0.513449 0.580384 0.023947 0.024561
3 0.226523 0.580251 0.026219 0.024098
24 0.339588 0.580657 0.016304 0.024533
9 0.203475 0.587021 0.015685 0.036891
17 0.136070 0.580732 0.016884 0.024165
24 0.534801 0.581038 0.016068 0.024538
3 0.601535 0.581184 0.026414 0.024587
26 0.316031 0.580902 0.024345 0.023336
33 0.634024 0.582266 0.037022 0.023773
7 0.661091 0.582810 0.016406 0.024473
18 0.401536 0.618012 0.029280 0.030471
18 0.181073 0.618127 0.028494 0.028683
18 0.568151 0.618324 0.026178 0.027967
32 0.429581 0.621216 0.031711 0.030265
16 0.291002 0.624393 0.028399 0.036396
4 0.326191 0.621373 0.036703 0.029989
10 0.357117 0.618771 0.021092 0.024566
24 0.205281 0.619002 0.015496 0.024883
24 0.377593 0.618930 0.014834 0.024554
13 0.115160 0.619121 0.022893 0.024931
34 0.228540 0.619552 0.027453 0.025638
3 0.494511 0.619383 0.026806 0.024864
17 0.136658 0.619902 0.015288 0.025372
11 0.617785 0.619774 0.027975 0.024985
32 0.542287 0.621598 0.032759 0.028616
9 0.157346 0.624667 0.018339 0.034703
24 0.518988 0.620016 0.016247 0.025234
26 0.259479 0.619857 0.027229 0.024741
28 0.647381 0.619832 0.026070 0.024245
24 0.592880 0.620293 0.015700 0.023888
35 0.463751 0.620102 0.030124 0.022718
4 0.124959 0.658698 0.040756 0.030747
3 0.328822 0.655917 0.026911 0.025087
3 0.162750 0.655922 0.027652 0.025051
32 0.298135 0.657906 0.031424 0.028171
11 0.195032 0.656543 0.027169 0.024901
4 0.365036 0.659406 0.038377 0.030139
34 0.443333 0.656710 0.025670 0.024502
34 0.398415 0.656651 0.025377 0.024319
3 0.507238 0.657014 0.027622 0.024970
0 0.556535 0.657382 0.027771 0.025238
24 0.421057 0.656880 0.015525 0.023571
22 0.241042 0.657236 0.022700 0.024068
24 0.531355 0.657549 0.016349 0.024501
32 0.604370 0.660078 0.031412 0.028914
17 0.581355 0.658172 0.015520 0.024502
17 0.628362 0.658109 0.015182 0.023976
8 0.114072 0.692217 0.023023 0.025620
3 0.203381 0.692580 0.026505 0.025148
32 0.173884 0.695070 0.029812 0.029615
15 0.489246 0.697310 0.022959 0.033767
11 0.391786 0.692953 0.026550 0.024659
1 0.516230 0.693026 0.026672 0.024588
36 0.656304 0.693197 0.027612 0.024859
22 0.363223 0.692821 0.022031 0.024031
20 0.563002 0.693157 0.026986 0.023787
28 0.336802 0.692949 0.024337 0.023364
7 0.256510 0.693374 0.018507 0.024161
32 0.232681 0.695831 0.030189 0.028400
22 0.611579 0.693823 0.022283 0.024297
33 0.304675 0.693061 0.036533 0.022454
17 0.415782 0.693648 0.015499 0.023496
24 0.589485 0.693210 0.015569 0.022429
17 0.540000 0.693563 0.014662 0.022902
17 0.632388 0.694586 0.015190 0.023578
0 0.462909 0.729683 0.029402 0.026109
4 0.397041 0.732265 0.039276 0.029875
25 0.535310 0.729715 0.028195 0.024418
3 0.303031 0.730225 0.027736 0.025070
0 0.171254 0.730314 0.030452 0.025158
34 0.431808 0.730328 0.027582 0.024759
25 0.272440 0.729670 0.028004 0.023304
11 0.333382 0.730251 0.027854 0.024332
29 0.507549 0.730304 0.022723 0.024345
20 0.119534 0.730214 0.029526 0.023689
32 0.217883 0.732661 0.031975 0.028545
17 0.560190 0.730672 0.014506 0.024242
25 0.617071 0.730984 0.030122 0.024802
28 0.361806 0.730711 0.024740 0.024015
36 0.584407 0.730912 0.029003 0.024153
28 0.245599 0.730996 0.022742 0.023386
22 0.645653 0.731532 0.020547 0.023593
18 0.182428 0.766048 0.028040 0.028258
29 0.301107 0.769373 0.025540 0.027978
25 0.151015 0.767466 0.029728 0.024107
25 0.448572 0.767939 0.029747 0.024902
25 0.330851 0.767661 0.029857 0.024192
3 0.271917 0.768345 0.027641 0.025528
36 0.120258 0.768452 0.029956 0.025356
11 0.360823 0.768238 0.027038 0.024780
15 0.389724 0.776855 0.023937 0.041499
22 0.478238 0.768510 0.022555 0.024745
21 0.212059 0.768837 0.026785 0.024850
20 0.417330 0.769055 0.027924 0.024120
17 0.500373 0.768793 0.014218 0.023291
20 0.524405 0.768982 0.026264 0.023482
17 0.236070 0.769186 0.015553 0.023868
1 0.554464 0.769715 0.026750 0.024846
22 0.618358 0.769666 0.022142 0.024542
9 0.579214 0.780823 0.016055 0.046100