18 0.457967 0.143149 0.026678 0.028197
15 0.630550 0.148318 0.024334 0.034351
3 0.489076 0.144565 0.027870 0.025489
8 0.516947 0.144349 0.024767 0.024980
25 0.604466 0.144353 0.026026 0.024207
13 0.558352 0.144611 0.021127 0.024307
17 0.539425 0.144640 0.014222 0.023843
20 0.657287 0.144499 0.026745 0.023403
12 0.406830 0.146148 0.023098 0.026137
21 0.432287 0.145386 0.023452 0.024510
28 0.578814 0.145543 0.022564 0.024127
34 0.339138 0.146608 0.024689 0.024561
3 0.380452 0.146701 0.024944 0.024267
11 0.312470 0.148830 0.026181 0.025795
3 0.179802 0.150750 0.026208 0.025441
24 0.253571 0.149661 0.016028 0.023260
22 0.231837 0.149800 0.022224 0.023130
28 0.206104 0.150641 0.022853 0.024289
3 0.150451 0.150742 0.026201 0.024353
35 0.279589 0.150291 0.032003 0.022307
18 0.426164 0.186067 0.026004 0.026508
0 0.659003 0.186203 0.027283 0.024360
9 0.681761 0.195562 0.014830 0.042792
4 0.461487 0.190200 0.038143 0.031239
0 0.522746 0.187417 0.027556 0.025312
28 0.595684 0.186974 0.023842 0.024034
34 0.493636 0.187333 0.024806 0.024572
10 0.346467 0.187317 0.022402 0.023899
25 0.319156 0.187827 0.026616 0.024082
24 0.404849 0.188260 0.016368 0.024370
22 0.382843 0.188482 0.023874 0.023998
4 0.258604 0.192174 0.037486 0.030273
21 0.293328 0.189236 0.025546 0.023801
25 0.151361 0.190025 0.027598 0.024739
20 0.223676 0.189446 0.026067 0.023128
17 0.201278 0.190572 0.014020 0.023195
22 0.180670 0.190510 0.022614 0.022857
3 0.658316 0.224735 0.027381 0.024992
3 0.628203 0.224970 0.028203 0.024915
3 0.552799 0.225578 0.025377 0.023709
11 0.524071 0.226045 0.025537 0.023558
0 0.476525 0.226265 0.026795 0.023771
24 0.451364 0.226231 0.016171 0.022659
34 0.427786 0.226530 0.026008 0.023110
1 0.401292 0.227213 0.027688 0.023862
24 0.500109 0.227230 0.015995 0.023142
7 0.376333 0.227216 0.015780 0.022752
33 0.347640 0.227486 0.038173 0.022766
11 0.209947 0.228775 0.027878 0.024887
3 0.240306 0.229074 0.027150 0.025306
7 0.184846 0.229375 0.016362 0.023727
14 0.155403 0.229948 0.037574 0.024051
4 0.429003 0.271923 0.041757 0.031676
34 0.647291 0.268736 0.025588 0.024980
4 0.613342 0.272583 0.038903 0.032185
11 0.674912 0.268886 0.025700 0.024737
0 0.372748 0.269172 0.028341 0.024778
15 0.533258 0.274926 0.024474 0.036256
11 0.503669 0.269903 0.028137 0.025712
5 0.558682 0.273489 0.028397 0.032758
7 0.697250 0.269398 0.015992 0.024482
35 0.468994 0.269427 0.034753 0.024054
11 0.321619 0.270413 0.028669 0.025766
7 0.347142 0.269892 0.017193 0.024213
4 0.244953 0.274083 0.039253 0.032471
17 0.396401 0.269723 0.014901 0.023726
27 0.282954 0.270842 0.034821 0.025915
5 0.146523 0.275134 0.033674 0.032367
33 0.185038 0.271419 0.039927 0.024388
7 0.214690 0.271660 0.016582 0.024798
18 0.237932 0.310528 0.027980 0.028412
8 0.560127 0.310017 0.023459 0.026959
10 0.406051 0.309846 0.022821 0.025887
27 0.593785 0.310149 0.039873 0.026345
25 0.628052 0.309737 0.028002 0.025499
4 0.373374 0.312739 0.040470 0.031145
3 0.659431 0.310812 0.028867 0.026462
36 0.333083 0.310568 0.031474 0.025082
3 0.301011 0.311231 0.028814 0.026122
3 0.486088 0.310911 0.026670 0.025436
36 0.691201 0.310868 0.028888 0.025329
12 0.511951 0.310886 0.020458 0.025251
21 0.455537 0.311213 0.027518 0.025302
11 0.269341 0.312093 0.026514 0.025030
22 0.152299 0.312818 0.022749 0.024743
32 0.211438 0.315226 0.032184 0.029361
3 0.181299 0.313465 0.028098 0.025639
3 0.596108 0.348734 0.028879 0.025545
11 0.345693 0.348547 0.027646 0.024991
4 0.633707 0.351180 0.039104 0.030175
4 0.308726 0.352073 0.039386 0.031385
25 0.457789 0.348130 0.027224 0.023463
4 0.536006 0.351822 0.037339 0.030840
10 0.567616 0.348983 0.020979 0.024223
3 0.272597 0.349503 0.027531 0.025091
7 0.664477 0.348841 0.017358 0.023735
33 0.398437 0.348998 0.040437 0.023965
21 0.242432 0.349920 0.026680 0.025306
10 0.433633 0.349413 0.021630 0.024027
17 0.370121 0.348993 0.013899 0.022724
4 0.162562 0.353070 0.041827 0.030394
22 0.486364 0.349897 0.021957 0.023912
10 0.196682 0.350616 0.021152 0.024207
17 0.507631 0.350004 0.014011 0.022974
18 0.636142 0.386065 0.030291 0.029176
27 0.697018 0.387325 0.041476 0.024781
4 0.407632 0.390313 0.039363 0.029419
32 0.665472 0.390650 0.030724 0.029953
34 0.189164 0.388127 0.027922 0.024838
22 0.609292 0.387980 0.023193 0.023865
24 0.586052 0.388407 0.016889 0.024716
3 0.158445 0.388419 0.029175 0.024630
3 0.513009 0.389022 0.027377 0.025629
11 0.481097 0.389169 0.027795 0.025808
8 0.541422 0.388870 0.023530 0.025175
0 0.353046 0.389363 0.029268 0.025924
25 0.235767 0.389521 0.028482 0.024974
17 0.377213 0.389509 0.015678 0.024338
27 0.274208 0.389248 0.043201 0.023554
35 0.446689 0.389468 0.034347 0.022863
3 0.572916 0.426172 0.027769 0.025530
3 0.159100 0.425968 0.028124 0.024993
34 0.396583 0.425553 0.026557 0.024088
9 0.657707 0.433112 0.016501 0.038862
7 0.676639 0.426003 0.018808 0.024347
11 0.604501 0.426809 0.028894 0.025761
25 0.513215 0.425839 0.029181 0.023765
1 0.191299 0.426629 0.029809 0.024777
22 0.371952 0.425691 0.022119 0.022841
12 0.422112 0.427023 0.021277 0.025335
28 0.635538 0.426652 0.024802 0.024516
34 0.542766 0.426235 0.025177 0.023560
28 0.465745 0.426672 0.025520 0.024175
24 0.488968 0.426584 0.016193 0.023887
32 0.328116 0.429330 0.032931 0.028510
13 0.238820 0.426763 0.022876 0.023290
33 0.289472 0.427186 0.036168 0.024021
17 0.351196 0.427554 0.013891 0.024107
17 0.260377 0.427542 0.015100 0.023300
17 0.217939 0.427375 0.014971 0.022516
18 0.362508 0.463039 0.028075 0.027378
3 0.674979 0.464140 0.028418 0.024962
36 0.276170 0.465435 0.030279 0.025859
22 0.338758 0.464394 0.023166 0.023722
32 0.395394 0.467787 0.035536 0.030031
3 0.242403 0.465355 0.028865 0.024968
29 0.158206 0.467575 0.025878 0.029260
11 0.209753 0.465745 0.028000 0.025587
34 0.421957 0.464951 0.025284 0.023782
32 0.628449 0.467766 0.032942 0.029299
1 0.495286 0.465678 0.026945 0.024981
13 0.541675 0.465943 0.023207 0.024590
3 0.464848 0.465472 0.027769 0.023648
17 0.521035 0.465770 0.014946 0.023773
7 0.182394 0.466653 0.016267 0.024881
24 0.315706 0.465944 0.016679 0.023428
17 0.563750 0.466072 0.014429 0.023361
33 0.591791 0.466421 0.037023 0.023764
34 0.587209 0.502719 0.026806 0.024458
36 0.678195 0.503131 0.030133 0.025237
25 0.555894 0.502627 0.031336 0.023845
8 0.628448 0.503477 0.023847 0.025444
4 0.288738 0.507712 0.039961 0.032605
29 0.158123 0.504190 0.025149 0.025542
17 0.652003 0.503912 0.015249 0.024649
28 0.252727 0.504236 0.024691 0.024769
9 0.351473 0.511397 0.016650 0.038929
25 0.325842 0.503988 0.030016 0.024099
22 0.426982 0.504561 0.023476 0.025000
24 0.402457 0.504960 0.017491 0.025417
36 0.473609 0.504746 0.029398 0.024976
22 0.224877 0.504489 0.022045 0.024118
7 0.201785 0.504489 0.016600 0.023764
9 0.182139 0.510798 0.019315 0.035551
17 0.448878 0.504541 0.015029 0.023030
3 0.179835 0.542127 0.028555 0.025073
13 0.208488 0.542134 0.023035 0.024599
24 0.152650 0.542714 0.017085 0.025631
4 0.329448 0.545761 0.039090 0.031575
3 0.238230 0.543038 0.029633 0.026002
2 0.387692 0.548306 0.038240 0.036337
15 0.572016 0.547879 0.023862 0.034874
10 0.420247 0.543256 0.020597 0.025171
2 0.604980 0.549483 0.037469 0.037459
3 0.642658 0.543755 0.029197 0.025668
3 0.501057 0.543660 0.027814 0.025460
11 0.447817 0.543471 0.026964 0.024771
0 0.271654 0.543304 0.028643 0.024326
4 0.538212 0.546622 0.037700 0.030538
17 0.297392 0.543674 0.015772 0.024474
17 0.358666 0.543449 0.014720 0.023400
7 0.474327 0.543850 0.016883 0.024194
4 0.166248 0.581681 0.038333 0.029548
34 0.200551 0.579883 0.027291 0.024399
3 0.384147 0.580303 0.031255 0.025152
0 0.232088 0.580321 0.028521 0.024814
3 0.431077 0.580435 0.028894 0.024886
4 0.287006 0.583523 0.039945 0.030881
28 0.600296 0.580308 0.024648 0.023968
11 0.630025 0.580641 0.027519 0.024158
11 0.462692 0.580983 0.027704 0.024756
2 0.347190 0.585578 0.037899 0.033409
7 0.653487 0.580793 0.015117 0.023772
17 0.256903 0.581006 0.014454 0.023604
33 0.567172 0.580633 0.037941 0.022628
32 0.517006 0.583527 0.031478 0.028133
28 0.489719 0.581835 0.024234 0.023870
7 0.538354 0.582607 0.014197 0.024963
17 0.317701 0.581892 0.015188 0.023028
4 0.165635 0.620791 0.039571 0.031449
34 0.342964 0.618136 0.026597 0.024950
15 0.200243 0.624076 0.024712 0.036082
4 0.308196 0.621495 0.038631 0.030381
11 0.373465 0.618725 0.028001 0.024616
11 0.633530 0.618795 0.028292 0.024469
32 0.430805 0.621735 0.033132 0.030035
2 0.233761 0.624622 0.038316 0.035605
3 0.271860 0.619152 0.027841 0.024605
28 0.402484 0.618969 0.024506 0.023724
22 0.560255 0.619247 0.024647 0.023958
21 0.603936 0.619463 0.026361 0.023992
28 0.520075 0.619375 0.024833 0.023538
17 0.582197 0.619618 0.014274 0.023625
7 0.454579 0.620409 0.015242 0.025105
35 0.665502 0.619975 0.032960 0.023670
33 0.485688 0.619756 0.041440 0.023086
3 0.238378 0.655832 0.027209 0.023962
4 0.275501 0.658986 0.038810 0.030248
2 0.201589 0.660697 0.038315 0.033270
34 0.309801 0.656528 0.025743 0.024817
0 0.513282 0.657124 0.030766 0.025881
34 0.464980 0.657106 0.026157 0.024821
20 0.647308 0.656792 0.025114 0.023336
22 0.597113 0.657114 0.022259 0.023805
2 0.680854 0.660425 0.036115 0.030106
28 0.571392 0.657519 0.024232 0.024282
24 0.391603 0.657116 0.016594 0.023462
24 0.442521 0.657471 0.014719 0.023824
24 0.334299 0.657261 0.016363 0.023045
28 0.620645 0.657126 0.023205 0.022728
3 0.714812 0.657843 0.027498 0.024080
21 0.544412 0.657715 0.025800 0.023816
35 0.362214 0.657816 0.035402 0.023732
4 0.168483 0.694368 0.038238 0.030837
34 0.202617 0.691875 0.026972 0.024018
8 0.518130 0.693030 0.023564 0.025691
0 0.233646 0.692555 0.028673 0.024288
3 0.674061 0.693609 0.027676 0.025190
9 0.258671 0.701380 0.016207 0.040080
3 0.283297 0.693185 0.027548 0.023611
35 0.597617 0.693230 0.033970 0.023663
21 0.565698 0.693495 0.025770 0.024135
2 0.452865 0.699052 0.037542 0.034989
25 0.329664 0.692767 0.027816 0.022341
11 0.383816 0.693888 0.028396 0.024400
2 0.637654 0.698084 0.037485 0.032638
3 0.416059 0.694017 0.028522 0.024354
7 0.483185 0.693696 0.018469 0.023600
17 0.542097 0.693529 0.017413 0.023078
24 0.307108 0.693352 0.014349 0.022587
28 0.355500 0.694141 0.023178 0.023142
18 0.265601 0.727795 0.026285 0.028578
4 0.170187 0.730828 0.038857 0.031915
16 0.235765 0.734079 0.028535 0.035715
34 0.204011 0.728916 0.026276 0.025164
4 0.531583 0.734405 0.040127 0.033019
10 0.433503 0.730198 0.021730 0.024271
21 0.294814 0.730714 0.026669 0.025063
18 0.640600 0.731368 0.027570 0.026364
25 0.355425 0.730409 0.028284 0.024135
3 0.325458 0.730692 0.028144 0.024662
34 0.565291 0.730933 0.025588 0.024769
28 0.495417 0.731034 0.025479 0.024170
7 0.382227 0.730933 0.017960 0.023749
21 0.406667 0.731233 0.027127 0.024295
22 0.593551 0.731398 0.024379 0.024620
4 0.676355 0.734957 0.038549 0.031580
24 0.470510 0.731186 0.016539 0.023731
24 0.616319 0.731560 0.015674 0.024301
34 0.709531 0.731962 0.027410 0.025053
18 0.409624 0.767621 0.030849 0.029390
15 0.190368 0.772719 0.024784 0.036794
8 0.161970 0.767718 0.024355 0.025450
3 0.249511 0.767733 0.026783 0.025208
32 0.217372 0.770520 0.035042 0.030595
7 0.322908 0.768534 0.018828 0.026210
22 0.278721 0.767686 0.023004 0.023967
24 0.357308 0.768748 0.017198 0.025374
24 0.302291 0.768843 0.016858 0.025014
22 0.381723 0.768584 0.023069 0.024051
32 0.442438 0.771752 0.036026 0.030266
3 0.515806 0.769492 0.028198 0.025568
34 0.469290 0.769732 0.027288 0.025462
1 0.546742 0.770226 0.027533 0.024994
13 0.593722 0.771246 0.023223 0.024597
32 0.683455 0.774364 0.031112 0.029803
17 0.573005 0.771494 0.015366 0.023988
17 0.705922 0.772699 0.016556 0.026064
33 0.645681 0.771636 0.038092 0.023885
17 0.615284 0.772236 0.015114 0.023942