37 0.606319 0.144692 0.035264 0.029807
4 0.534637 0.147638 0.040280 0.030722
4 0.442884 0.149019 0.040896 0.032690
34 0.570072 0.145443 0.027638 0.025470
21 0.478878 0.145583 0.027414 0.025671
0 0.316470 0.146419 0.028150 0.026397
36 0.401883 0.145947 0.031298 0.025298
9 0.342376 0.155149 0.018145 0.042935
3 0.368664 0.146404 0.027016 0.025375
7 0.502676 0.146337 0.016411 0.024760
11 0.266899 0.147320 0.028557 0.025440
17 0.291770 0.147377 0.014965 0.024514
11 0.636419 0.147954 0.018516 0.025505
11 0.656642 0.148100 0.029752 0.025691
3 0.233788 0.148039 0.028740 0.025331
25 0.181325 0.148918 0.029243 0.023864
24 0.157468 0.150097 0.015845 0.023595
32 0.116942 0.153345 0.036480 0.029781
18 0.660458 0.185527 0.030268 0.030399
4 0.449990 0.189373 0.040063 0.032694
32 0.514148 0.188441 0.032411 0.029851
11 0.385453 0.186603 0.028702 0.025761
0 0.563404 0.186719 0.029225 0.025442
7 0.358984 0.186813 0.016805 0.025157
28 0.415051 0.186900 0.024656 0.025212
34 0.483534 0.186436 0.024824 0.024036
3 0.291838 0.186854 0.026571 0.024848
21 0.631667 0.187390 0.028257 0.024925
28 0.263417 0.187281 0.023873 0.024429
33 0.328643 0.187291 0.041333 0.024256
24 0.608225 0.187576 0.016536 0.024395
17 0.588274 0.187279 0.015171 0.023229
11 0.187476 0.188237 0.026358 0.024605
34 0.144169 0.188537 0.028858 0.024859
32 0.234350 0.190702 0.032023 0.029162
5 0.112341 0.193908 0.031117 0.034340
4 0.401063 0.232053 0.040660 0.034670
11 0.465083 0.227824 0.027558 0.025430
11 0.563259 0.227859 0.027769 0.025319
28 0.591078 0.227983 0.025581 0.025289
3 0.495575 0.228151 0.028108 0.025585
28 0.435271 0.228084 0.025963 0.025322
14 0.626362 0.228758 0.040019 0.026323
30 0.529255 0.228112 0.032957 0.024996
34 0.364054 0.228085 0.025727 0.024933
4 0.529313 0.228396 0.032442 0.024855
32 0.338317 0.231109 0.032135 0.029924
7 0.657068 0.229246 0.017829 0.025832
34 0.307790 0.227950 0.025931 0.023158
3 0.256770 0.229070 0.028592 0.025310
13 0.210509 0.229318 0.023304 0.025156
17 0.231956 0.230000 0.014111 0.024432
3 0.144941 0.230700 0.029277 0.025167
35 0.178576 0.230599 0.034404 0.024734
32 0.111235 0.234429 0.037938 0.030882
28 0.534514 0.269152 0.024972 0.025942
4 0.498399 0.272072 0.038540 0.031603
25 0.563803 0.268890 0.029815 0.024756
3 0.429358 0.269464 0.028051 0.025758
3 0.462046 0.269374 0.027758 0.025403
15 0.655627 0.274707 0.024792 0.035762
3 0.596049 0.270066 0.028642 0.025809
3 0.294480 0.270247 0.028196 0.026034
0 0.377568 0.270467 0.028504 0.026319
11 0.326800 0.270463 0.028738 0.026205
25 0.242545 0.270116 0.029297 0.025474
17 0.632811 0.270857 0.016064 0.025904
9 0.403109 0.278478 0.016239 0.041015
17 0.352232 0.270683 0.015005 0.025100
17 0.269594 0.270406 0.015038 0.024515
24 0.217873 0.271015 0.016807 0.024174
17 0.198167 0.271453 0.015922 0.023809
32 0.172681 0.274647 0.033131 0.029567
13 0.115665 0.272435 0.024282 0.024142
17 0.137685 0.272559 0.015408 0.023498
3 0.571927 0.309808 0.029912 0.027773
25 0.494359 0.308693 0.028092 0.025286
25 0.410546 0.309089 0.029774 0.025474
11 0.442820 0.309937 0.029133 0.026208
10 0.469757 0.309622 0.018603 0.024895
34 0.641685 0.309559 0.027736 0.024755
10 0.364393 0.310203 0.021041 0.025601
4 0.332441 0.312818 0.040917 0.030415
17 0.545467 0.310381 0.015188 0.025122
22 0.523698 0.309772 0.022702 0.023836
22 0.616752 0.310789 0.025134 0.025648
3 0.259107 0.311027 0.028142 0.025965
24 0.386647 0.311147 0.017096 0.025918
36 0.292304 0.310804 0.030554 0.024953
11 0.227637 0.311479 0.027552 0.025664
28 0.197595 0.311884 0.026038 0.025508
0 0.118692 0.312333 0.029208 0.025569
22 0.169861 0.312380 0.023488 0.024734
17 0.145549 0.312830 0.015511 0.024454
18 0.389167 0.348274 0.027851 0.028442
27 0.487276 0.349213 0.045207 0.025524
34 0.478369 0.349320 0.027456 0.025681
29 0.418981 0.349637 0.025711 0.025835
11 0.449247 0.349637 0.027405 0.025470
10 0.652806 0.349734 0.020403 0.024780
33 0.568953 0.350367 0.040336 0.025732
3 0.606020 0.350342 0.027176 0.025263
12 0.632396 0.350884 0.020474 0.026210
3 0.303016 0.350361 0.027544 0.025020
25 0.245087 0.350460 0.028997 0.024664
36 0.334738 0.350523 0.029948 0.024576
14 0.169992 0.351082 0.038406 0.025302
22 0.274659 0.350549 0.022712 0.023950
22 0.364482 0.350181 0.021542 0.023100
24 0.221180 0.350816 0.015904 0.023755
7 0.200739 0.351040 0.016320 0.023385
32 0.114816 0.356111 0.035852 0.029113
18 0.315107 0.387748 0.029434 0.029527
25 0.346755 0.388860 0.030297 0.025867
8 0.408529 0.388718 0.023446 0.025545
37 0.257671 0.389695 0.033390 0.026786
34 0.379289 0.389221 0.028402 0.025727
3 0.561848 0.390076 0.027904 0.025780
21 0.437297 0.389899 0.025624 0.025361
13 0.464004 0.389717 0.025297 0.024909
25 0.631641 0.389692 0.029049 0.024850
0 0.510873 0.390277 0.028938 0.025838
7 0.656476 0.390646 0.017201 0.026198
9 0.537220 0.397330 0.016249 0.039330
34 0.223541 0.390023 0.028243 0.024672
17 0.486180 0.390666 0.014785 0.025511
3 0.151387 0.391431 0.028313 0.025565
22 0.196796 0.390950 0.022767 0.024431
3 0.121147 0.391548 0.027835 0.025150
22 0.288562 0.390723 0.022432 0.023464
18 0.424793 0.425197 0.029161 0.029363
4 0.462326 0.429375 0.038615 0.029898
14 0.358183 0.427812 0.037876 0.025626
11 0.394139 0.427707 0.027325 0.025261
25 0.272263 0.427744 0.027205 0.024590
28 0.227309 0.428495 0.023353 0.025886
11 0.199285 0.428423 0.027068 0.025165
28 0.324101 0.428448 0.024590 0.025166
10 0.494991 0.428056 0.020181 0.024221
9 0.298588 0.437967 0.017849 0.043487
24 0.249176 0.428419 0.015132 0.024058
11 0.122699 0.429509 0.028768 0.025797
32 0.564103 0.431522 0.029828 0.029551
2 0.628822 0.434781 0.036658 0.035405
34 0.153059 0.429864 0.027213 0.024549
3 0.663071 0.431041 0.027342 0.025364
18 0.602929 0.465598 0.029984 0.029102
9 0.307007 0.466345 0.012389 0.027012
4 0.443065 0.468616 0.038632 0.031165
3 0.406474 0.465916 0.027259 0.025757
28 0.378000 0.466020 0.023984 0.025283
34 0.475701 0.466004 0.024974 0.024760
27 0.484140 0.466269 0.040871 0.024663
13 0.287931 0.466348 0.025403 0.024239
25 0.178232 0.466901 0.029147 0.024946
36 0.257141 0.466735 0.028939 0.024539
32 0.348374 0.469568 0.033817 0.030053
22 0.207762 0.466977 0.022466 0.024463
22 0.556112 0.467285 0.022007 0.024218
17 0.534022 0.467470 0.015451 0.024389
17 0.231279 0.467487 0.015228 0.024412
5 0.118101 0.473670 0.032057 0.036367
28 0.149426 0.467788 0.026033 0.024455
24 0.579115 0.467396 0.015387 0.023444
18 0.650830 0.506629 0.029194 0.028916
3 0.373261 0.505281 0.027439 0.024771
4 0.510793 0.509061 0.037628 0.031818
22 0.401891 0.505106 0.023848 0.023900
32 0.341029 0.508573 0.034858 0.030394
4 0.181287 0.509429 0.039877 0.031991
3 0.474866 0.505882 0.028559 0.024893
14 0.436374 0.506169 0.040154 0.025324
15 0.266842 0.511683 0.024774 0.036030
3 0.546153 0.506572 0.027912 0.025730
25 0.575970 0.506630 0.029234 0.025561
3 0.218011 0.506680 0.028657 0.025481
13 0.293179 0.506534 0.024769 0.024914
25 0.140947 0.506147 0.029600 0.023731
8 0.623469 0.507798 0.023359 0.026583
7 0.600780 0.506947 0.016931 0.024377
24 0.116215 0.508325 0.016277 0.024301
18 0.186913 0.545052 0.028535 0.027510
4 0.403940 0.547445 0.040677 0.030144
1 0.219922 0.546154 0.029474 0.026472
34 0.438667 0.545827 0.026185 0.024922
8 0.291068 0.546346 0.023286 0.025916
0 0.468543 0.546217 0.029007 0.025157
9 0.493278 0.553177 0.015818 0.039032
15 0.318095 0.550195 0.024963 0.032875
29 0.548456 0.546738 0.025420 0.025455
3 0.519298 0.546635 0.028357 0.024940
28 0.250658 0.546624 0.024996 0.024844
22 0.159570 0.546632 0.025366 0.024709
7 0.372268 0.546492 0.016831 0.024321
37 0.126672 0.547589 0.033041 0.026162
25 0.622793 0.546792 0.028414 0.023904
32 0.345936 0.549127 0.035818 0.028265
3 0.653036 0.547785 0.026681 0.025466
11 0.662245 0.547822 0.033654 0.025372
28 0.575886 0.547260 0.025596 0.023849
18 0.216338 0.582505 0.028627 0.028373
22 0.384078 0.583512 0.023719 0.025194
25 0.353304 0.583573 0.030469 0.024615
16 0.130066 0.590435 0.030472 0.038079
3 0.430653 0.584026 0.027410 0.025252
15 0.130183 0.590783 0.030168 0.038621
34 0.307439 0.583805 0.026772 0.024523
29 0.246955 0.584753 0.026155 0.025974
3 0.161490 0.584475 0.029022 0.025403
8 0.458224 0.584289 0.023297 0.024787
11 0.278133 0.584602 0.027775 0.025313
22 0.190265 0.584537 0.022492 0.024589
17 0.406117 0.584346 0.015082 0.024160
26 0.406115 0.584567 0.015261 0.023996
13 0.510075 0.585115 0.021751 0.024867
21 0.484769 0.585262 0.026095 0.024686
34 0.536304 0.585460 0.026227 0.024266
7 0.653253 0.587235 0.017866 0.024770
33 0.623372 0.586966 0.038441 0.023126
15 0.148196 0.630266 0.025773 0.041847
25 0.224084 0.623182 0.028651 0.024313
28 0.301084 0.623801 0.024725 0.024990
34 0.356899 0.623638 0.025802 0.024548
13 0.176395 0.623559 0.023483 0.024304
3 0.439059 0.623930 0.026736 0.024735
22 0.273001 0.623647 0.023487 0.023935
21 0.329351 0.624191 0.026368 0.024566
8 0.524256 0.624247 0.022144 0.024557
36 0.496862 0.624374 0.028126 0.024663
36 0.387263 0.624576 0.029287 0.024417
17 0.250913 0.624320 0.014786 0.023888
17 0.200105 0.624427 0.015174 0.024069
2 0.594047 0.630490 0.036316 0.034594
35 0.555275 0.625423 0.032961 0.022755
15 0.483364 0.667841 0.023266 0.038803
34 0.176243 0.660981 0.028249 0.024888
25 0.204531 0.660962 0.028844 0.024678
0 0.510378 0.661213 0.028263 0.024923
3 0.541548 0.661718 0.028428 0.025651
32 0.280093 0.663610 0.034591 0.029396
25 0.455205 0.661588 0.028923 0.023675
3 0.593577 0.662202 0.030587 0.024411
24 0.567016 0.662453 0.016124 0.023949
3 0.644206 0.663126 0.028884 0.025276
24 0.431774 0.662672 0.015287 0.024243
35 0.237930 0.662480 0.034204 0.023705
24 0.618146 0.663297 0.015738 0.023801
25 0.531059 0.697944 0.028812 0.025255
22 0.185869 0.697971 0.023731 0.025121
32 0.100340 0.702985 0.037244 0.034396
24 0.210493 0.697918 0.015951 0.023879
11 0.455508 0.698695 0.028220 0.024934
13 0.254673 0.698176 0.023131 0.023606
28 0.484506 0.698641 0.025040 0.024208
7 0.346527 0.698780 0.017777 0.024457
28 0.558053 0.699017 0.025608 0.024757
22 0.322248 0.698329 0.022906 0.023261
7 0.230852 0.698262 0.017491 0.023103
24 0.298219 0.698877 0.018684 0.024149
7 0.161806 0.698853 0.017466 0.024021
4 0.593455 0.702314 0.038347 0.030926
14 0.396973 0.698521 0.036509 0.023334
7 0.428313 0.699149 0.017238 0.024567
9 0.367549 0.705810 0.018190 0.037211
11 0.135116 0.699468 0.027423 0.024476
24 0.508268 0.699464 0.017209 0.024336
3 0.629261 0.700093 0.027137 0.024781
9 0.652478 0.710314 0.015111 0.042641
18 0.420815 0.734141 0.030184 0.028912
4 0.249941 0.738668 0.039364 0.032021
11 0.338091 0.735416 0.028665 0.025430
3 0.286772 0.735798 0.028686 0.026181
28 0.214390 0.735766 0.026433 0.025864
28 0.101892 0.737872 0.030522 0.028745
22 0.393388 0.735675 0.024486 0.024297
9 0.311726 0.741375 0.015890 0.035595
34 0.504244 0.735804 0.027190 0.024188
28 0.366426 0.735895 0.024340 0.023863
9 0.450134 0.742011 0.017999 0.035892
11 0.475294 0.736468 0.028397 0.024544
11 0.134809 0.737379 0.029038 0.025880
13 0.163038 0.737644 0.023907 0.026377
21 0.187588 0.736960 0.025740 0.024843
3 0.196833 0.774638 0.027474 0.026314
18 0.565125 0.775601 0.028845 0.027993
15 0.328875 0.784426 0.024412 0.045577
13 0.520598 0.774166 0.022703 0.024755
2 0.362757 0.780915 0.039421 0.038236
3 0.454675 0.774335 0.027726 0.024796
0 0.299298 0.774501 0.028726 0.024774
3 0.228284 0.774972 0.029107 0.025671
7 0.394956 0.774596 0.017631 0.024887
11 0.422397 0.774633 0.028858 0.024696
25 0.163229 0.774367 0.029014 0.024029
9 0.541834 0.786979 0.017302 0.048711
4 0.098520 0.778480 0.041134 0.031697
5 0.592229 0.780927 0.030771 0.035408
21 0.134776 0.776230 0.026641 0.024851
34 0.661987 0.777157 0.025540 0.025002
22 0.637677 0.776809 0.021829 0.023368