24 0.344143 0.148537 0.016891 0.024851
1 0.406424 0.149174 0.028862 0.025802
34 0.652066 0.149039 0.027675 0.024825
25 0.779566 0.149120 0.031719 0.024890
11 0.622473 0.149451 0.028306 0.025499
0 0.698703 0.149351 0.029620 0.025229
4 0.461172 0.149810 0.035656 0.025868
24 0.491846 0.149943 0.017653 0.025941
7 0.575759 0.149465 0.017473 0.024984
9 0.596621 0.155815 0.016691 0.037669
1 0.520115 0.149896 0.028510 0.025826
22 0.552273 0.149419 0.023634 0.024727
3 0.813192 0.150687 0.029557 0.027214
21 0.728820 0.150013 0.026955 0.025835
17 0.431819 0.149722 0.014711 0.024763
35 0.371670 0.149601 0.036097 0.024484
17 0.754267 0.150329 0.015487 0.025065
3 0.845225 0.151081 0.028821 0.026553
5 0.373841 0.190981 0.027912 0.031392
32 0.342510 0.190670 0.032223 0.030003
3 0.446269 0.189292 0.029166 0.025729
28 0.400595 0.189095 0.025789 0.024695
3 0.609390 0.189897 0.028245 0.025641
15 0.552516 0.194199 0.025612 0.034246
11 0.640805 0.190074 0.028296 0.025826
34 0.669677 0.189788 0.025720 0.024958
29 0.579554 0.189996 0.025866 0.025364
29 0.552491 0.195564 0.025182 0.036474
3 0.478131 0.189949 0.027980 0.025231
25 0.714843 0.190004 0.030422 0.025011
25 0.839792 0.190250 0.029591 0.024281
28 0.507484 0.190736 0.024120 0.024728
3 0.809814 0.190598 0.027152 0.024402
17 0.530526 0.190906 0.015081 0.024859
3 0.869966 0.191758 0.027563 0.025998
22 0.744730 0.190753 0.022763 0.023765
9 0.784260 0.199071 0.018491 0.039726
17 0.767197 0.191684 0.015286 0.024572
18 0.641304 0.228632 0.028910 0.029989
11 0.402574 0.229062 0.029338 0.026293
25 0.369354 0.228782 0.029730 0.024086
20 0.436295 0.229363 0.030005 0.024980
34 0.494568 0.229884 0.028462 0.025837
4 0.788870 0.233638 0.041587 0.032490
25 0.672266 0.229777 0.028572 0.024377
28 0.594556 0.230359 0.025848 0.025518
25 0.546071 0.229732 0.030758 0.024191
24 0.343189 0.230000 0.016364 0.024306
24 0.617846 0.230682 0.015975 0.025625
36 0.748080 0.230326 0.031133 0.024442
22 0.700063 0.230579 0.022918 0.024797
22 0.467023 0.230400 0.022440 0.024333
24 0.520228 0.230432 0.016430 0.024188
10 0.822652 0.231012 0.021198 0.025252
32 0.857384 0.233538 0.035107 0.029853
17 0.721235 0.230755 0.014045 0.023622
18 0.547087 0.270950 0.028761 0.030076
18 0.605600 0.271134 0.028907 0.028759
18 0.847700 0.271183 0.028807 0.028767
25 0.380405 0.270415 0.027390 0.025673
29 0.350543 0.271276 0.026664 0.027203
4 0.438425 0.274734 0.043174 0.031746
36 0.701602 0.273095 0.032136 0.027877
4 0.743234 0.275944 0.042890 0.033114
10 0.473456 0.272526 0.020549 0.025803
17 0.405808 0.272250 0.016352 0.025214
11 0.637073 0.272939 0.028602 0.026521
22 0.520959 0.271722 0.022166 0.023962
24 0.497697 0.272489 0.018837 0.025464
3 0.668433 0.272804 0.027365 0.025757
32 0.576316 0.275170 0.033682 0.030181
10 0.776202 0.273550 0.021732 0.026321
22 0.822255 0.272906 0.022200 0.024391
24 0.800005 0.273264 0.016351 0.024402
25 0.368539 0.309465 0.030667 0.025606
12 0.339184 0.310085 0.025894 0.026446
3 0.401905 0.310506 0.029637 0.026497
3 0.435321 0.310840 0.029241 0.026210
28 0.466958 0.311254 0.026122 0.025098
7 0.535990 0.310891 0.017939 0.024078
14 0.503841 0.311348 0.039264 0.024906
9 0.642042 0.317854 0.016545 0.037410
0 0.617571 0.311481 0.028050 0.024659
4 0.739195 0.314983 0.039750 0.031436
3 0.668036 0.312258 0.028163 0.025604
36 0.701021 0.312768 0.031095 0.026147
2 0.845638 0.318299 0.037621 0.036366
21 0.777171 0.312872 0.029003 0.025162
7 0.876026 0.312821 0.017945 0.024914
20 0.808911 0.312919 0.027838 0.024307
29 0.351274 0.351562 0.027082 0.027649
25 0.491591 0.350985 0.030891 0.025213
25 0.383776 0.350803 0.030919 0.024835
25 0.581731 0.350843 0.030126 0.024893
17 0.637255 0.351638 0.016167 0.026191
15 0.815129 0.356158 0.026192 0.035096
22 0.613147 0.350976 0.022749 0.024271
1 0.783915 0.351095 0.029920 0.024438
11 0.418593 0.352234 0.028500 0.026627
22 0.754117 0.351131 0.023206 0.024420
3 0.663248 0.351652 0.027828 0.025226
0 0.843719 0.351744 0.028939 0.025379
11 0.526555 0.351775 0.029044 0.025356
3 0.875373 0.352107 0.029304 0.025687
34 0.725856 0.351676 0.027598 0.024685
24 0.700533 0.351885 0.018191 0.024815
24 0.465613 0.352950 0.017630 0.024990
17 0.444135 0.353184 0.015139 0.025159
18 0.678349 0.388768 0.029672 0.029153
4 0.587535 0.392632 0.038243 0.031486
10 0.620670 0.389941 0.021087 0.024963
4 0.763304 0.393615 0.041068 0.032227
25 0.824176 0.390062 0.028546 0.024664
22 0.797749 0.390439 0.021482 0.025232
25 0.646794 0.389666 0.029799 0.023626
4 0.357781 0.394022 0.041147 0.031809
25 0.549184 0.390406 0.030271 0.024468
34 0.499142 0.390330 0.026974 0.024248
21 0.708848 0.391567 0.026691 0.026352
17 0.873415 0.391326 0.016741 0.024804
34 0.393016 0.391267 0.026678 0.024683
22 0.851582 0.391196 0.023121 0.024507
17 0.732716 0.391386 0.015085 0.024509
24 0.524270 0.391096 0.016077 0.023442
24 0.475886 0.391833 0.016087 0.023977
24 0.417823 0.392198 0.016430 0.024269
35 0.446072 0.392838 0.034896 0.022927
4 0.390376 0.433385 0.041036 0.032870
3 0.875151 0.429853 0.028331 0.025405
13 0.819888 0.429098 0.023669 0.023812
17 0.841668 0.429892 0.015266 0.024793
3 0.595562 0.430259 0.027149 0.025309
3 0.350399 0.430916 0.029899 0.026543
5 0.656713 0.433804 0.028281 0.031632
10 0.425057 0.431112 0.022283 0.026155
22 0.739257 0.430061 0.021944 0.023889
36 0.788581 0.430507 0.030084 0.024739
25 0.711370 0.430350 0.028144 0.024424
22 0.567096 0.430338 0.022435 0.023685
20 0.627525 0.430717 0.027741 0.024339
1 0.499301 0.431355 0.030004 0.025380
28 0.683115 0.430612 0.024596 0.023487
26 0.524986 0.435001 0.015404 0.032107
9 0.524993 0.435894 0.016435 0.033820
3 0.466475 0.431422 0.027978 0.024591
17 0.544458 0.430906 0.015153 0.023514
17 0.761736 0.430871 0.015787 0.023277
4 0.473555 0.471157 0.039247 0.031869
32 0.609759 0.470597 0.033118 0.030448
25 0.675722 0.467709 0.027791 0.023752
28 0.849338 0.468466 0.024824 0.025151
14 0.515845 0.468256 0.038535 0.024361
3 0.877972 0.468985 0.028588 0.025619
3 0.725986 0.468743 0.028206 0.025059
11 0.758376 0.469103 0.028319 0.025151
7 0.547118 0.467959 0.016172 0.022604
32 0.820335 0.471819 0.033855 0.030037
24 0.652201 0.468761 0.015636 0.023411
36 0.434266 0.469325 0.029977 0.024419
17 0.700644 0.469302 0.015610 0.024220
3 0.401403 0.470246 0.028439 0.025759
0 0.350445 0.470124 0.029006 0.025491
17 0.784080 0.469407 0.015307 0.023895
9 0.375513 0.478428 0.016711 0.040997
18 0.889624 0.506888 0.029191 0.028904
34 0.762596 0.506628 0.028453 0.024199
3 0.537239 0.507695 0.028408 0.026009
24 0.789282 0.506523 0.016530 0.023617
2 0.623080 0.513879 0.037300 0.038094
15 0.590580 0.512553 0.024019 0.035236
5 0.682521 0.510780 0.027913 0.031686
22 0.736906 0.507265 0.023821 0.024545
22 0.565643 0.507548 0.021793 0.024886
28 0.709913 0.507875 0.025562 0.024932
32 0.830044 0.509864 0.032990 0.028660
15 0.861013 0.514098 0.026672 0.036913
4 0.428593 0.511286 0.039007 0.031126
33 0.498446 0.508335 0.040935 0.025126
4 0.357191 0.511844 0.039687 0.031590
28 0.655696 0.508518 0.023301 0.024918
34 0.462375 0.508301 0.026238 0.023708
28 0.394241 0.509465 0.023938 0.025260
8 0.645227 0.546195 0.023709 0.025318
15 0.817938 0.553176 0.030051 0.038517
4 0.752983 0.549255 0.037699 0.030388
3 0.558559 0.547129 0.028409 0.026131
34 0.786598 0.546432 0.026879 0.024515
32 0.698812 0.548961 0.030511 0.029043
7 0.723213 0.546808 0.017375 0.024218
5 0.347986 0.551365 0.031883 0.033010
3 0.508764 0.547380 0.028082 0.025037
34 0.378410 0.547608 0.026034 0.025451
28 0.618781 0.547275 0.023738 0.024574
32 0.589789 0.549733 0.032020 0.028875
11 0.409966 0.548422 0.028314 0.025611
14 0.472208 0.548118 0.037289 0.024918
28 0.438965 0.548627 0.023713 0.024604
15 0.767668 0.590996 0.026381 0.038477
25 0.615671 0.584292 0.028982 0.024462
25 0.495816 0.585328 0.030379 0.026283
15 0.588092 0.590510 0.024211 0.036641
4 0.731102 0.588347 0.040377 0.032280
36 0.690782 0.584465 0.030382 0.024421
15 0.853542 0.591711 0.027385 0.038825
5 0.824035 0.588856 0.027146 0.032418
4 0.553123 0.588866 0.039432 0.032397
3 0.411611 0.586327 0.029835 0.026560
22 0.644280 0.584791 0.021475 0.023383
0 0.444579 0.586509 0.029089 0.026389
1 0.352061 0.586127 0.028282 0.025399
17 0.665165 0.585456 0.014271 0.023944
22 0.381262 0.586110 0.022635 0.024389
17 0.522258 0.586163 0.015820 0.024354
3 0.675646 0.623815 0.027158 0.026165
32 0.742176 0.626392 0.037924 0.030964
3 0.776066 0.623448 0.028394 0.025059
11 0.808680 0.623600 0.027522 0.025234
11 0.644739 0.623985 0.028593 0.025954
3 0.612150 0.623944 0.028155 0.025682
36 0.707660 0.624008 0.029932 0.025301
10 0.567869 0.624428 0.021418 0.025663
13 0.855926 0.624006 0.022541 0.024115
17 0.833996 0.623908 0.014846 0.023267
14 0.534784 0.624992 0.039144 0.025114
28 0.499082 0.625650 0.026048 0.026210
8 0.416340 0.626156 0.024147 0.027140
11 0.468011 0.625914 0.028202 0.025164
3 0.387099 0.627097 0.028243 0.026094
36 0.352997 0.626951 0.031094 0.025529
7 0.441521 0.627024 0.017311 0.024730
3 0.806277 0.662193 0.028803 0.026928
11 0.573146 0.662204 0.029180 0.026454
34 0.864876 0.662169 0.027389 0.026235
9 0.779681 0.671652 0.020489 0.045103
10 0.601251 0.661864 0.021650 0.025007
11 0.628371 0.662127 0.028016 0.025485
25 0.704790 0.662211 0.030534 0.025630
0 0.463735 0.662758 0.029404 0.026291
3 0.540770 0.662769 0.028256 0.026297
22 0.736392 0.662380 0.024599 0.025370
28 0.656243 0.662889 0.025140 0.025984
24 0.840797 0.662546 0.017956 0.024162
22 0.511940 0.662998 0.023540 0.025023
24 0.680489 0.663378 0.016371 0.025414
17 0.760338 0.663198 0.014895 0.025011
34 0.431262 0.663072 0.027223 0.024748
17 0.489210 0.662702 0.015224 0.023921
11 0.351857 0.663974 0.029930 0.026121
28 0.383937 0.664439 0.027015 0.026151
24 0.408481 0.663735 0.016916 0.024220
4 0.559705 0.701953 0.038625 0.030630
34 0.594608 0.699527 0.028625 0.025515
11 0.811831 0.699959 0.029506 0.026230
34 0.507824 0.700108 0.027978 0.026218
11 0.477472 0.700539 0.028913 0.026618
8 0.779530 0.700099 0.023858 0.025482
3 0.646011 0.699853 0.026854 0.024957
4 0.683063 0.703300 0.039531 0.031062
24 0.619828 0.700306 0.017032 0.024985
14 0.438263 0.700963 0.041635 0.026244
11 0.749819 0.700795 0.028505 0.025875
34 0.718176 0.700581 0.027177 0.024958
25 0.352049 0.701321 0.030121 0.025202
28 0.402564 0.701453 0.025327 0.024877
9 0.377184 0.709761 0.018166 0.039910
4 0.583766 0.739812 0.042413 0.031683
34 0.620095 0.737915 0.028570 0.026507
11 0.733702 0.738361 0.029121 0.026737
28 0.545595 0.738174 0.027172 0.026097
2 0.855069 0.742904 0.037835 0.035382
11 0.514424 0.738373 0.028818 0.026294
4 0.794433 0.740862 0.040330 0.031137
3 0.480861 0.738391 0.029528 0.025705
11 0.669092 0.738541 0.029234 0.025671
3 0.701023 0.738539 0.028920 0.025641
28 0.449782 0.739015 0.025634 0.026379
10 0.884620 0.738342 0.019348 0.025005
25 0.421077 0.738280 0.030102 0.024376
17 0.825704 0.739049 0.015153 0.025491
7 0.762102 0.739473 0.018424 0.025797
34 0.390883 0.739642 0.026432 0.024464
18 0.596315 0.774556 0.027029 0.028643
3 0.852243 0.775531 0.027770 0.026178
4 0.677448 0.778528 0.039661 0.031443
25 0.567004 0.775714 0.027597 0.024548
7 0.827047 0.775954 0.017124 0.024980
32 0.409170 0.778902 0.032910 0.030842
3 0.349822 0.776559 0.028625 0.025860
7 0.876619 0.776138 0.016818 0.025008
11 0.800849 0.776232 0.028362 0.025132
11 0.349827 0.776750 0.029293 0.025923
3 0.536603 0.776654 0.029106 0.025711
20 0.502560 0.776813 0.028569 0.025396
14 0.444931 0.777107 0.040055 0.025940
28 0.772548 0.776334 0.024409 0.023394
7 0.476796 0.776990 0.016667 0.024334
21 0.624512 0.777285 0.026800 0.024884
12 0.748258 0.777661 0.020475 0.025631
28 0.379727 0.777688 0.024707 0.025484
17 0.646962 0.777287 0.015522 0.024571