18 0.519419 0.149473 0.026613 0.029337
4 0.555832 0.153517 0.038011 0.031469
34 0.590740 0.150408 0.027442 0.024895
21 0.622873 0.150738 0.026715 0.025488
4 0.741883 0.152953 0.040347 0.029765
32 0.685471 0.153580 0.033602 0.030054
4 0.408546 0.154191 0.039139 0.030993
34 0.777079 0.150955 0.027250 0.024473
25 0.806153 0.150565 0.028838 0.023585
22 0.834311 0.151141 0.021790 0.024222
3 0.446094 0.152079 0.028391 0.026048
24 0.495418 0.151350 0.016101 0.024548
22 0.474513 0.151415 0.021619 0.024665
3 0.881351 0.152272 0.027929 0.026183
17 0.856507 0.151860 0.016463 0.025338
28 0.374036 0.152562 0.024588 0.025906
11 0.345451 0.153232 0.026888 0.025897
18 0.611887 0.190003 0.030056 0.030160
4 0.495366 0.193308 0.039753 0.031459
5 0.556769 0.193689 0.027788 0.031734
34 0.529953 0.192791 0.026704 0.028862
12 0.441072 0.192150 0.021003 0.027187
34 0.414671 0.191550 0.025552 0.025503
22 0.388722 0.191041 0.022423 0.024455
1 0.766628 0.190759 0.029239 0.023783
0 0.328047 0.191822 0.029290 0.025683
25 0.812957 0.191131 0.027406 0.024071
34 0.667366 0.191145 0.026193 0.023993
7 0.740763 0.190912 0.015523 0.023357
8 0.641813 0.191285 0.022136 0.024062
21 0.582879 0.191734 0.025917 0.024838
7 0.463855 0.191074 0.017341 0.023396
17 0.353068 0.192765 0.014685 0.024437
35 0.843483 0.193133 0.033376 0.025145
18 0.437899 0.230994 0.027876 0.026187
4 0.635781 0.235037 0.038925 0.032403
11 0.362734 0.232231 0.027682 0.026681
4 0.400014 0.234521 0.038456 0.030833
34 0.667628 0.231661 0.025768 0.024915
28 0.513167 0.231524 0.024434 0.024486
25 0.598819 0.231331 0.029822 0.023964
22 0.312861 0.232463 0.023845 0.026180
25 0.486627 0.231412 0.029264 0.024045
0 0.752950 0.232089 0.029902 0.025368
24 0.462882 0.231951 0.015854 0.024239
17 0.726950 0.232329 0.014151 0.024946
22 0.798925 0.231872 0.023016 0.023891
0 0.845362 0.232558 0.028378 0.025204
24 0.573615 0.232284 0.016119 0.024391
17 0.777716 0.232402 0.015126 0.024466
3 0.894272 0.233135 0.027431 0.025538
17 0.337188 0.232845 0.015628 0.024595
9 0.870502 0.239315 0.015635 0.037359
18 0.753394 0.271877 0.026930 0.028231
25 0.362183 0.272298 0.031278 0.025909
15 0.394438 0.277275 0.024764 0.035825
0 0.422980 0.273033 0.027652 0.024767
25 0.485868 0.272326 0.028772 0.023331
0 0.681247 0.272843 0.026982 0.024348
24 0.337665 0.272879 0.017460 0.024188
12 0.726899 0.273467 0.023990 0.025347
34 0.569806 0.272941 0.027123 0.024263
25 0.598201 0.272676 0.027004 0.023292
7 0.706506 0.273319 0.016587 0.024412
1 0.541129 0.273777 0.027732 0.024687
11 0.840722 0.274193 0.029587 0.025415
9 0.621751 0.278378 0.015304 0.033731
13 0.884439 0.274088 0.022046 0.024239
35 0.648238 0.273737 0.033424 0.023023
35 0.455033 0.274317 0.031913 0.023284
17 0.864667 0.274663 0.013647 0.023875
18 0.368372 0.311065 0.026226 0.026640
29 0.425790 0.311177 0.026607 0.025313
15 0.601244 0.316850 0.024744 0.036404
13 0.517499 0.311319 0.024444 0.024686
15 0.887528 0.317774 0.024560 0.037572
7 0.449116 0.311413 0.016347 0.024527
8 0.471058 0.311434 0.023648 0.024317
25 0.660597 0.311504 0.028574 0.024362
36 0.629706 0.311825 0.027801 0.024584
25 0.571230 0.311649 0.029429 0.023970
17 0.495766 0.311540 0.015018 0.023608
11 0.859473 0.312514 0.028021 0.025107
25 0.828997 0.311794 0.029090 0.023568
28 0.542652 0.312857 0.024827 0.025389
22 0.689983 0.312654 0.021300 0.024387
3 0.769876 0.313389 0.027769 0.025815
20 0.737257 0.312888 0.028959 0.024519
26 0.397358 0.312683 0.025596 0.023735
17 0.711593 0.313152 0.016046 0.024636
21 0.340744 0.313211 0.026650 0.024605
15 0.609192 0.355143 0.025933 0.037133
3 0.639311 0.350517 0.027907 0.026152
4 0.384795 0.353311 0.039663 0.031445
25 0.450937 0.350576 0.028725 0.025621
4 0.736387 0.353130 0.039308 0.030661
15 0.507234 0.353457 0.025827 0.030950
28 0.562483 0.350374 0.024272 0.024587
4 0.879305 0.353713 0.039349 0.030930
11 0.672062 0.351304 0.029117 0.026040
11 0.815343 0.351281 0.029408 0.025787
34 0.770609 0.350986 0.027575 0.025129
30 0.345624 0.351042 0.030075 0.025083
22 0.479352 0.351103 0.022248 0.025204
21 0.422281 0.351308 0.028186 0.025394
34 0.911418 0.351430 0.024992 0.025554
28 0.701988 0.351391 0.024563 0.025388
28 0.844484 0.351424 0.023440 0.025220
20 0.346068 0.351311 0.029442 0.024454
32 0.532538 0.354211 0.034000 0.029596
18 0.475152 0.388301 0.030302 0.029293
34 0.652049 0.389581 0.025527 0.025512
34 0.881634 0.389967 0.027176 0.026167
11 0.344317 0.390200 0.027624 0.026223
25 0.592880 0.389264 0.029386 0.024198
27 0.652229 0.389979 0.025355 0.025567
3 0.697401 0.390387 0.028174 0.026210
11 0.851533 0.390424 0.028483 0.026076
11 0.623745 0.390129 0.027914 0.025479
26 0.816028 0.390378 0.030675 0.025627
29 0.756669 0.390156 0.025980 0.024910
25 0.507043 0.389813 0.028595 0.024159
28 0.534795 0.390156 0.026404 0.024781
29 0.562977 0.390300 0.026312 0.025003
21 0.445273 0.390463 0.026392 0.025024
28 0.417510 0.390301 0.024529 0.024588
13 0.392399 0.389960 0.022500 0.023837
17 0.370803 0.390385 0.015164 0.023716
26 0.728137 0.391277 0.026920 0.024266
15 0.533759 0.432760 0.025290 0.037826
1 0.501993 0.426889 0.029408 0.026051
0 0.562803 0.426720 0.027602 0.025189
25 0.442792 0.426463 0.029813 0.024503
11 0.595757 0.426955 0.028789 0.025321
10 0.473228 0.426889 0.021460 0.024733
34 0.663388 0.427611 0.026613 0.024833
33 0.346690 0.427750 0.037946 0.024992
25 0.814914 0.427457 0.029693 0.024209
17 0.621683 0.427197 0.014729 0.023280
7 0.376838 0.428379 0.017918 0.025620
22 0.766581 0.427620 0.022815 0.024067
3 0.736989 0.427926 0.027565 0.024596
24 0.640169 0.427792 0.015443 0.024160
7 0.418202 0.427745 0.017033 0.023899
10 0.899875 0.428558 0.021096 0.025225
33 0.700044 0.428288 0.040218 0.024069
17 0.790007 0.428249 0.016270 0.023709
0 0.558229 0.464003 0.030511 0.027264
21 0.633234 0.464516 0.026188 0.026208
10 0.513686 0.465013 0.021873 0.024807
4 0.480409 0.468624 0.040602 0.031691
14 0.404600 0.465815 0.039276 0.025602
4 0.685436 0.467937 0.036977 0.029662
3 0.442557 0.466045 0.027359 0.025449
28 0.369523 0.465650 0.024832 0.024574
25 0.749320 0.465320 0.028290 0.023229
22 0.342045 0.465891 0.022216 0.023838
17 0.657308 0.465478 0.015736 0.022861
10 0.776332 0.466250 0.021124 0.024213
11 0.803058 0.467026 0.028275 0.025416
28 0.833040 0.467568 0.024130 0.025087
18 0.513641 0.501770 0.028079 0.029937
0 0.605195 0.504075 0.031788 0.026671
34 0.568291 0.503599 0.026749 0.025083
25 0.398935 0.503753 0.029915 0.025244
5 0.458761 0.507418 0.026467 0.032448
11 0.772680 0.504320 0.028030 0.026247
8 0.541804 0.503843 0.023142 0.024732
29 0.345211 0.505555 0.025898 0.027803
3 0.741506 0.504839 0.028322 0.025806
28 0.801307 0.504591 0.025733 0.024859
21 0.486093 0.504800 0.026501 0.025149
8 0.827387 0.504785 0.023568 0.025036
17 0.633121 0.504649 0.014885 0.024460
28 0.370338 0.505185 0.024099 0.025186
33 0.705469 0.505057 0.037951 0.024509
21 0.853033 0.505387 0.025938 0.024948
17 0.677725 0.504822 0.015100 0.023657
3 0.591364 0.543113 0.028270 0.025847
29 0.667784 0.543376 0.024670 0.025857
34 0.642195 0.543136 0.025676 0.024980
3 0.730703 0.544071 0.031159 0.026645
33 0.554475 0.543057 0.038946 0.024209
29 0.423989 0.543929 0.027088 0.025820
28 0.502949 0.543557 0.026606 0.025060
22 0.475884 0.543040 0.022691 0.023894
22 0.618722 0.543347 0.021419 0.024453
28 0.693396 0.543638 0.025251 0.024787
20 0.384411 0.543888 0.029465 0.025132
17 0.525877 0.543683 0.014124 0.024230
28 0.450105 0.543969 0.023876 0.024796
26 0.526032 0.543648 0.014583 0.024134
32 0.340609 0.546956 0.035664 0.030528
0 0.783853 0.544664 0.028515 0.024435
28 0.828707 0.545174 0.026736 0.025266
11 0.858431 0.545398 0.027113 0.025362
24 0.758355 0.545033 0.016773 0.024559
3 0.888361 0.545960 0.026951 0.025877
3 0.495625 0.580571 0.031114 0.027500
28 0.905320 0.581484 0.024914 0.026349
0 0.549521 0.581539 0.028673 0.025606
3 0.709992 0.582051 0.026962 0.026191
24 0.524309 0.581813 0.017507 0.024604
11 0.679507 0.581953 0.027807 0.024649
36 0.741697 0.581987 0.028622 0.024660
0 0.427359 0.582650 0.030739 0.025948
25 0.790111 0.581818 0.027895 0.024148
11 0.629470 0.581926 0.028343 0.024134
13 0.816978 0.581976 0.021084 0.024085
7 0.654224 0.582542 0.017814 0.025162
17 0.574472 0.582459 0.015274 0.024873
21 0.598368 0.582335 0.027420 0.024303
24 0.767643 0.582656 0.014694 0.024597
7 0.394302 0.582698 0.017676 0.024171
26 0.341538 0.584436 0.026937 0.024960
0 0.655917 0.620732 0.030643 0.027300
33 0.591224 0.619935 0.043495 0.025651
0 0.506301 0.620586 0.032117 0.026705
25 0.819837 0.620132 0.030574 0.025302
3 0.853899 0.620810 0.030177 0.026422
7 0.626364 0.620337 0.019703 0.025339
9 0.533489 0.627366 0.018349 0.038616
7 0.557066 0.620826 0.018466 0.025280
29 0.740191 0.621652 0.027770 0.026826
24 0.794112 0.621218 0.018068 0.025474
9 0.684073 0.627384 0.017406 0.037585
3 0.710607 0.621594 0.028273 0.025506
0 0.350050 0.621957 0.030147 0.026139
18 0.440195 0.655891 0.030002 0.029860
25 0.620521 0.656847 0.028713 0.024011
11 0.409372 0.658107 0.028146 0.025936
11 0.699402 0.658269 0.027505 0.025585
3 0.377592 0.658394 0.028810 0.025626
4 0.495038 0.661152 0.039238 0.030950
3 0.669136 0.658097 0.026749 0.024675
34 0.727749 0.658054 0.027212 0.024380
17 0.645171 0.658174 0.014739 0.024177
32 0.555750 0.660506 0.028696 0.028672
24 0.596541 0.657851 0.016554 0.023330
32 0.869717 0.661427 0.028828 0.029568
24 0.465906 0.658696 0.016038 0.023915
32 0.766097 0.661476 0.033054 0.028856
0 0.823725 0.659629 0.029210 0.024332
28 0.795213 0.660127 0.023938 0.024689
1 0.567963 0.694327 0.030202 0.025210
3 0.536135 0.694117 0.028187 0.024245
4 0.693066 0.697434 0.038983 0.030737
34 0.658200 0.694594 0.024898 0.024410
9 0.594491 0.699880 0.017057 0.034844
3 0.747116 0.695699 0.028400 0.026183
27 0.498190 0.695049 0.040263 0.024634
22 0.634590 0.694741 0.022459 0.023591
11 0.462878 0.695412 0.027497 0.024215
17 0.722586 0.695682 0.014863 0.024224
7 0.418767 0.696303 0.017265 0.025385
1 0.368890 0.696123 0.028958 0.024863
7 0.882661 0.696139 0.016589 0.024704
11 0.802713 0.696641 0.027221 0.025605
9 0.438186 0.704259 0.016734 0.040461
22 0.397155 0.696155 0.021943 0.023998
22 0.775109 0.696288 0.021626 0.024068
32 0.863236 0.698830 0.025694 0.028070
18 0.565206 0.729429 0.028021 0.030714
8 0.702842 0.731214 0.022774 0.025589
28 0.620296 0.731270 0.024217 0.024355
34 0.675609 0.731705 0.025968 0.024714
25 0.839549 0.731736 0.029041 0.024556
5 0.647012 0.734888 0.026141 0.030623
22 0.592773 0.731663 0.022661 0.024062
24 0.816899 0.731926 0.015114 0.023830
9 0.780257 0.737386 0.016120 0.034614
11 0.534373 0.732880 0.027664 0.025533
10 0.867324 0.733041 0.021801 0.025845
17 0.725032 0.732082 0.015023 0.023451
13 0.505991 0.733081 0.023552 0.024305
3 0.390167 0.733558 0.028337 0.025222
17 0.485344 0.734015 0.015202 0.025532
0 0.444096 0.733524 0.027621 0.023899
9 0.467997 0.737333 0.015518 0.031284
14 0.353954 0.734023 0.038520 0.024495
3 0.478297 0.770512 0.028374 0.026638
34 0.883450 0.770288 0.026722 0.025416
25 0.350102 0.770454 0.029154 0.025479
20 0.836696 0.770625 0.030923 0.025370
25 0.739585 0.770749 0.030198 0.025519
21 0.533446 0.771193 0.027262 0.025965
12 0.506163 0.771601 0.022690 0.026463
7 0.863208 0.771246 0.015038 0.025472
0 0.619715 0.771625 0.030340 0.026060
22 0.380364 0.771250 0.022938 0.025089
20 0.428370 0.771269 0.029188 0.024758
36 0.584863 0.771499 0.031317 0.025100
17 0.810217 0.771324 0.016113 0.024749
34 0.712504 0.771540 0.024832 0.025147
9 0.645353 0.783547 0.017236 0.049066
32 0.686735 0.774155 0.036259 0.029865
17 0.558379 0.771595 0.016132 0.024578
17 0.765595 0.771707 0.015074 0.024579
17 0.403012 0.772024 0.015615 0.024706
7 0.665135 0.773054 0.017837 0.025220