5 0.240562 0.159495 0.029374 0.033626
3 0.212072 0.154901 0.027567 0.024344
22 0.144247 0.155003 0.023116 0.024155
1 0.464917 0.155351 0.029712 0.024749
25 0.112333 0.154923 0.034020 0.023760
34 0.269950 0.155683 0.026005 0.024573
11 0.563884 0.155864 0.027399 0.024655
22 0.493826 0.155280 0.022444 0.023370
7 0.518321 0.155819 0.018579 0.024221
3 0.595658 0.156365 0.028357 0.025286
9 0.186250 0.164511 0.018373 0.041570
9 0.539177 0.164217 0.016614 0.040908
24 0.439682 0.155486 0.016630 0.023382
14 0.348342 0.155918 0.034991 0.024058
20 0.382303 0.155870 0.026255 0.023706
5 0.624272 0.159560 0.025577 0.031045
26 0.414566 0.156188 0.027396 0.023833
32 0.314020 0.159359 0.034330 0.029365
34 0.651913 0.156881 0.026002 0.024405
18 0.282938 0.191687 0.027103 0.028513
13 0.400860 0.192905 0.023149 0.024817
3 0.522425 0.193204 0.027153 0.025262
25 0.552870 0.192998 0.030355 0.024216
28 0.465023 0.193039 0.024370 0.024165
32 0.492792 0.195348 0.030502 0.028625
28 0.374368 0.193337 0.024335 0.024500
36 0.631741 0.193182 0.029267 0.024021
21 0.255094 0.193496 0.025778 0.024586
26 0.421789 0.193141 0.014304 0.023805
9 0.440861 0.202122 0.017922 0.041459
22 0.582826 0.193697 0.022225 0.024388
11 0.346099 0.193646 0.027557 0.023988
13 0.212325 0.193530 0.023224 0.023714
17 0.421773 0.193489 0.014908 0.023468
21 0.185642 0.194083 0.024653 0.024343
11 0.113047 0.194408 0.028426 0.024782
17 0.605705 0.194035 0.015314 0.023635
8 0.159927 0.194188 0.022834 0.023883
17 0.233126 0.194315 0.014249 0.023461
28 0.488557 0.231502 0.026418 0.025699
9 0.437833 0.239188 0.016421 0.040433
1 0.409088 0.231777 0.030038 0.025580
25 0.461698 0.230924 0.028781 0.023780
3 0.377123 0.232047 0.028259 0.025383
9 0.514192 0.239096 0.019564 0.039310
29 0.626040 0.232215 0.026641 0.025472
25 0.656232 0.232301 0.028028 0.025283
4 0.136237 0.235222 0.041512 0.030922
3 0.595916 0.232303 0.028822 0.025003
28 0.539158 0.232704 0.025713 0.025682
30 0.325793 0.232837 0.035653 0.025817
3 0.290799 0.232653 0.028146 0.025227
11 0.259681 0.232569 0.027850 0.025023
34 0.678640 0.232796 0.020068 0.025009
25 0.190095 0.232703 0.029619 0.024428
17 0.166616 0.233110 0.013980 0.024782
9 0.215083 0.240863 0.017876 0.039603
24 0.104781 0.233493 0.016929 0.024757
7 0.234610 0.233819 0.015533 0.023943
4 0.592483 0.272679 0.033393 0.025996
3 0.486276 0.272915 0.028981 0.026158
34 0.541230 0.272169 0.027097 0.024641
25 0.387783 0.272453 0.028754 0.025108
3 0.310233 0.272992 0.028687 0.026153
22 0.516281 0.272579 0.024250 0.024890
28 0.146808 0.273415 0.025202 0.026013
28 0.645778 0.273803 0.026994 0.026729
22 0.339571 0.272935 0.023725 0.024987
3 0.236461 0.273630 0.028286 0.026354
22 0.417908 0.273128 0.022355 0.025291
13 0.173978 0.273587 0.025234 0.025621
9 0.459598 0.281771 0.017708 0.041922
11 0.115434 0.273646 0.028881 0.025670
9 0.621452 0.280944 0.018224 0.040248
33 0.272976 0.273850 0.040241 0.024169
3 0.286176 0.313639 0.030232 0.026917
3 0.546406 0.314058 0.029032 0.026791
25 0.254258 0.313395 0.029686 0.025436
25 0.577962 0.313856 0.029784 0.026352
3 0.143406 0.313628 0.029723 0.025720
3 0.337074 0.314218 0.029756 0.026760
32 0.108771 0.316752 0.037941 0.031794
25 0.388943 0.313381 0.031375 0.025049
4 0.201064 0.317045 0.040995 0.032153
32 0.515786 0.316335 0.033645 0.030608
24 0.362632 0.314172 0.017716 0.025416
28 0.486325 0.314391 0.026526 0.025624
9 0.460734 0.322080 0.018029 0.040928
13 0.419198 0.314609 0.023609 0.025845
24 0.169954 0.314175 0.016569 0.024820
22 0.607441 0.314891 0.023168 0.025481
36 0.654981 0.315637 0.029811 0.026579
17 0.441871 0.314756 0.015280 0.023968
17 0.629922 0.315428 0.015287 0.025158
3 0.322486 0.352692 0.030007 0.027452
1 0.234570 0.352087 0.029398 0.025964
15 0.567406 0.358642 0.023724 0.038779
11 0.289022 0.352506 0.029644 0.026384
30 0.358531 0.352551 0.037423 0.026014
4 0.471769 0.355528 0.041449 0.031954
3 0.595013 0.352868 0.028977 0.026392
3 0.509670 0.352637 0.027033 0.025918
4 0.632879 0.356521 0.040965 0.033390
0 0.412021 0.353188 0.030958 0.026498
21 0.539995 0.352997 0.025730 0.025915
34 0.184151 0.352277 0.026490 0.024439
13 0.113776 0.352804 0.026728 0.024554
22 0.158352 0.352301 0.023148 0.023346
24 0.209889 0.353414 0.016761 0.024890
17 0.136471 0.353001 0.014149 0.023780
17 0.439900 0.353607 0.015862 0.024099
35 0.670462 0.354135 0.029398 0.023449
25 0.211601 0.391711 0.029013 0.026441
3 0.117882 0.392039 0.029929 0.026875
8 0.401537 0.392185 0.023434 0.026468
4 0.280885 0.395460 0.038357 0.032980
29 0.180798 0.392088 0.027526 0.025973
28 0.428530 0.392819 0.025712 0.026064
28 0.374511 0.392570 0.025612 0.025494
13 0.556138 0.392147 0.024722 0.024505
17 0.579256 0.392246 0.015979 0.024569
26 0.150870 0.392886 0.027180 0.025686
22 0.476535 0.392297 0.024387 0.024499
36 0.525821 0.392515 0.029772 0.024547
24 0.453035 0.392983 0.016981 0.025411
9 0.349334 0.400125 0.018713 0.039639
17 0.498993 0.392796 0.015247 0.024152
35 0.320205 0.393727 0.034008 0.024345
18 0.313113 0.427582 0.030058 0.030678
37 0.120883 0.431004 0.035984 0.027083
13 0.220152 0.430266 0.024560 0.025585
5 0.342832 0.433808 0.030720 0.032485
13 0.265288 0.430440 0.025759 0.025645
28 0.371224 0.431390 0.028075 0.027249
9 0.288992 0.435262 0.017277 0.034739
7 0.197009 0.430798 0.017034 0.025006
22 0.153853 0.430488 0.023937 0.024334
17 0.241914 0.430146 0.014661 0.023239
24 0.178170 0.430614 0.016807 0.023949
15 0.543782 0.435931 0.023600 0.034058
32 0.569088 0.433356 0.031262 0.028625
7 0.658300 0.431766 0.015427 0.025445
4 0.630887 0.434811 0.036754 0.030940
3 0.418402 0.431516 0.027215 0.024095
11 0.449402 0.431571 0.028381 0.023677
7 0.474798 0.431535 0.015634 0.023358
3 0.597253 0.431702 0.025844 0.023630
24 0.520974 0.431342 0.016263 0.022532
26 0.497571 0.431951 0.023889 0.022956
29 0.493068 0.468602 0.024758 0.024185
0 0.169682 0.469119 0.029058 0.025101
25 0.521233 0.467989 0.027094 0.022702
34 0.549398 0.468773 0.024610 0.024023
3 0.219914 0.469007 0.026555 0.024354
36 0.250928 0.469204 0.027702 0.024202
4 0.595240 0.469483 0.032325 0.024286
25 0.628344 0.469595 0.028912 0.024500
7 0.142633 0.469267 0.017050 0.023776
4 0.287703 0.472394 0.038109 0.030001
0 0.447809 0.469408 0.027789 0.023801
9 0.471693 0.473999 0.015487 0.032812
20 0.351410 0.469654 0.029079 0.023988
34 0.656532 0.470380 0.024513 0.025068
11 0.117102 0.469966 0.025860 0.024183
28 0.420183 0.469886 0.023709 0.023844
2 0.387258 0.475038 0.035638 0.033670
21 0.321940 0.470146 0.025886 0.023220
3 0.514120 0.507878 0.027789 0.025220
11 0.406727 0.508363 0.029481 0.025772
25 0.230832 0.507874 0.027294 0.024158
28 0.484881 0.508524 0.024523 0.025353
33 0.551810 0.508307 0.041170 0.024877
4 0.611161 0.511374 0.037880 0.030932
11 0.316602 0.508181 0.027214 0.024492
27 0.357728 0.508340 0.049311 0.024455
36 0.162550 0.508272 0.028514 0.024152
32 0.455657 0.510726 0.034129 0.028983
22 0.115072 0.508400 0.023507 0.023928
3 0.285972 0.508654 0.027537 0.024318
28 0.257523 0.509107 0.023559 0.024766
17 0.137096 0.508895 0.014749 0.023904
7 0.581524 0.509096 0.016726 0.023795
18 0.487569 0.544624 0.027502 0.029054
3 0.284627 0.547221 0.027921 0.026440
11 0.545709 0.546623 0.027256 0.024833
15 0.575350 0.552223 0.024780 0.036012
29 0.516980 0.546673 0.025368 0.024713
34 0.176410 0.547050 0.025862 0.025358
3 0.357637 0.547430 0.028931 0.025968
12 0.384926 0.547564 0.022120 0.025551
32 0.256195 0.549474 0.029093 0.029174
9 0.201560 0.556983 0.018747 0.044172
20 0.604162 0.547020 0.029118 0.024170
11 0.411744 0.547873 0.026484 0.025807
3 0.118582 0.547681 0.026212 0.025368
10 0.438439 0.547701 0.020527 0.025330
5 0.147309 0.551031 0.027849 0.031978
28 0.228263 0.548328 0.024313 0.025379
33 0.320713 0.547593 0.037739 0.023710
4 0.250845 0.587245 0.037727 0.030629
3 0.287510 0.585031 0.029328 0.026177
11 0.460352 0.584836 0.028304 0.025453
3 0.318545 0.585158 0.027222 0.025820
10 0.657404 0.585119 0.020020 0.025215
4 0.355923 0.588042 0.041263 0.030986
25 0.191509 0.584694 0.028141 0.024095
0 0.631179 0.585640 0.028490 0.025783
36 0.524728 0.585306 0.030309 0.024704
7 0.434955 0.585419 0.017819 0.024377
4 0.561085 0.587697 0.035502 0.028554
10 0.594369 0.585116 0.020050 0.023256
22 0.217858 0.585535 0.021672 0.022827
21 0.410388 0.586098 0.026229 0.023887
17 0.386879 0.586225 0.015154 0.023193
25 0.177755 0.622312 0.028391 0.024051
11 0.455706 0.623159 0.027606 0.025279
16 0.397243 0.629401 0.027307 0.037605
14 0.518220 0.622877 0.035656 0.024267
28 0.485273 0.623500 0.023607 0.025303
34 0.207331 0.623007 0.025444 0.023902
13 0.605713 0.623463 0.023181 0.024268
29 0.367153 0.624312 0.025091 0.025631
7 0.546438 0.623005 0.015385 0.022953
32 0.342610 0.625539 0.028208 0.027677
28 0.426943 0.623951 0.024756 0.024430
28 0.667494 0.624130 0.023768 0.024590
22 0.286690 0.623249 0.022004 0.022398
4 0.255806 0.623500 0.031843 0.022814
24 0.153883 0.623401 0.015259 0.022587
33 0.636166 0.624398 0.036955 0.024170
7 0.134082 0.623337 0.016714 0.021099
15 0.148623 0.666786 0.031284 0.041467
25 0.474455 0.659218 0.029265 0.024692
8 0.117914 0.659553 0.023498 0.024992
3 0.220872 0.660130 0.027751 0.025685
9 0.450210 0.667106 0.019880 0.039422
25 0.269241 0.659784 0.028255 0.024743
1 0.423958 0.660202 0.028845 0.025359
3 0.583793 0.660800 0.027690 0.025612
21 0.394923 0.660292 0.025283 0.024551
13 0.298588 0.660418 0.022859 0.024642
28 0.178774 0.659926 0.024868 0.023328
24 0.246233 0.660555 0.015846 0.023716
17 0.319592 0.660370 0.013851 0.022557
35 0.533808 0.660554 0.034758 0.022663
25 0.631660 0.660973 0.026707 0.023058
27 0.664281 0.661983 0.039061 0.024754
24 0.609350 0.661491 0.016444 0.022041
4 0.402640 0.700599 0.039421 0.032490
0 0.122098 0.696682 0.028965 0.024283
34 0.218887 0.696305 0.025974 0.023478
3 0.365316 0.697154 0.028102 0.024632
34 0.526458 0.697155 0.028342 0.024366
28 0.248743 0.697508 0.023394 0.024779
34 0.333070 0.696908 0.026839 0.023572
0 0.276887 0.696715 0.026875 0.023153
1 0.190886 0.696801 0.027420 0.023290
9 0.163308 0.704067 0.019101 0.037775
11 0.465900 0.697577 0.027031 0.024656
27 0.661948 0.698219 0.040592 0.025699
29 0.436465 0.697186 0.025002 0.023589
21 0.304829 0.697135 0.025217 0.022944
25 0.623580 0.697730 0.029391 0.023894
24 0.600213 0.698848 0.016370 0.023908
15 0.151966 0.737234 0.029246 0.036262
4 0.530807 0.734705 0.039248 0.029701
3 0.303818 0.732175 0.027172 0.024373
37 0.350191 0.732204 0.034851 0.024414
15 0.416344 0.736250 0.025101 0.032222
3 0.494588 0.732538 0.027600 0.024681
14 0.268291 0.732204 0.036658 0.023927
25 0.463401 0.732126 0.029570 0.023742
3 0.626530 0.733136 0.031550 0.025320
11 0.206644 0.732678 0.026472 0.023945
28 0.235316 0.732522 0.023348 0.023549
3 0.568023 0.733200 0.027699 0.024842
0 0.385759 0.732758 0.028853 0.023850
10 0.179966 0.732913 0.020677 0.023575
13 0.595709 0.733254 0.023155 0.024089
26 0.121353 0.733095 0.025682 0.023364
24 0.438970 0.733370 0.017023 0.023287
18 0.252148 0.767041 0.026673 0.028450
18 0.636255 0.767719 0.027939 0.027318
3 0.498662 0.767577 0.027899 0.024458
11 0.359433 0.768199 0.028978 0.025675
3 0.313706 0.767964 0.027900 0.024659
34 0.388638 0.768003 0.025091 0.023879
0 0.531026 0.768331 0.028419 0.024134
9 0.229109 0.779080 0.017716 0.045558
13 0.204698 0.768289 0.024945 0.023837
5 0.281167 0.773692 0.030341 0.034636
11 0.432093 0.768302 0.027149 0.023619
9 0.557155 0.778527 0.016041 0.043962
22 0.609939 0.768834 0.021108 0.024140
3 0.581995 0.769297 0.028002 0.023981
22 0.122345 0.769100 0.022304 0.023419
24 0.144951 0.769329 0.015748 0.023641
35 0.465232 0.768784 0.033535 0.022377
35 0.172610 0.769396 0.036483 0.022661