32 0.073262 0.140270 0.041535 0.075503
11 0.646094 0.136162 0.030036 0.060490
13 0.226310 0.134197 0.022929 0.056497
22 0.159288 0.134415 0.024768 0.056324
24 0.183838 0.134943 0.017571 0.055942
22 0.288660 0.135333 0.022704 0.056333
17 0.248114 0.134800 0.015828 0.055162
3 0.595715 0.136145 0.027191 0.057844
4 0.558616 0.141992 0.040838 0.069412
24 0.266832 0.134848 0.015787 0.054949
14 0.361400 0.136382 0.039070 0.057605
7 0.204457 0.135675 0.017978 0.055787
7 0.136395 0.136032 0.017946 0.056152
9 0.620317 0.151926 0.016309 0.087806
11 0.418683 0.137025 0.029047 0.057619
3 0.110326 0.136514 0.029210 0.056385
7 0.312538 0.135524 0.018059 0.054382
9 0.331442 0.153968 0.015919 0.089699
28 0.522671 0.137922 0.025113 0.057379
28 0.447843 0.137504 0.024912 0.056252
7 0.392099 0.137125 0.017791 0.055344
24 0.471339 0.136764 0.016775 0.054384
25 0.494931 0.136526 0.028805 0.052455
4 0.071721 0.224663 0.040216 0.061978
4 0.637444 0.232309 0.039442 0.071752
3 0.671320 0.225332 0.028279 0.057055
24 0.603733 0.227331 0.017704 0.059374
32 0.506583 0.231771 0.034032 0.067163
1 0.112269 0.228100 0.032362 0.059641
3 0.297162 0.226146 0.027557 0.055337
24 0.271709 0.226130 0.018114 0.055061
25 0.165012 0.225934 0.031815 0.054283
34 0.196582 0.226372 0.026344 0.054537
3 0.407714 0.227787 0.028628 0.057087
36 0.242886 0.226878 0.031417 0.055046
11 0.376575 0.226978 0.028825 0.055143
11 0.440061 0.227578 0.028806 0.055941
3 0.376565 0.227065 0.028798 0.054713
25 0.345365 0.226857 0.028576 0.053788
10 0.533692 0.228250 0.022304 0.054949
28 0.469790 0.230071 0.025193 0.057792
24 0.322516 0.230156 0.016685 0.057267
17 0.140363 0.228333 0.015928 0.052792
3 0.213318 0.311183 0.027339 0.058020
15 0.341099 0.328826 0.026852 0.093034
13 0.310505 0.312587 0.025591 0.058991
0 0.371678 0.313021 0.030009 0.059067
3 0.268187 0.312180 0.027963 0.056668
4 0.153421 0.319535 0.040735 0.070579
4 0.426290 0.318732 0.039224 0.068537
10 0.186805 0.312186 0.021151 0.054684
12 0.239875 0.314993 0.021146 0.059008
17 0.396275 0.314202 0.014896 0.054032
17 0.456923 0.315697 0.015076 0.053439
17 0.123412 0.316732 0.015031 0.051987
9 0.102886 0.347875 0.016356 0.114060
4 0.317616 0.407504 0.043041 0.075341
4 0.130875 0.409211 0.045830 0.077416
8 0.354233 0.401955 0.025179 0.062730
28 0.279610 0.403636 0.025121 0.061533
28 0.249908 0.403208 0.026620 0.058685
12 0.220234 0.404668 0.022894 0.061534
11 0.408498 0.405210 0.030365 0.062195
17 0.380322 0.404627 0.016458 0.059201
11 0.468225 0.406069 0.031810 0.061149
10 0.437858 0.404551 0.021895 0.057616
28 0.501902 0.405620 0.026520 0.059497
3 0.661063 0.405607 0.027180 0.058861
3 0.301902 0.490455 0.028862 0.056604
13 0.271486 0.490277 0.024263 0.055727
11 0.536940 0.494025 0.029220 0.061171
1 0.223629 0.490785 0.028392 0.053938
5 0.390622 0.499915 0.029351 0.072178
7 0.365648 0.491629 0.017070 0.053576
14 0.600799 0.493272 0.039138 0.056623
28 0.565731 0.494589 0.023335 0.059121
10 0.633863 0.495184 0.022426 0.059345
7 0.510932 0.494515 0.017504 0.057902
17 0.248775 0.492231 0.015670 0.053087
24 0.491195 0.494481 0.016846 0.057166
7 0.417246 0.493071 0.017110 0.053972
24 0.345192 0.493400 0.016392 0.054584
24 0.438250 0.495278 0.018271 0.058201
32 0.195174 0.499022 0.032347 0.065303
32 0.163549 0.493069 0.025470 0.053308
8 0.262199 0.576188 0.024708 0.059987
34 0.347441 0.576829 0.026949 0.056000
3 0.294718 0.577979 0.029382 0.058276
11 0.377716 0.578838 0.028447 0.057996
22 0.323630 0.577246 0.022329 0.054737
0 0.162847 0.578970 0.029187 0.057012
27 0.416055 0.579646 0.045660 0.057948
34 0.406567 0.579256 0.026826 0.056814
17 0.238944 0.578778 0.015963 0.053621
28 0.644045 0.581393 0.027397 0.058829
24 0.136292 0.580099 0.017998 0.055686
32 0.214342 0.587976 0.035609 0.071271
21 0.615340 0.581025 0.027575 0.056925
36 0.523649 0.580413 0.031370 0.055619
17 0.189041 0.579401 0.015804 0.053422
24 0.449859 0.579921 0.018003 0.054433
24 0.590934 0.580363 0.016907 0.054943
22 0.473027 0.580629 0.023890 0.054941
17 0.497087 0.581048 0.015742 0.052879
8 0.554863 0.663678 0.023293 0.059135
34 0.526057 0.663287 0.029198 0.057776
4 0.490218 0.669999 0.041723 0.069730
8 0.273528 0.664563 0.024418 0.056774
3 0.656900 0.665416 0.030575 0.058295
25 0.624192 0.664711 0.030050 0.056134
34 0.197445 0.664968 0.027056 0.055342
11 0.367259 0.665159 0.028365 0.055668
2 0.330165 0.678521 0.040133 0.082345
1 0.431128 0.666074 0.031224 0.056672
27 0.206489 0.665737 0.044731 0.055295
22 0.172569 0.664897 0.024535 0.052757
27 0.587635 0.665413 0.042982 0.053157
3 0.398071 0.666501 0.029048 0.054821
17 0.457670 0.666557 0.016269 0.053175
26 0.244913 0.667100 0.026574 0.053851
0 0.203465 0.753469 0.032553 0.063458
3 0.260184 0.750508 0.029690 0.057349
4 0.526644 0.759652 0.042171 0.075476
36 0.484993 0.752048 0.033220 0.059889
29 0.291021 0.750804 0.027891 0.056453
3 0.449958 0.751602 0.031021 0.057960
2 0.356174 0.764103 0.040765 0.082304
27 0.647938 0.752911 0.043869 0.059769
9 0.231632 0.770522 0.018690 0.094807
28 0.320027 0.751735 0.026134 0.056928
11 0.415642 0.752678 0.029271 0.057333
7 0.388533 0.752953 0.018293 0.055576
10 0.562482 0.754408 0.021859 0.058192
25 0.608550 0.753565 0.030375 0.056381
24 0.585310 0.754723 0.017037 0.054759