4 0.610973 0.196799 0.045556 0.102778
4 0.363037 0.193096 0.043503 0.092998
11 0.538092 0.188519 0.031606 0.080790
25 0.241044 0.184575 0.032150 0.071753
34 0.402707 0.186453 0.029539 0.075107
3 0.501271 0.188299 0.032003 0.078511
34 0.648654 0.187666 0.027473 0.076913
0 0.684155 0.188228 0.034521 0.077808
3 0.322985 0.188219 0.029558 0.076327
22 0.272052 0.186202 0.022680 0.071555
11 0.867770 0.190007 0.030857 0.078418
28 0.571945 0.188934 0.027362 0.076017
25 0.434730 0.187359 0.032379 0.072059
15 0.794377 0.201550 0.026259 0.100002
33 0.828723 0.188155 0.043781 0.073159
24 0.733936 0.189507 0.017292 0.075743
28 0.466053 0.190388 0.027843 0.076142
17 0.294602 0.187813 0.019981 0.069275
21 0.762692 0.190903 0.029877 0.074903
17 0.713752 0.190929 0.016146 0.073770
13 0.633466 0.302191 0.026232 0.077739
3 0.833654 0.303674 0.032838 0.078833
8 0.572316 0.303485 0.027197 0.078424
15 0.705113 0.323612 0.028162 0.117387
25 0.754951 0.302361 0.032834 0.074655
34 0.541018 0.304874 0.031610 0.075997
17 0.658783 0.305606 0.017131 0.076260
9 0.784335 0.326645 0.016510 0.117638
24 0.729569 0.304563 0.017930 0.073459
4 0.353319 0.313266 0.043789 0.090694
34 0.390570 0.305689 0.028872 0.075534
21 0.603848 0.306108 0.027957 0.075492
17 0.680437 0.304891 0.017122 0.071303
32 0.511829 0.312126 0.040510 0.085218
17 0.804316 0.307096 0.018008 0.073182
22 0.236321 0.306785 0.023518 0.072422
14 0.273407 0.308283 0.042134 0.075333
3 0.313957 0.308286 0.030553 0.075117
35 0.470741 0.305721 0.038998 0.069849
9 0.439670 0.327861 0.019781 0.113059
7 0.744511 0.422656 0.019957 0.078899
12 0.628981 0.425148 0.027407 0.082958
36 0.847137 0.423398 0.034627 0.078711
10 0.601894 0.423336 0.023544 0.078581
3 0.809850 0.423312 0.032839 0.078376
11 0.774108 0.423283 0.033024 0.077374
11 0.661230 0.424373 0.032439 0.079328
11 0.411577 0.426246 0.033774 0.081825
22 0.716911 0.423610 0.026809 0.076460
13 0.466034 0.426996 0.027657 0.082318
4 0.367417 0.432309 0.047165 0.092696
17 0.689667 0.424811 0.018163 0.076471
9 0.576788 0.442862 0.019504 0.111804
7 0.553632 0.425386 0.018426 0.075859
11 0.236310 0.428693 0.033234 0.082418
34 0.270596 0.428503 0.030798 0.081164
3 0.324178 0.428114 0.032026 0.079845
32 0.522612 0.433822 0.042563 0.089790
17 0.440306 0.427154 0.016477 0.075432
18 0.498857 0.535043 0.032846 0.089393
3 0.883306 0.535644 0.031795 0.082373
4 0.842992 0.543266 0.045935 0.095521
3 0.785028 0.537752 0.033337 0.082184
2 0.742772 0.557702 0.045599 0.118106
3 0.700629 0.539465 0.032008 0.078096
15 0.635052 0.560440 0.026483 0.117940
4 0.543622 0.548323 0.048090 0.091949
11 0.463606 0.541746 0.032524 0.078781
10 0.582550 0.541486 0.026101 0.076585
32 0.665350 0.548200 0.039920 0.088339
24 0.608205 0.541159 0.018227 0.073899
28 0.381416 0.544323 0.029982 0.078195
14 0.422166 0.542251 0.044714 0.073896
25 0.323246 0.543845 0.034350 0.075820
9 0.354835 0.566150 0.018099 0.116450
24 0.296860 0.547865 0.018616 0.076209
11 0.237265 0.548267 0.031689 0.077000
28 0.270844 0.549925 0.029044 0.077403
16 0.796449 0.674566 0.034627 0.124552
3 0.755872 0.654399 0.035024 0.081800
3 0.622545 0.656164 0.032056 0.080334
10 0.850540 0.657004 0.025309 0.080736
7 0.702397 0.655321 0.020944 0.076862
28 0.587768 0.656567 0.028996 0.078731
0 0.496544 0.657641 0.034821 0.080543
33 0.665308 0.656861 0.047094 0.078329
9 0.825721 0.680157 0.019551 0.124134
3 0.458187 0.658871 0.033017 0.076937
4 0.299874 0.666224 0.047035 0.090551
32 0.554006 0.665473 0.037034 0.088969
3 0.343149 0.659730 0.032699 0.076918
22 0.423960 0.659471 0.024002 0.075472
17 0.397626 0.660372 0.017529 0.075877
34 0.255937 0.661122 0.031330 0.076984
17 0.528066 0.659515 0.016897 0.073034
9 0.374645 0.682317 0.019359 0.117608
9 0.228111 0.683337 0.017012 0.115343
11 0.849116 0.772218 0.033893 0.086569
1 0.238806 0.771867 0.037114 0.080756
1 0.809683 0.770638 0.035446 0.078295
4 0.346501 0.776056 0.046340 0.088947
22 0.274896 0.769863 0.025980 0.076204
34 0.718449 0.771043 0.032865 0.077734
21 0.304574 0.769141 0.030124 0.073881
34 0.385839 0.771007 0.031139 0.077252
4 0.677486 0.782010 0.047424 0.098749
3 0.771233 0.771862 0.033997 0.078432
1 0.610024 0.772106 0.033939 0.078003
11 0.535209 0.772820 0.035351 0.078582
3 0.421524 0.773015 0.033223 0.078796
3 0.572182 0.772464 0.034295 0.077594
35 0.886718 0.775071 0.040690 0.080460
2 0.489978 0.789705 0.047798 0.109067
17 0.641509 0.773370 0.017888 0.076104
24 0.452170 0.774710 0.019559 0.073839
18 0.719619 0.877866 0.034877 0.091366
4 0.767078 0.892112 0.049451 0.097283
34 0.807592 0.886224 0.028852 0.080745
11 0.302788 0.886119 0.034771 0.080186
3 0.302778 0.886126 0.034785 0.079092
3 0.631904 0.887082 0.033701 0.080723
4 0.457717 0.894980 0.047519 0.095467
22 0.665493 0.886117 0.029052 0.076218
24 0.692439 0.886025 0.018953 0.075504
28 0.336371 0.886916 0.028859 0.077218
20 0.261930 0.886729 0.035629 0.076319
14 0.379376 0.888273 0.046942 0.078992
21 0.842708 0.888261 0.031443 0.078138
20 0.877778 0.888192 0.032107 0.077826
4 0.570331 0.897144 0.047498 0.095632
12 0.227078 0.894058 0.027529 0.086699
7 0.419604 0.887931 0.020325 0.073519