5 0.410422 0.134347 0.027787 0.033987
14 0.346001 0.130268 0.035933 0.025136
34 0.439177 0.130746 0.026807 0.024677
34 0.537891 0.131838 0.027134 0.025237
28 0.486278 0.131384 0.024016 0.024293
8 0.510935 0.131476 0.021834 0.024441
24 0.561788 0.132869 0.015123 0.024394
22 0.583455 0.133005 0.021925 0.024323
3 0.629902 0.133679 0.027778 0.025036
5 0.657313 0.137491 0.026885 0.032560
17 0.605318 0.134342 0.014699 0.025597
34 0.685477 0.134653 0.026395 0.024745
4 0.746048 0.137862 0.037012 0.030262
3 0.789196 0.136757 0.026931 0.025213
22 0.816737 0.137860 0.021324 0.024944
24 0.837078 0.138114 0.016240 0.024298
35 0.861377 0.138711 0.032197 0.024607
15 0.356711 0.175949 0.025031 0.036732
0 0.422264 0.171183 0.027216 0.024593
24 0.378172 0.171721 0.016523 0.025532
14 0.459560 0.171747 0.037775 0.025538
17 0.397753 0.171650 0.015689 0.024189
28 0.493287 0.171938 0.025495 0.023758
26 0.574790 0.173873 0.027616 0.024800
0 0.649614 0.174704 0.028317 0.025851
11 0.752644 0.176532 0.027378 0.026568
17 0.673077 0.175574 0.014044 0.023899
3 0.782531 0.176855 0.026914 0.025757
22 0.695583 0.175973 0.023093 0.023980
3 0.811829 0.177706 0.027278 0.026108
34 0.862087 0.177812 0.027474 0.026069
22 0.838196 0.177966 0.021715 0.025199
1 0.356798 0.209228 0.028829 0.024682
24 0.331362 0.209486 0.016312 0.024781
9 0.384438 0.216759 0.016785 0.037089
3 0.441782 0.211140 0.029355 0.025067
18 0.695210 0.213316 0.028696 0.029131
3 0.555670 0.211768 0.028359 0.025415
12 0.583405 0.212295 0.021142 0.025639
33 0.517343 0.212105 0.040416 0.025054
11 0.610558 0.212497 0.027490 0.025650
3 0.641681 0.213613 0.027219 0.025403
29 0.725174 0.215228 0.025104 0.024869
22 0.669758 0.215060 0.021801 0.024520
11 0.754826 0.216215 0.027815 0.025762
34 0.784260 0.216113 0.026764 0.024741
4 0.831093 0.217541 0.031959 0.024342
3 0.873656 0.218410 0.026351 0.024481
18 0.566827 0.251931 0.026631 0.027872
0 0.337547 0.250512 0.028031 0.024522
1 0.389676 0.251234 0.029565 0.024854
17 0.362868 0.251199 0.014943 0.024466
17 0.414691 0.251661 0.014990 0.024331
3 0.440692 0.251964 0.028041 0.024636
18 0.748400 0.254296 0.028107 0.028602
3 0.511273 0.253243 0.027676 0.023421
32 0.541167 0.256435 0.031802 0.028946
33 0.600919 0.254668 0.037556 0.023572
7 0.630171 0.254712 0.017091 0.023482
0 0.655238 0.255104 0.027892 0.024200
3 0.702828 0.255984 0.027647 0.025047
9 0.678901 0.261761 0.015764 0.036550
24 0.726448 0.256057 0.014825 0.024151
36 0.847640 0.257216 0.028420 0.025056
2 0.784858 0.262274 0.037633 0.034850
28 0.818012 0.257277 0.024599 0.023740
18 0.432246 0.289728 0.027585 0.028349
25 0.337680 0.289301 0.028688 0.024012
24 0.386692 0.290739 0.017244 0.024872
25 0.462219 0.290907 0.029451 0.024419
16 0.580149 0.298155 0.028074 0.038479
22 0.408215 0.290805 0.021405 0.023554
34 0.490964 0.291759 0.024882 0.024425
3 0.548978 0.292169 0.028357 0.024922
21 0.518689 0.292276 0.025300 0.024508
25 0.634784 0.292463 0.027767 0.024299
28 0.607547 0.293050 0.024017 0.024613
36 0.705750 0.294300 0.027740 0.025499
22 0.662446 0.294029 0.022271 0.024083
13 0.732363 0.295175 0.023246 0.024354
17 0.682384 0.294747 0.014555 0.023413
17 0.754542 0.296201 0.014992 0.024256
2 0.830576 0.301761 0.037118 0.035112
7 0.860208 0.297002 0.017604 0.024012
4 0.340560 0.330940 0.038128 0.031492
4 0.461199 0.332763 0.038330 0.031991
17 0.370324 0.328763 0.014984 0.023984
3 0.424613 0.329223 0.028413 0.024813
25 0.496748 0.329078 0.028617 0.023662
3 0.527397 0.329815 0.026311 0.024732
21 0.393975 0.329905 0.027374 0.024910
24 0.552321 0.330791 0.016167 0.024300
0 0.612835 0.332099 0.028700 0.025231
35 0.578183 0.332097 0.034834 0.023913
4 0.667578 0.335740 0.039093 0.030056
11 0.741420 0.334101 0.028531 0.024789
3 0.772348 0.334674 0.026645 0.024952
35 0.707201 0.334176 0.034186 0.023837
3 0.827912 0.335538 0.028627 0.026178
13 0.800301 0.334962 0.023842 0.024513
10 0.876811 0.335718 0.018707 0.024961
22 0.856396 0.335811 0.020726 0.024164
1 0.386911 0.367174 0.028397 0.025053
0 0.470281 0.367460 0.028657 0.025330
0 0.501827 0.367403 0.027675 0.025086
24 0.326063 0.367095 0.015853 0.024441
10 0.529476 0.368027 0.021124 0.025856
36 0.437075 0.367905 0.030122 0.024769
35 0.352928 0.367750 0.033745 0.023189
25 0.574219 0.368837 0.027029 0.024443
24 0.551325 0.369065 0.016380 0.024168
22 0.601060 0.369732 0.022371 0.024580
18 0.778576 0.371329 0.026109 0.026930
0 0.645603 0.370457 0.027481 0.024630
17 0.622257 0.369992 0.013664 0.022979
28 0.691364 0.371809 0.023236 0.023375
22 0.715900 0.372192 0.022458 0.022968
17 0.736920 0.372804 0.015287 0.022836
9 0.802543 0.378621 0.015978 0.033744
11 0.828005 0.374258 0.026839 0.024418
0 0.333522 0.404200 0.028108 0.025050
9 0.357246 0.411847 0.015786 0.038328
28 0.379450 0.405213 0.024260 0.024391
3 0.505126 0.406061 0.027627 0.025066
22 0.405234 0.404925 0.021537 0.022739
2 0.470818 0.410670 0.036051 0.033951
34 0.559370 0.406537 0.025482 0.024316
5 0.532788 0.410142 0.025449 0.031335
35 0.434488 0.406156 0.033527 0.022689
25 0.646555 0.408685 0.027413 0.023661
17 0.624552 0.408878 0.013958 0.023637
22 0.672520 0.409826 0.019899 0.024411
36 0.717790 0.411311 0.028855 0.024953
17 0.693185 0.410635 0.015827 0.022178
36 0.751533 0.411828 0.032506 0.024177
3 0.784698 0.412452 0.027015 0.024961
25 0.831401 0.412822 0.027634 0.024397
3 0.861361 0.414112 0.028822 0.026359
24 0.808679 0.413385 0.016133 0.023333
11 0.331497 0.441390 0.027793 0.024461
34 0.360010 0.441724 0.024623 0.023868
3 0.425340 0.442216 0.027190 0.024660
1 0.536571 0.443554 0.028158 0.025181
22 0.453575 0.442579 0.022245 0.023207
24 0.475755 0.443334 0.015513 0.023751
35 0.502158 0.443713 0.035200 0.024058
0 0.586242 0.444255 0.027182 0.024367
9 0.610941 0.452234 0.015733 0.038248
17 0.561874 0.444696 0.014217 0.023166
17 0.628773 0.447044 0.015511 0.024579
15 0.696195 0.451601 0.023390 0.033216
12 0.649576 0.447975 0.020701 0.024725
22 0.671604 0.447784 0.020107 0.023936
7 0.748076 0.447933 0.016671 0.022794
9 0.766609 0.455038 0.016824 0.036474
10 0.787005 0.449208 0.018554 0.023424
25 0.829863 0.449354 0.027866 0.022322
24 0.806377 0.450173 0.015777 0.022922
22 0.856156 0.451310 0.020977 0.024166
17 0.874971 0.452006 0.013936 0.023571
18 0.480869 0.480679 0.026524 0.026618
4 0.333666 0.480334 0.030968 0.023367
33 0.371460 0.481113 0.039223 0.023546
5 0.452438 0.485912 0.029174 0.032939
7 0.400800 0.481704 0.016182 0.024252
26 0.426163 0.482492 0.025448 0.024759
32 0.509064 0.484653 0.030152 0.028258
1 0.594363 0.484056 0.026902 0.026432
36 0.561591 0.482893 0.031217 0.023659
11 0.644349 0.484462 0.026203 0.024095
25 0.713078 0.484540 0.026603 0.023964
22 0.669506 0.485049 0.019393 0.024419
10 0.669297 0.485222 0.019758 0.024716
22 0.740859 0.485542 0.020589 0.024527
3 0.803147 0.486380 0.028326 0.025718
24 0.689967 0.485403 0.014718 0.023279
22 0.832409 0.487464 0.022154 0.024390
35 0.878828 0.489414 0.031898 0.023760
2 0.448224 0.524779 0.038163 0.036222
13 0.375884 0.520132 0.024062 0.024924
1 0.329404 0.520101 0.027475 0.024648
17 0.353732 0.521055 0.014704 0.025008
17 0.398865 0.520664 0.014610 0.024087
11 0.484065 0.521088 0.027068 0.024869
10 0.511352 0.522075 0.020345 0.024645
24 0.417786 0.521619 0.016739 0.023557
24 0.532772 0.522147 0.015977 0.024181
1 0.558335 0.523113 0.028395 0.025620
29 0.661095 0.523365 0.025730 0.026068
13 0.614641 0.523282 0.022619 0.024684
28 0.588556 0.523611 0.024108 0.025233
3 0.690131 0.524308 0.027989 0.026274
17 0.637357 0.523868 0.016343 0.024768
3 0.790329 0.527150 0.033692 0.030612
11 0.722645 0.524743 0.028745 0.024944
28 0.749303 0.525158 0.024183 0.024257
36 0.825255 0.526299 0.028109 0.025115
3 0.481092 0.558697 0.027760 0.025720
0 0.328439 0.558677 0.028232 0.025337
3 0.378110 0.558794 0.028001 0.025409
4 0.518557 0.561847 0.039289 0.031319
11 0.409901 0.559449 0.027748 0.026099
25 0.581358 0.559503 0.028617 0.025087
24 0.454077 0.559320 0.017104 0.024630
34 0.552999 0.559904 0.026762 0.025711
3 0.613861 0.561438 0.028382 0.026368
24 0.638770 0.562083 0.015243 0.024907
21 0.660156 0.562717 0.024685 0.024531
15 0.802228 0.565796 0.022636 0.029855
17 0.682140 0.563049 0.015302 0.024186
7 0.724580 0.563315 0.017339 0.024346
22 0.703280 0.563136 0.022917 0.023788
11 0.772368 0.563894 0.029918 0.024963
24 0.745674 0.564182 0.016008 0.024548
3 0.877744 0.564313 0.026009 0.023818
15 0.497815 0.600892 0.025100 0.034132
18 0.707052 0.598316 0.027155 0.028934
15 0.405339 0.601785 0.023829 0.035315
8 0.470895 0.597080 0.022648 0.025410
18 0.818721 0.599640 0.029702 0.029322
33 0.437516 0.597667 0.038492 0.024620
21 0.378264 0.597419 0.024717 0.023714
20 0.328085 0.597648 0.027617 0.024010
24 0.588726 0.597726 0.016366 0.023823
22 0.566887 0.598238 0.020815 0.024665
24 0.354761 0.597523 0.015736 0.022772
26 0.540017 0.598623 0.027953 0.024674
7 0.608055 0.598427 0.017042 0.024177
11 0.678135 0.599519 0.028184 0.026035
7 0.652918 0.598925 0.015930 0.024244
25 0.786584 0.599394 0.029139 0.024851
21 0.630907 0.598849 0.024115 0.023477
3 0.738168 0.600392 0.029550 0.025292
3 0.850174 0.601546 0.028025 0.025827
24 0.763253 0.601103 0.015497 0.024242
18 0.445484 0.632861 0.030666 0.030692
18 0.629017 0.633904 0.027963 0.030521
8 0.341633 0.634317 0.023263 0.026025
11 0.412901 0.634202 0.029152 0.025777
9 0.386159 0.640232 0.018582 0.037371
3 0.478767 0.635096 0.029127 0.026422
28 0.510020 0.634980 0.026743 0.025417
25 0.597970 0.635122 0.030186 0.025427
17 0.366481 0.635156 0.015271 0.025277
0 0.540782 0.635176 0.028384 0.025018
16 0.692146 0.642791 0.028162 0.036437
3 0.660827 0.637348 0.028497 0.025286
3 0.852532 0.638073 0.029918 0.026355
3 0.807164 0.638449 0.029758 0.026797
22 0.777236 0.637530 0.024371 0.024930
1 0.745243 0.637765 0.030438 0.025182
9 0.717868 0.641691 0.017171 0.031649
18 0.521637 0.670792 0.028970 0.028593
18 0.647575 0.671760 0.028209 0.028954
25 0.438137 0.671241 0.030073 0.025330
3 0.554586 0.672107 0.028634 0.026230
29 0.585183 0.672137 0.027250 0.026159
25 0.490410 0.671603 0.027540 0.024441
29 0.407304 0.672171 0.027030 0.025573
25 0.615454 0.672530 0.029600 0.025275
22 0.352444 0.672928 0.023542 0.025716
25 0.756064 0.673463 0.031519 0.025392
3 0.792026 0.674683 0.029908 0.026708
3 0.724157 0.674635 0.030293 0.025926
33 0.684683 0.674744 0.041164 0.025861
3 0.825280 0.675201 0.029385 0.025916
26 0.323216 0.675179 0.026040 0.025423
18 0.764505 0.710749 0.029706 0.029904
18 0.847266 0.710759 0.028252 0.029576
5 0.529044 0.714370 0.029573 0.034502
3 0.498718 0.710742 0.030180 0.027165
15 0.425258 0.715146 0.025838 0.034130
34 0.560017 0.710927 0.028821 0.025252
2 0.460725 0.717314 0.039462 0.037622
22 0.396870 0.711645 0.023173 0.025088
3 0.366975 0.712266 0.028797 0.025946
11 0.818157 0.713109 0.028843 0.025469
33 0.327049 0.712970 0.041778 0.024846
13 0.694150 0.713150 0.023525 0.025113
22 0.738338 0.712898 0.023623 0.024577
8 0.637697 0.713212 0.023032 0.024821
21 0.666201 0.713414 0.027529 0.024562
17 0.716616 0.713912 0.015950 0.024537
18 0.650774 0.748548 0.027964 0.029315
4 0.330204 0.750970 0.037872 0.031233
4 0.615848 0.752331 0.038965 0.032803
5 0.466596 0.753523 0.030097 0.034825
8 0.418856 0.749218 0.023518 0.026148
11 0.547545 0.749101 0.028204 0.025778
3 0.579329 0.749176 0.028337 0.025877
3 0.389768 0.748981 0.028961 0.025248
3 0.875414 0.750307 0.029685 0.026298
28 0.516585 0.749546 0.025432 0.024767
17 0.441950 0.750626 0.015702 0.025839
4 0.687938 0.753427 0.039280 0.031179
9 0.491946 0.761128 0.017302 0.046536
11 0.781535 0.751820 0.027867 0.026101
12 0.846723 0.751888 0.021057 0.025738
1 0.748117 0.752302 0.030214 0.025343
35 0.815936 0.752582 0.034943 0.024038