3 0.765809 0.127121 0.028075 0.027097
28 0.823272 0.127533 0.024601 0.026338
0 0.796151 0.127134 0.026794 0.025317
1 0.851228 0.128174 0.027301 0.026957
4 0.648363 0.131566 0.038196 0.032817
15 0.504057 0.136305 0.025213 0.041730
11 0.474701 0.129483 0.029598 0.026743
3 0.579695 0.129022 0.027930 0.025396
35 0.714336 0.128544 0.035561 0.024276
0 0.530939 0.129134 0.027883 0.025426
22 0.446829 0.129458 0.021162 0.026024
11 0.418125 0.129357 0.029013 0.025766
9 0.554711 0.137136 0.016057 0.041201
3 0.325504 0.130183 0.027589 0.026111
12 0.353504 0.130393 0.023326 0.025888
36 0.611138 0.129625 0.028707 0.024137
7 0.392755 0.130100 0.018136 0.024344
4 0.432534 0.172480 0.041681 0.031577
15 0.775972 0.174683 0.024142 0.035639
34 0.823295 0.169713 0.028859 0.025414
20 0.616558 0.169982 0.028282 0.025873
25 0.722841 0.169623 0.027356 0.024190
22 0.798859 0.169982 0.021840 0.024840
8 0.568273 0.170484 0.023514 0.025694
11 0.323827 0.170999 0.030224 0.026714
3 0.501206 0.170728 0.027782 0.026153
22 0.750799 0.170425 0.022912 0.025008
33 0.652186 0.170727 0.041233 0.025182
9 0.700279 0.178538 0.016909 0.040443
17 0.546600 0.171548 0.015298 0.026403
12 0.379686 0.171527 0.022398 0.026267
7 0.400312 0.170760 0.018065 0.024092
24 0.526329 0.171116 0.017133 0.024558
28 0.354839 0.171494 0.025893 0.025264
17 0.591834 0.171318 0.015098 0.024870
0 0.799440 0.209749 0.029137 0.026095
11 0.703892 0.209767 0.028680 0.025774
36 0.767224 0.209898 0.028052 0.025285
3 0.846691 0.210529 0.027554 0.026476
3 0.735906 0.210207 0.028090 0.025706
1 0.605104 0.211243 0.028480 0.026051
7 0.679583 0.211179 0.016880 0.025597
21 0.654560 0.211248 0.028056 0.025731
20 0.503252 0.211677 0.028997 0.024946
28 0.575510 0.211565 0.024962 0.024586
11 0.346970 0.212184 0.027766 0.025250
12 0.548334 0.212402 0.023101 0.025647
7 0.372789 0.211965 0.016747 0.024739
34 0.415180 0.211696 0.023834 0.024002
24 0.392715 0.212140 0.016075 0.024833
12 0.317899 0.212308 0.023195 0.025105
17 0.630088 0.212003 0.014716 0.024332
26 0.443248 0.212441 0.026003 0.023562
8 0.665243 0.250080 0.023086 0.025600
12 0.712304 0.250966 0.024588 0.025678
7 0.689282 0.250802 0.017889 0.025108
8 0.784686 0.251031 0.022190 0.025263
3 0.812507 0.251674 0.029185 0.026127
13 0.572655 0.250683 0.022757 0.024069
1 0.498773 0.251364 0.028238 0.025359
4 0.359041 0.254303 0.038462 0.031206
11 0.600463 0.251771 0.027679 0.026102
22 0.839084 0.251348 0.021529 0.025170
28 0.546386 0.251372 0.025782 0.025192
17 0.763303 0.251245 0.014783 0.024727
26 0.763360 0.251345 0.014969 0.024613
35 0.634501 0.251701 0.034659 0.024559
28 0.393719 0.252229 0.027014 0.024931
35 0.426574 0.252221 0.036505 0.024754
4 0.833489 0.293891 0.038605 0.031876
3 0.320059 0.290578 0.028186 0.025050
2 0.684648 0.295825 0.035099 0.035207
3 0.868857 0.290957 0.026608 0.025265
1 0.482590 0.290996 0.029705 0.025077
10 0.715739 0.290627 0.020548 0.023826
36 0.416425 0.290968 0.028770 0.024014
24 0.345417 0.290697 0.017728 0.023170
7 0.762191 0.290921 0.017035 0.023598
10 0.800693 0.291279 0.020609 0.024198
20 0.604066 0.290975 0.026783 0.023585
3 0.574618 0.290975 0.026380 0.023557
17 0.390722 0.291420 0.015808 0.024225
24 0.656863 0.290892 0.016241 0.023021
22 0.739920 0.290818 0.021646 0.022858
24 0.780743 0.290825 0.015459 0.022792
36 0.449498 0.291201 0.028944 0.023274
20 0.449599 0.291203 0.028735 0.023201
22 0.368236 0.291240 0.021712 0.022757
22 0.548466 0.291172 0.021444 0.022182
9 0.507917 0.298419 0.018670 0.036618
26 0.633598 0.292123 0.025948 0.023648
17 0.527618 0.292036 0.015406 0.023442
18 0.530381 0.327639 0.026301 0.029114
4 0.675106 0.332676 0.038517 0.031968
34 0.336064 0.329919 0.027793 0.025922
34 0.707693 0.329507 0.025076 0.024775
11 0.611956 0.329956 0.030099 0.025449
11 0.736426 0.330025 0.028016 0.025471
3 0.379149 0.330255 0.027456 0.025294
0 0.410525 0.330651 0.028559 0.025921
34 0.580660 0.329978 0.025687 0.024192
28 0.641160 0.330535 0.024616 0.024782
25 0.847218 0.330259 0.026855 0.024158
21 0.501907 0.330445 0.026408 0.024124
7 0.478405 0.330479 0.017202 0.024177
22 0.558063 0.330639 0.022476 0.024426
7 0.761458 0.331657 0.017788 0.026392
22 0.456235 0.330670 0.023017 0.024250
17 0.435895 0.331145 0.015440 0.024660
17 0.869088 0.330779 0.015372 0.023473
24 0.825056 0.330950 0.015062 0.023506
32 0.785027 0.333974 0.027415 0.028440
34 0.788807 0.368038 0.026584 0.025510
5 0.758271 0.372631 0.030186 0.033777
11 0.348542 0.368491 0.027293 0.025418
4 0.426844 0.371181 0.039272 0.030651
34 0.376400 0.368369 0.024946 0.025026
34 0.461504 0.368543 0.027048 0.025325
3 0.728954 0.368191 0.026729 0.024339
25 0.654142 0.368126 0.028679 0.024176
25 0.504281 0.368440 0.029751 0.024756
1 0.819196 0.368765 0.027685 0.025339
3 0.317016 0.368974 0.028513 0.025577
22 0.683168 0.368435 0.022686 0.024023
22 0.534048 0.368463 0.022905 0.024029
25 0.846607 0.368966 0.026073 0.024890
26 0.556555 0.368509 0.014934 0.023800
17 0.704780 0.368896 0.014539 0.023838
18 0.341860 0.405474 0.028346 0.029632
3 0.585324 0.407359 0.028778 0.026529
25 0.554614 0.406524 0.027596 0.024353
8 0.315166 0.406939 0.023333 0.024983
3 0.421779 0.407361 0.027556 0.025490
0 0.372174 0.407382 0.029320 0.025530
25 0.626113 0.406519 0.027492 0.023615
11 0.453881 0.407467 0.028539 0.025477
27 0.844555 0.408210 0.036225 0.026679
24 0.691528 0.406837 0.015952 0.023823
4 0.749059 0.410420 0.038742 0.030858
27 0.655840 0.407065 0.028070 0.024128
3 0.524615 0.407984 0.029188 0.025770
24 0.498239 0.408456 0.017497 0.026386
34 0.782332 0.407712 0.025124 0.024630
28 0.714805 0.407282 0.023552 0.023262
17 0.479251 0.408357 0.016397 0.024940
18 0.346755 0.442677 0.027682 0.028351
3 0.665176 0.444810 0.029071 0.026182
8 0.564008 0.444747 0.023406 0.025856
20 0.536111 0.444593 0.026336 0.025413
13 0.636486 0.444977 0.023582 0.026040
29 0.591535 0.445208 0.025181 0.026114
11 0.317230 0.444982 0.028163 0.025045
0 0.715547 0.446200 0.029058 0.027458
21 0.506777 0.445405 0.026833 0.025002
7 0.614273 0.445947 0.017222 0.025210
29 0.377137 0.445793 0.024488 0.024815
1 0.459573 0.445655 0.027086 0.024142
9 0.741084 0.451922 0.017113 0.036543
17 0.483173 0.445690 0.014812 0.024001
22 0.430749 0.445654 0.023463 0.023883
21 0.402669 0.446402 0.027108 0.024824
3 0.825938 0.447683 0.029554 0.026803
9 0.800592 0.452932 0.014686 0.035682
12 0.779411 0.447370 0.021455 0.024396
7 0.760597 0.447691 0.015824 0.023436
8 0.620935 0.481936 0.024049 0.025168
11 0.762273 0.483371 0.027007 0.025534
7 0.644092 0.482692 0.015765 0.023704
28 0.686303 0.483193 0.023227 0.023815
4 0.321796 0.486655 0.039247 0.030439
1 0.714355 0.483558 0.028206 0.023818
12 0.663652 0.484336 0.020460 0.025212
10 0.789321 0.484101 0.020492 0.024648
17 0.738549 0.484096 0.014570 0.023360
17 0.350890 0.484618 0.014593 0.024010
4 0.712138 0.524563 0.039098 0.030744
15 0.607271 0.526378 0.023231 0.033926
25 0.650536 0.521218 0.028853 0.023485
11 0.531420 0.522170 0.027022 0.025114
3 0.562086 0.522119 0.026656 0.024945
3 0.474093 0.522337 0.028030 0.025188
28 0.677513 0.521946 0.024810 0.024247
13 0.502879 0.522054 0.022778 0.024275
32 0.414499 0.524911 0.036068 0.029966
3 0.801543 0.522970 0.027697 0.026045
24 0.627354 0.522062 0.016839 0.023397
34 0.383720 0.523192 0.025929 0.025468
17 0.741178 0.522985 0.014758 0.024879
17 0.586352 0.523028 0.015030 0.024825
28 0.333836 0.523016 0.025215 0.024651
11 0.833443 0.523921 0.029074 0.026145
12 0.360420 0.523793 0.024172 0.025786
22 0.445086 0.522973 0.023394 0.023922
3 0.808638 0.560585 0.030419 0.026380
11 0.777130 0.560157 0.027878 0.025258
13 0.603577 0.560084 0.025636 0.024633
36 0.572710 0.560610 0.030476 0.025302
22 0.676493 0.560330 0.023034 0.024573
5 0.648423 0.564896 0.030175 0.033249
0 0.318275 0.561442 0.029613 0.025806
7 0.751821 0.560953 0.016954 0.024406
28 0.701565 0.561231 0.024762 0.024888
17 0.626814 0.561554 0.015309 0.025226
21 0.729083 0.561197 0.025225 0.024350
22 0.525400 0.561271 0.023438 0.024291
3 0.398498 0.561815 0.027376 0.025172
17 0.343381 0.561584 0.014961 0.024706
17 0.547452 0.561778 0.016523 0.024748
20 0.430885 0.561916 0.030283 0.024776
25 0.497220 0.561273 0.028350 0.023370
18 0.796766 0.597278 0.030320 0.030422
4 0.730671 0.601421 0.039158 0.030689
22 0.680237 0.598509 0.022547 0.024751
3 0.651331 0.598951 0.028721 0.025573
25 0.461361 0.598500 0.027052 0.024103
3 0.577430 0.599000 0.026155 0.024646
24 0.309853 0.598971 0.017190 0.024540
3 0.839152 0.599357 0.027908 0.025198
29 0.432987 0.599089 0.026142 0.024607
34 0.525271 0.599017 0.027194 0.024320
12 0.551227 0.599175 0.020328 0.023817
17 0.701237 0.599207 0.015483 0.023769
24 0.502750 0.599373 0.015920 0.024051
15 0.385488 0.605436 0.027019 0.036173
32 0.354585 0.602092 0.034197 0.029387
7 0.409393 0.599991 0.017254 0.023706
33 0.613711 0.600069 0.040243 0.023499
8 0.605159 0.636516 0.022898 0.025263
34 0.370634 0.636823 0.027049 0.025036
3 0.549133 0.636727 0.026343 0.024823
5 0.341859 0.639963 0.025643 0.031108
11 0.635315 0.636966 0.027655 0.025112
3 0.709764 0.637362 0.028815 0.025510
15 0.811632 0.643508 0.025401 0.037626
32 0.311406 0.639300 0.032570 0.029140
0 0.401664 0.637069 0.030148 0.024526
34 0.763452 0.636905 0.025980 0.024105
28 0.451515 0.636958 0.024854 0.023986
34 0.503951 0.636847 0.026292 0.023706
22 0.680139 0.636948 0.021097 0.023706
22 0.477964 0.637169 0.023930 0.024086
22 0.738945 0.637279 0.023208 0.023770
25 0.838282 0.637528 0.025488 0.024184
26 0.579134 0.637487 0.025299 0.023728
9 0.858560 0.642114 0.016136 0.032711
17 0.788596 0.638261 0.015490 0.024935
18 0.339444 0.673713 0.027357 0.026658
3 0.623300 0.674601 0.026791 0.024694
8 0.313334 0.674906 0.022514 0.024803
4 0.658398 0.677730 0.037049 0.030065
4 0.729507 0.677837 0.038394 0.030224
3 0.693969 0.674933 0.027347 0.024380
3 0.465001 0.675325 0.027926 0.024465
3 0.512422 0.675672 0.028073 0.025095
32 0.800814 0.677469 0.029368 0.028564
4 0.374854 0.678039 0.037268 0.029704
7 0.823986 0.675202 0.016085 0.023344
34 0.862251 0.675776 0.024450 0.024292
0 0.544238 0.675602 0.027688 0.023825
36 0.431910 0.675323 0.029960 0.023096
3 0.593048 0.675732 0.027676 0.023801
35 0.766815 0.675827 0.031458 0.022701
17 0.405407 0.676292 0.016426 0.023568
3 0.592187 0.711837 0.026373 0.024405
25 0.746249 0.711955 0.027464 0.024397
25 0.620099 0.711592 0.026536 0.023269
20 0.365360 0.711775 0.027261 0.023317
3 0.650019 0.712340 0.026401 0.024366
28 0.336606 0.711332 0.024427 0.022323
5 0.514364 0.716314 0.028424 0.032065
12 0.311860 0.712334 0.020849 0.023904
32 0.562544 0.714646 0.030301 0.028307
34 0.486035 0.712711 0.025363 0.023679
22 0.676979 0.712746 0.021236 0.023711
34 0.698973 0.712702 0.024186 0.023588
28 0.435772 0.712535 0.023754 0.023220
2 0.402259 0.717938 0.038227 0.033688
3 0.776322 0.713354 0.026642 0.024284
3 0.835754 0.714361 0.027636 0.026236
24 0.722341 0.713147 0.015690 0.023379
22 0.462023 0.712894 0.021199 0.022666
21 0.806034 0.714491 0.026055 0.024970
2 0.321979 0.755555 0.038680 0.036403
34 0.564400 0.750000 0.026437 0.025184
25 0.379208 0.749744 0.028964 0.024375
22 0.409789 0.749877 0.023798 0.024619
36 0.460146 0.750303 0.030796 0.025223
3 0.510468 0.750450 0.029084 0.025326
22 0.539625 0.750115 0.023128 0.024646
7 0.354201 0.750095 0.016295 0.023754
12 0.592452 0.750958 0.021330 0.025070
17 0.432894 0.750401 0.015733 0.023746
25 0.754731 0.750658 0.029418 0.024161
3 0.723631 0.751353 0.028669 0.025114
11 0.619979 0.751184 0.028121 0.024572
24 0.665785 0.751484 0.016114 0.024751
25 0.690342 0.750981 0.030066 0.023485
7 0.645156 0.751267 0.016618 0.023046
22 0.783983 0.751314 0.021317 0.023080
17 0.805024 0.752359 0.015341 0.024051