18 0.512358 0.129563 0.028726 0.029818
18 0.671180 0.130310 0.028499 0.027244
3 0.410098 0.131098 0.028711 0.026117
4 0.363072 0.134600 0.038728 0.032217
8 0.542795 0.131350 0.022817 0.024727
21 0.588010 0.131396 0.028106 0.024552
26 0.440131 0.131880 0.025697 0.024708
35 0.620508 0.131272 0.033912 0.023380
22 0.467026 0.131574 0.022649 0.023596
14 0.207948 0.132615 0.038936 0.024913
4 0.269654 0.135989 0.040242 0.031604
17 0.563929 0.131826 0.015711 0.022738
7 0.239039 0.132670 0.016317 0.024342
11 0.142945 0.133223 0.027525 0.025342
28 0.173017 0.132995 0.025223 0.024834
26 0.564369 0.132051 0.015892 0.022826
10 0.302255 0.132962 0.021288 0.024178
4 0.620915 0.173456 0.039467 0.031500
34 0.655033 0.170621 0.026560 0.025490
3 0.582923 0.171139 0.030436 0.025705
3 0.487239 0.172324 0.028388 0.025678
28 0.458459 0.172997 0.024120 0.026081
7 0.555971 0.172090 0.016954 0.024224
3 0.143920 0.173011 0.028410 0.025812
3 0.249045 0.173191 0.028637 0.025633
32 0.429675 0.174935 0.032607 0.028988
33 0.524678 0.172588 0.040352 0.024249
34 0.308410 0.172991 0.026796 0.024929
5 0.279127 0.176602 0.026849 0.031830
36 0.340601 0.173560 0.029951 0.024860
22 0.201288 0.173450 0.022850 0.024077
17 0.393899 0.173273 0.016608 0.023491
13 0.370751 0.173528 0.023864 0.023851
17 0.224015 0.173491 0.015350 0.022937
26 0.173794 0.173985 0.024314 0.023666
34 0.678849 0.211406 0.028290 0.026800
3 0.607650 0.211485 0.028029 0.026453
27 0.683299 0.211473 0.037065 0.026186
4 0.644445 0.214250 0.039311 0.031671
28 0.577978 0.212052 0.023999 0.024962
32 0.548560 0.214585 0.033730 0.029947
13 0.141775 0.212702 0.023787 0.025970
3 0.246814 0.212973 0.027902 0.025766
4 0.211003 0.215606 0.038948 0.030914
3 0.173145 0.212918 0.030257 0.025452
25 0.457635 0.212506 0.029265 0.024071
22 0.487714 0.212786 0.023208 0.024510
11 0.296521 0.213418 0.028878 0.025464
17 0.510139 0.213031 0.016783 0.024197
22 0.345812 0.213644 0.023319 0.024181
17 0.322964 0.214147 0.015688 0.024379
18 0.372718 0.251655 0.030497 0.028337
3 0.616442 0.251855 0.029706 0.026702
25 0.497865 0.251796 0.029859 0.025862
3 0.530743 0.252240 0.030151 0.026541
5 0.563325 0.255981 0.029645 0.032658
8 0.645070 0.252293 0.023096 0.024990
25 0.197299 0.252520 0.029737 0.025239
3 0.230257 0.253363 0.029009 0.025698
11 0.340422 0.253831 0.030220 0.026584
7 0.670035 0.252882 0.018705 0.024542
34 0.466482 0.252609 0.027743 0.023970
3 0.307008 0.253427 0.028828 0.025592
5 0.435311 0.258379 0.030240 0.035186
3 0.405577 0.253445 0.027901 0.025143
34 0.168076 0.253315 0.025482 0.024267
17 0.590080 0.253308 0.015024 0.024152
22 0.142784 0.253608 0.021986 0.024684
14 0.267833 0.253918 0.040440 0.024813
25 0.464346 0.291324 0.032040 0.025672
3 0.498749 0.291448 0.027625 0.025700
3 0.431872 0.291465 0.029206 0.025596
4 0.202147 0.294681 0.039988 0.031564
11 0.337199 0.292191 0.029593 0.025846
3 0.657659 0.292339 0.030304 0.026114
21 0.256998 0.292059 0.026810 0.024903
12 0.141192 0.292779 0.021203 0.025981
10 0.308348 0.292085 0.021926 0.024517
22 0.284419 0.291953 0.021750 0.024179
34 0.166184 0.292145 0.026031 0.024331
0 0.564231 0.292709 0.030115 0.025253
36 0.531243 0.291858 0.028367 0.022979
17 0.362007 0.292617 0.015997 0.024323
17 0.232921 0.292273 0.015745 0.023300
33 0.393795 0.292666 0.041930 0.024018
33 0.619305 0.293300 0.039021 0.024163
17 0.590398 0.293413 0.015210 0.023354
18 0.637431 0.328091 0.029451 0.028263
13 0.570157 0.329538 0.023252 0.025367
4 0.200984 0.332845 0.040651 0.030832
21 0.543044 0.329993 0.027835 0.025050
34 0.234904 0.330169 0.026451 0.025363
4 0.456741 0.333411 0.040122 0.031736
8 0.513649 0.330018 0.024204 0.024844
1 0.401108 0.330646 0.028703 0.025231
22 0.611523 0.329525 0.020646 0.022916
22 0.145074 0.330289 0.023020 0.024410
3 0.688982 0.331262 0.029129 0.026044
10 0.489014 0.330563 0.020670 0.024483
17 0.591023 0.329668 0.015270 0.022508
7 0.169139 0.330234 0.017937 0.023392
22 0.316992 0.330415 0.022359 0.023426
9 0.663777 0.336532 0.016061 0.035288
22 0.274494 0.330862 0.022676 0.023778
17 0.295656 0.330621 0.015630 0.022858
17 0.427138 0.331362 0.015871 0.023788
24 0.338611 0.331024 0.015780 0.022446
35 0.365638 0.331590 0.035773 0.023521
18 0.319651 0.367682 0.029074 0.028367
29 0.211257 0.367840 0.024851 0.025522
34 0.610994 0.368456 0.027742 0.025590
3 0.181303 0.368433 0.028871 0.025188
3 0.149028 0.368552 0.028604 0.025282
25 0.240024 0.368336 0.028278 0.024820
5 0.582077 0.372770 0.027199 0.033635
34 0.539422 0.369012 0.027328 0.026026
25 0.290106 0.368119 0.027186 0.024118
0 0.448668 0.368955 0.028698 0.024750
0 0.642657 0.369209 0.029352 0.025045
17 0.266933 0.369464 0.016316 0.025350
34 0.417351 0.369450 0.027633 0.024966
7 0.475189 0.369388 0.017500 0.024477
22 0.515393 0.369200 0.022604 0.023622
3 0.258278 0.405767 0.029782 0.025349
11 0.469440 0.405795 0.028157 0.025121
13 0.286700 0.406332 0.021967 0.024688
3 0.315562 0.406755 0.028727 0.024796
28 0.441493 0.406237 0.023798 0.023611
0 0.411834 0.406327 0.027480 0.023703
0 0.380700 0.406570 0.028150 0.024034
13 0.584676 0.406758 0.022712 0.024257
14 0.532000 0.406684 0.036685 0.023581
36 0.347164 0.407244 0.030102 0.024673
28 0.499024 0.406876 0.023255 0.023556
35 0.192896 0.406709 0.032694 0.023048
7 0.562857 0.406983 0.016591 0.023445
17 0.607320 0.407788 0.015855 0.022904
34 0.568310 0.443539 0.026231 0.024581
3 0.671889 0.443422 0.028366 0.024340
4 0.534684 0.446977 0.036905 0.031068
25 0.596591 0.443733 0.028093 0.024203
25 0.498887 0.443574 0.027678 0.023721
28 0.315773 0.444077 0.023153 0.024374
36 0.400476 0.444299 0.030393 0.024305
24 0.426840 0.444586 0.016161 0.024589
21 0.342653 0.444239 0.025644 0.023807
32 0.287077 0.447216 0.032208 0.029755
3 0.451558 0.444422 0.026920 0.023926
36 0.152503 0.444644 0.030569 0.024286
34 0.369633 0.444548 0.025249 0.024068
24 0.476605 0.444334 0.015791 0.023592
33 0.230729 0.444713 0.038954 0.024039
13 0.181881 0.444494 0.021119 0.023223
7 0.262350 0.444258 0.016461 0.022649
17 0.647785 0.444485 0.014984 0.022749
17 0.202387 0.444844 0.014405 0.023351
18 0.577465 0.482553 0.028828 0.029470
25 0.637479 0.483425 0.027230 0.025420
4 0.491699 0.486200 0.038402 0.030770
29 0.608866 0.483896 0.025355 0.025596
4 0.360999 0.486894 0.041588 0.031429
34 0.395068 0.483910 0.026794 0.025326
4 0.157299 0.486903 0.039904 0.031152
28 0.697519 0.484132 0.024664 0.025508
11 0.668603 0.484413 0.029145 0.025873
3 0.528614 0.484044 0.028548 0.025014
15 0.221445 0.490681 0.027442 0.038149
34 0.455903 0.483887 0.026734 0.024261
34 0.191790 0.484133 0.025899 0.024362
28 0.325827 0.484164 0.022699 0.024032
1 0.269092 0.484338 0.027896 0.024321
22 0.430706 0.484312 0.023129 0.023999
22 0.298697 0.484227 0.023201 0.023496
17 0.553794 0.484609 0.015424 0.024159
9 0.245241 0.492305 0.015641 0.037228
18 0.183007 0.521465 0.027587 0.028454
15 0.153835 0.528408 0.028881 0.037411
3 0.270143 0.522760 0.029138 0.025655
21 0.211769 0.522811 0.025861 0.025175
28 0.449302 0.522670 0.024371 0.024494
28 0.397230 0.523083 0.024883 0.025007
12 0.296843 0.522947 0.019705 0.024307
22 0.424012 0.522691 0.022785 0.023344
32 0.351695 0.525172 0.031444 0.028302
13 0.560446 0.523054 0.023197 0.023902
34 0.321238 0.523108 0.026168 0.023657
32 0.490186 0.526230 0.032334 0.028970
21 0.534737 0.523963 0.024246 0.023809
3 0.636788 0.524719 0.027549 0.024587
9 0.582985 0.524798 0.016118 0.024736
32 0.607309 0.526238 0.029799 0.027592
10 0.664017 0.524949 0.021956 0.024427
0 0.386528 0.559383 0.028100 0.024328
15 0.226534 0.565994 0.024967 0.037381
25 0.171864 0.559393 0.027742 0.023995
22 0.459276 0.558994 0.021555 0.022954
28 0.433916 0.559501 0.024145 0.023883
2 0.293266 0.565117 0.036794 0.034809
2 0.525741 0.564549 0.034968 0.033417
22 0.199920 0.559668 0.021766 0.023460
34 0.709293 0.559611 0.027880 0.023246
9 0.411635 0.567061 0.015994 0.038130
3 0.354581 0.559798 0.027740 0.023446
20 0.256449 0.559772 0.028946 0.022969
35 0.488704 0.559834 0.032156 0.022606
28 0.326309 0.560420 0.022700 0.023376
25 0.682378 0.560006 0.025455 0.022465
24 0.578740 0.560471 0.014560 0.022447
22 0.641959 0.560346 0.019417 0.021919
24 0.148140 0.560457 0.015568 0.022062
17 0.622118 0.560642 0.014290 0.021918
17 0.661591 0.560467 0.013976 0.021143
3 0.511218 0.596544 0.031485 0.026218
11 0.373747 0.596511 0.027094 0.025216
0 0.612513 0.597464 0.032242 0.026995
34 0.403214 0.596120 0.028311 0.024260
27 0.402798 0.596451 0.027254 0.024922
3 0.267715 0.596857 0.028738 0.024927
3 0.343745 0.596635 0.027544 0.024327
4 0.672312 0.599673 0.041070 0.030186
27 0.574420 0.597498 0.042304 0.025803
25 0.312078 0.596619 0.026259 0.023935
36 0.200108 0.596801 0.027523 0.024075
22 0.153455 0.596571 0.022169 0.023325
24 0.291190 0.597316 0.015146 0.024200
22 0.541251 0.597655 0.024136 0.024860
17 0.640564 0.598158 0.018733 0.025506
33 0.471879 0.597246 0.040161 0.023287
17 0.175379 0.597272 0.015838 0.022723
35 0.712929 0.598093 0.035721 0.022877
3 0.431292 0.631683 0.027664 0.024844
3 0.374427 0.631750 0.028469 0.024330
34 0.526888 0.631893 0.024523 0.024275
8 0.503225 0.632035 0.021314 0.024395
13 0.402466 0.631813 0.022763 0.023901
9 0.455071 0.636362 0.016782 0.032836
11 0.344122 0.632323 0.025059 0.024514
4 0.276614 0.635790 0.038113 0.031379
28 0.478347 0.632650 0.024283 0.024262
11 0.158924 0.633665 0.028303 0.025560
3 0.188419 0.633371 0.027438 0.024967
4 0.684049 0.636389 0.039671 0.030622
0 0.224799 0.636370 0.032544 0.030370
24 0.566285 0.633165 0.016682 0.023887
35 0.313424 0.632720 0.031838 0.022876
22 0.587459 0.633306 0.020111 0.024031
17 0.609478 0.633822 0.015359 0.022433
11 0.503422 0.668625 0.027413 0.025948
3 0.535188 0.668405 0.027827 0.025249
0 0.452785 0.668453 0.028968 0.025132
3 0.339731 0.668429 0.027398 0.025050
37 0.655706 0.669905 0.034969 0.027581
3 0.370782 0.669190 0.027949 0.025325
3 0.566659 0.669396 0.028746 0.025679
3 0.308267 0.668674 0.027467 0.024228
28 0.254420 0.669320 0.024392 0.024313
32 0.208531 0.671967 0.027210 0.029094
22 0.280700 0.669212 0.021914 0.023379
24 0.426390 0.669536 0.016888 0.023990
26 0.401147 0.669848 0.025651 0.024356
24 0.478784 0.669485 0.016659 0.022997
28 0.621561 0.670794 0.024410 0.024762
26 0.154950 0.671882 0.025068 0.024142
18 0.364735 0.703849 0.028810 0.029180
34 0.470968 0.705534 0.028027 0.025535
3 0.256179 0.705787 0.028039 0.025880
3 0.520510 0.706282 0.028694 0.025691
22 0.444533 0.705861 0.022898 0.024470
13 0.319931 0.705798 0.023822 0.024299
36 0.290075 0.706036 0.030387 0.024516
5 0.395437 0.711434 0.029432 0.034655
17 0.421912 0.706863 0.015628 0.024531
25 0.598349 0.707177 0.028638 0.024726
2 0.166851 0.712085 0.038102 0.034148
3 0.682397 0.708123 0.028714 0.025877
26 0.551022 0.707682 0.025279 0.024960
28 0.626074 0.708364 0.026366 0.026015
7 0.196992 0.707382 0.016463 0.023917
22 0.653703 0.708625 0.022988 0.025327
24 0.574881 0.707845 0.017455 0.023520
18 0.512900 0.742399 0.028742 0.029963
9 0.489846 0.752811 0.016469 0.045487
4 0.200259 0.746931 0.040752 0.032183
34 0.233552 0.744047 0.025364 0.025676
36 0.676297 0.744283 0.029655 0.025929
3 0.162471 0.744477 0.028871 0.026091
1 0.346910 0.744012 0.030756 0.024888
13 0.467271 0.743871 0.023336 0.024484
0 0.399312 0.744097 0.028839 0.024785
22 0.260722 0.744268 0.022785 0.025011
9 0.426328 0.755715 0.016396 0.047650
11 0.610800 0.744985 0.028105 0.025818
14 0.550683 0.744733 0.039927 0.025175
9 0.445476 0.746138 0.016648 0.027841
3 0.642787 0.744995 0.028643 0.025295
17 0.374889 0.744636 0.014860 0.023580
7 0.583524 0.745716 0.019608 0.025200
35 0.310759 0.744910 0.035242 0.023462