11 0.463777 0.127581 0.028474 0.026066
4 0.532407 0.130239 0.039597 0.031048
3 0.289183 0.126756 0.027214 0.024079
7 0.412476 0.127444 0.017973 0.025424
22 0.434286 0.126961 0.022085 0.024430
3 0.496037 0.127444 0.028425 0.025095
10 0.564456 0.127376 0.021273 0.024523
8 0.589039 0.127642 0.022756 0.024644
32 0.367048 0.130314 0.035276 0.029530
28 0.190231 0.128407 0.024510 0.025162
1 0.161798 0.128244 0.027213 0.024329
21 0.616030 0.128804 0.025273 0.024443
4 0.277904 0.170827 0.038506 0.032006
10 0.309673 0.167985 0.021207 0.025438
11 0.447577 0.168381 0.027604 0.025255
22 0.419768 0.168014 0.021027 0.024051
4 0.515288 0.172091 0.039413 0.031728
32 0.354381 0.171016 0.033823 0.029565
3 0.686367 0.169386 0.027160 0.026213
7 0.398397 0.168579 0.016603 0.024300
12 0.617549 0.169865 0.022487 0.026619
10 0.548398 0.169093 0.020595 0.025044
8 0.640520 0.169510 0.022414 0.025781
28 0.592264 0.169436 0.024029 0.024971
1 0.222694 0.169172 0.028622 0.024431
3 0.191297 0.169964 0.028382 0.025287
9 0.570347 0.176453 0.015700 0.037500
11 0.161150 0.170090 0.026319 0.024504
17 0.662488 0.170447 0.014699 0.024639
4 0.282799 0.212228 0.041102 0.033973
10 0.316075 0.208598 0.021549 0.024884
25 0.671392 0.209652 0.027869 0.026412
11 0.459823 0.209661 0.029526 0.026302
1 0.224418 0.209698 0.028531 0.025768
22 0.430639 0.209633 0.022258 0.025262
4 0.594818 0.212382 0.040517 0.030652
4 0.529409 0.212791 0.038145 0.031378
7 0.409350 0.209496 0.017286 0.024699
3 0.492210 0.209894 0.027956 0.025483
17 0.251318 0.209981 0.015865 0.025505
27 0.637627 0.210222 0.037562 0.025883
3 0.192781 0.210420 0.027929 0.025997
17 0.694067 0.210605 0.016334 0.026178
32 0.364215 0.212610 0.034296 0.029329
11 0.162629 0.210880 0.026681 0.025457
4 0.291469 0.251791 0.038967 0.030659
0 0.367441 0.249392 0.028229 0.025348
32 0.412518 0.252001 0.037097 0.029940
15 0.236920 0.256021 0.028353 0.037883
25 0.667845 0.249672 0.029798 0.024990
3 0.521618 0.249809 0.027315 0.024877
34 0.491122 0.249436 0.025800 0.024055
17 0.692187 0.250276 0.016636 0.025388
4 0.556979 0.253328 0.038508 0.031328
4 0.199924 0.253334 0.039489 0.031335
28 0.443861 0.249911 0.023180 0.024320
7 0.261897 0.250409 0.016721 0.024987
22 0.467718 0.249745 0.019972 0.023480
34 0.590070 0.250439 0.026311 0.024831
3 0.620031 0.250619 0.028289 0.025167
3 0.162767 0.251105 0.026793 0.025385
24 0.644222 0.250684 0.016026 0.024429
18 0.471006 0.287048 0.028015 0.029072
4 0.506946 0.291492 0.038692 0.030526
24 0.303613 0.288654 0.016632 0.024688
34 0.279124 0.288718 0.026637 0.024598
7 0.350627 0.288800 0.017629 0.024511
25 0.440200 0.288868 0.029237 0.024570
21 0.326814 0.289264 0.026905 0.025337
7 0.674921 0.288969 0.018118 0.024640
1 0.251807 0.289273 0.026772 0.025130
4 0.643619 0.292440 0.041351 0.031397
34 0.394846 0.289149 0.024450 0.023939
3 0.222758 0.289996 0.027515 0.025259
12 0.371781 0.289670 0.022537 0.024457
3 0.605198 0.290066 0.027988 0.024906
7 0.578648 0.290171 0.017423 0.024846
11 0.192552 0.290225 0.026640 0.024882
33 0.548591 0.289998 0.041440 0.024221
29 0.163839 0.290966 0.025684 0.025372
32 0.467079 0.329785 0.031972 0.031279
3 0.384313 0.328219 0.027600 0.026017
8 0.355653 0.328160 0.023226 0.025840
15 0.233136 0.333614 0.024968 0.036436
4 0.670563 0.332010 0.040570 0.032752
3 0.706251 0.328975 0.027299 0.026534
0 0.261471 0.328564 0.029109 0.025648
0 0.615128 0.328933 0.028382 0.026318
32 0.310891 0.330868 0.032994 0.029789
11 0.564788 0.329229 0.028512 0.026293
21 0.438238 0.328878 0.025580 0.025556
22 0.411840 0.328192 0.022081 0.024130
17 0.640526 0.328733 0.016233 0.024662
1 0.497857 0.328509 0.028922 0.024121
7 0.589515 0.329473 0.017206 0.026039
17 0.334778 0.329409 0.013817 0.025855
17 0.523090 0.328802 0.015662 0.023811
7 0.188873 0.329680 0.017410 0.024916
17 0.210051 0.329674 0.017769 0.024666
11 0.163499 0.330341 0.027543 0.025499
5 0.355289 0.370181 0.027913 0.033378
8 0.411595 0.366736 0.022916 0.025901
34 0.384349 0.366665 0.026621 0.025517
3 0.326195 0.367259 0.028993 0.026239
34 0.694931 0.367008 0.025718 0.025707
4 0.269780 0.370191 0.041822 0.032022
3 0.498163 0.367453 0.027319 0.025873
34 0.624083 0.367075 0.026021 0.025012
11 0.595345 0.367712 0.027743 0.026151
2 0.463413 0.372108 0.037045 0.034659
7 0.434452 0.367164 0.017209 0.024491
21 0.544646 0.367699 0.026061 0.025194
7 0.569718 0.367658 0.018009 0.024775
20 0.228901 0.367989 0.035378 0.025322
11 0.164036 0.368414 0.027315 0.025801
5 0.667445 0.371764 0.026499 0.032457
17 0.300824 0.367986 0.015317 0.024714
28 0.194809 0.368304 0.025765 0.025112
3 0.638941 0.405779 0.027528 0.025648
3 0.476432 0.405527 0.026609 0.025125
32 0.608526 0.408378 0.031869 0.030669
4 0.442073 0.408503 0.036083 0.030513
4 0.511420 0.408581 0.037560 0.030577
34 0.338190 0.405763 0.026045 0.024761
11 0.308393 0.406344 0.028165 0.025107
28 0.256602 0.406451 0.025556 0.025094
11 0.389477 0.406222 0.028498 0.024634
17 0.414334 0.406667 0.014882 0.025024
8 0.199518 0.407403 0.023855 0.026099
24 0.663210 0.406733 0.016820 0.024690
7 0.585148 0.406295 0.017309 0.023775
22 0.561697 0.406127 0.021627 0.023380
17 0.540369 0.406135 0.014562 0.023149
21 0.227895 0.407411 0.026000 0.025012
24 0.157070 0.409080 0.018483 0.026548
17 0.176642 0.408270 0.015755 0.024912
18 0.202135 0.443612 0.028379 0.028371
32 0.534025 0.445156 0.031628 0.028268
4 0.398831 0.446102 0.037290 0.030118
3 0.564381 0.443287 0.027061 0.024394
8 0.648554 0.443805 0.022481 0.024651
25 0.694361 0.443351 0.028019 0.023581
4 0.453624 0.443781 0.033390 0.024355
11 0.594527 0.443935 0.027180 0.024563
36 0.504802 0.443591 0.027499 0.023854
34 0.720398 0.443595 0.021877 0.023856
3 0.325794 0.444024 0.027557 0.024241
34 0.622565 0.443661 0.024830 0.023439
14 0.238347 0.444878 0.037034 0.025166
36 0.359260 0.444187 0.033300 0.023517
17 0.671285 0.444652 0.015071 0.024169
7 0.270629 0.444878 0.016639 0.024560
11 0.295253 0.444726 0.026623 0.024209
17 0.427189 0.444604 0.014409 0.023539
13 0.159374 0.447176 0.023476 0.027464
18 0.380254 0.479916 0.027693 0.027545
34 0.499786 0.481729 0.026585 0.025137
3 0.686043 0.481756 0.027783 0.025061
13 0.335763 0.481572 0.023038 0.024666
4 0.550124 0.484954 0.039418 0.031217
9 0.357913 0.485549 0.017501 0.032368
14 0.416441 0.481858 0.036663 0.024766
11 0.470661 0.482183 0.026614 0.025359
32 0.630047 0.484478 0.031315 0.029858
8 0.242470 0.481997 0.021963 0.024731
3 0.214762 0.482971 0.027740 0.026205
34 0.309271 0.481894 0.024773 0.023939
7 0.265608 0.482234 0.016775 0.024132
7 0.445569 0.482611 0.017925 0.024842
34 0.655490 0.482122 0.025143 0.023746
21 0.584826 0.482728 0.024945 0.023829
36 0.162464 0.483580 0.028555 0.024247
24 0.188657 0.483678 0.016192 0.023433
22 0.331170 0.520031 0.022332 0.025769
25 0.303132 0.519504 0.028399 0.024415
4 0.239095 0.523885 0.037531 0.030825
8 0.647142 0.520958 0.023709 0.024620
4 0.464524 0.520900 0.033260 0.024455
28 0.674139 0.521249 0.026833 0.025108
21 0.274167 0.521189 0.026264 0.024808
1 0.403402 0.521101 0.027043 0.024292
9 0.189197 0.529388 0.018314 0.040434
0 0.164655 0.522507 0.027165 0.026393
24 0.492324 0.521445 0.015928 0.024062
28 0.432319 0.521480 0.023290 0.023907
17 0.624209 0.522142 0.015392 0.023567
26 0.551019 0.522245 0.025187 0.023684
7 0.209979 0.521874 0.016547 0.022609
35 0.519379 0.522200 0.034536 0.023244
3 0.693513 0.559430 0.026832 0.027229
1 0.346983 0.558540 0.029686 0.024809
5 0.404395 0.562529 0.026101 0.032322
34 0.431602 0.558356 0.024822 0.023781
29 0.221134 0.559937 0.026214 0.026227
29 0.298216 0.559401 0.026301 0.024843
28 0.377215 0.559212 0.025113 0.024333
24 0.321395 0.558905 0.015777 0.023580
0 0.479641 0.560102 0.027856 0.025779
4 0.594970 0.563053 0.038160 0.031402
21 0.246950 0.560161 0.025177 0.024586
34 0.192004 0.560071 0.026524 0.024383
5 0.160537 0.565381 0.032028 0.034337
9 0.503516 0.564130 0.014647 0.031331
3 0.526906 0.560774 0.027404 0.024586
22 0.273264 0.560103 0.021181 0.023201
21 0.629319 0.561018 0.025877 0.024833
36 0.557320 0.560847 0.028691 0.024454
35 0.661722 0.561077 0.033409 0.023721
37 0.462164 0.597111 0.032664 0.026863
11 0.300229 0.597572 0.026298 0.025326
11 0.367813 0.597561 0.026930 0.025183
36 0.428201 0.597693 0.026624 0.025163
3 0.398472 0.597770 0.026529 0.025096
1 0.212354 0.597960 0.027552 0.025164
0 0.164240 0.598099 0.028601 0.025368
35 0.332923 0.597699 0.034168 0.023964
28 0.271309 0.598526 0.024982 0.025410
25 0.595941 0.597550 0.029115 0.023425
21 0.242904 0.598752 0.025700 0.025368
17 0.188293 0.598277 0.014599 0.024307
22 0.492722 0.597735 0.021884 0.023209
11 0.696280 0.598646 0.026260 0.024836
22 0.625238 0.598104 0.021567 0.023637
36 0.562277 0.598499 0.032901 0.024113
7 0.534410 0.598738 0.017247 0.024387
28 0.650900 0.598835 0.023956 0.024481
9 0.672415 0.605664 0.015424 0.037513
11 0.611877 0.635157 0.028205 0.025912
4 0.313090 0.638364 0.038584 0.032310
11 0.664308 0.635325 0.026217 0.025824
34 0.346526 0.634733 0.025989 0.024259
28 0.582684 0.635605 0.025653 0.025981
25 0.552872 0.635414 0.031102 0.025307
0 0.470544 0.635472 0.026661 0.024782
10 0.638422 0.635784 0.020615 0.024985
11 0.421541 0.635997 0.027774 0.024886
9 0.492800 0.641748 0.015714 0.036251
3 0.276642 0.636252 0.027941 0.025194
5 0.162286 0.640567 0.029401 0.033069
7 0.445453 0.636180 0.017000 0.024204
7 0.510193 0.636209 0.016481 0.024116
22 0.190868 0.636252 0.022070 0.024120
28 0.218552 0.636190 0.024943 0.023979
24 0.528111 0.636129 0.015613 0.023851
21 0.246550 0.636507 0.025523 0.024122
4 0.307241 0.675942 0.040808 0.031676
3 0.345379 0.673233 0.028639 0.026242
14 0.669596 0.673186 0.035491 0.025620
4 0.487342 0.676375 0.038219 0.031639
7 0.697163 0.672869 0.016948 0.024573
11 0.227700 0.673851 0.029172 0.025924
8 0.197073 0.673819 0.023011 0.025830
34 0.256347 0.673193 0.025536 0.024484
3 0.523200 0.674076 0.028318 0.025971
3 0.397503 0.673626 0.027964 0.024948
24 0.371208 0.673985 0.017316 0.025436
28 0.636675 0.673831 0.024682 0.024898
25 0.589160 0.673531 0.027956 0.024210
28 0.453259 0.674129 0.024559 0.025346
24 0.565334 0.674396 0.015748 0.025251
3 0.169612 0.674582 0.027680 0.025168
9 0.613074 0.681005 0.016835 0.036658
23 0.693219 0.713637 0.028134 0.038593
4 0.510128 0.712992 0.036736 0.031359
3 0.571371 0.710534 0.026966 0.025373
34 0.541453 0.709813 0.024931 0.023565
3 0.325220 0.711230 0.027883 0.026024
4 0.452264 0.713358 0.036190 0.030178
3 0.417999 0.710826 0.026969 0.024851
9 0.644726 0.717820 0.018717 0.038709
28 0.666406 0.710577 0.023353 0.023878
3 0.619037 0.711158 0.026236 0.024869
22 0.390583 0.710625 0.022109 0.023420
34 0.249421 0.711192 0.027065 0.024477
34 0.200491 0.711437 0.026814 0.024797
24 0.595378 0.711109 0.015953 0.023830
5 0.293941 0.715615 0.029144 0.032621
9 0.349507 0.716996 0.019202 0.034938
17 0.480412 0.710733 0.017311 0.022093
32 0.293499 0.716274 0.029631 0.033099
24 0.226440 0.711939 0.016796 0.024043
11 0.170024 0.712304 0.026760 0.024538
17 0.369953 0.711700 0.014635 0.022954
18 0.418440 0.747079 0.028222 0.031463
15 0.643636 0.755093 0.024423 0.039720
9 0.643829 0.758561 0.023659 0.046446
8 0.616146 0.748509 0.023794 0.026001
5 0.446668 0.753509 0.029845 0.035601
7 0.696709 0.748626 0.017921 0.025791
37 0.352846 0.749656 0.033265 0.027412
34 0.477259 0.748535 0.026111 0.024486
3 0.318536 0.749340 0.028119 0.025293
24 0.500678 0.749168 0.016697 0.024692
21 0.524722 0.749517 0.026647 0.025331
25 0.386359 0.748794 0.029940 0.023710
4 0.235840 0.752939 0.038860 0.031990
4 0.176561 0.752838 0.039563 0.031445
33 0.581592 0.749479 0.041629 0.024380
17 0.206628 0.750763 0.015868 0.023073