37 0.148273 0.135384 0.034650 0.030797
18 0.406567 0.135184 0.026559 0.027731
22 0.209718 0.136103 0.022063 0.024112
3 0.254341 0.136317 0.026709 0.024121
25 0.335714 0.136199 0.027322 0.023655
25 0.181301 0.136418 0.027566 0.023797
8 0.381196 0.136780 0.021256 0.024360
34 0.308842 0.136286 0.024942 0.023167
1 0.483865 0.136457 0.027350 0.023262
0 0.589802 0.136723 0.027934 0.023760
5 0.281863 0.140588 0.026831 0.031440
33 0.535830 0.136933 0.038994 0.023379
9 0.613827 0.143781 0.015923 0.037013
32 0.655608 0.140499 0.028114 0.027855
28 0.682121 0.138944 0.024768 0.024399
15 0.573410 0.184598 0.026225 0.040381
3 0.457104 0.177388 0.027660 0.025204
29 0.600744 0.177483 0.024214 0.025178
4 0.492644 0.180371 0.035327 0.030743
1 0.661006 0.177480 0.028724 0.024867
4 0.326905 0.180472 0.037593 0.030820
25 0.384463 0.176924 0.025752 0.023594
34 0.524939 0.177255 0.024768 0.024236
11 0.630373 0.177501 0.027513 0.024635
17 0.548380 0.177281 0.016187 0.023268
25 0.290850 0.177290 0.027570 0.023049
22 0.411956 0.177621 0.020768 0.023546
34 0.359002 0.177899 0.025031 0.023876
17 0.432415 0.178244 0.014728 0.024292
36 0.197568 0.178292 0.027404 0.023470
24 0.268171 0.178307 0.015238 0.023363
34 0.168671 0.178655 0.025472 0.023790
24 0.221013 0.178810 0.014846 0.023453
21 0.141917 0.179667 0.026548 0.024698
37 0.514892 0.215151 0.032567 0.031504
18 0.577664 0.215906 0.027105 0.028883
10 0.692122 0.217044 0.022678 0.025299
0 0.664965 0.217122 0.027195 0.024477
4 0.439495 0.220962 0.037238 0.031393
34 0.634913 0.217380 0.027416 0.024113
34 0.470380 0.217407 0.023963 0.024135
25 0.547371 0.217212 0.028864 0.023198
3 0.403086 0.218178 0.028816 0.024784
5 0.605129 0.221699 0.028852 0.031770
28 0.241257 0.218440 0.023500 0.024757
4 0.330357 0.221597 0.037683 0.031009
0 0.268257 0.218725 0.027346 0.024691
34 0.361744 0.218202 0.025032 0.023473
3 0.212780 0.219213 0.027368 0.025312
34 0.182509 0.219343 0.025671 0.025303
4 0.150310 0.222606 0.038064 0.031330
18 0.450899 0.256146 0.026720 0.028162
36 0.552399 0.256658 0.028165 0.026689
3 0.391540 0.257586 0.026456 0.025853
11 0.422132 0.258075 0.027979 0.025821
25 0.480079 0.257422 0.028125 0.024234
25 0.335661 0.257650 0.028551 0.024612
3 0.582396 0.257770 0.026168 0.024737
8 0.638506 0.258479 0.022197 0.025610
28 0.362488 0.258239 0.024426 0.025007
26 0.611214 0.258351 0.025487 0.024886
7 0.661785 0.258904 0.018204 0.024882
14 0.269876 0.258785 0.036875 0.024104
4 0.229573 0.262369 0.038554 0.031089
17 0.528245 0.258969 0.015010 0.022879
3 0.192877 0.259926 0.026919 0.024403
3 0.162154 0.259726 0.026303 0.023984
4 0.452333 0.299435 0.036111 0.029371
11 0.531159 0.297767 0.027055 0.025495
36 0.416318 0.297216 0.028187 0.024188
0 0.579933 0.297970 0.029110 0.025693
34 0.483753 0.297366 0.025090 0.024305
22 0.360750 0.297137 0.022531 0.023466
28 0.388039 0.297486 0.023270 0.023872
28 0.658510 0.298090 0.024276 0.025054
34 0.321728 0.297270 0.025616 0.023377
11 0.629801 0.298423 0.027665 0.025516
7 0.555977 0.297761 0.015836 0.023773
17 0.604978 0.298763 0.015106 0.025767
8 0.298053 0.297885 0.020532 0.023986
3 0.272161 0.298157 0.026675 0.024179
2 0.151293 0.306181 0.037666 0.039681
3 0.214151 0.299143 0.026108 0.024686
11 0.186069 0.299239 0.025237 0.024371
11 0.620072 0.336650 0.027252 0.025129
15 0.581410 0.341127 0.025769 0.034054
25 0.526505 0.336313 0.028478 0.024197
10 0.482621 0.336494 0.020051 0.024367
25 0.378609 0.336392 0.029461 0.023603
22 0.697850 0.336451 0.022697 0.023558
25 0.667114 0.336304 0.028240 0.023188
11 0.457037 0.337018 0.026387 0.024098
17 0.645067 0.336851 0.014426 0.023501
24 0.502869 0.336634 0.014441 0.022948
3 0.426147 0.337299 0.026809 0.023988
7 0.294569 0.337840 0.017646 0.024970
24 0.354639 0.337000 0.015393 0.023170
17 0.402645 0.337142 0.015298 0.023369
11 0.269012 0.337623 0.027098 0.024005
15 0.242182 0.340472 0.022026 0.029060
14 0.151034 0.338233 0.036380 0.024449
4 0.210430 0.341160 0.036429 0.030242
7 0.180833 0.338267 0.017385 0.024010
32 0.316938 0.339856 0.029449 0.027157
24 0.338190 0.338374 0.014159 0.023091
4 0.330152 0.377778 0.038525 0.030730
3 0.294167 0.375276 0.026910 0.024616
28 0.239146 0.375414 0.024225 0.023855
3 0.439002 0.375662 0.024154 0.024198
34 0.670787 0.375976 0.025488 0.024634
36 0.147882 0.375921 0.030798 0.024406
32 0.264105 0.377933 0.031013 0.027915
3 0.619519 0.376560 0.027062 0.024857
4 0.468769 0.375943 0.030356 0.023346
22 0.646526 0.376213 0.021808 0.023855
4 0.548380 0.379066 0.036425 0.029463
26 0.516224 0.376442 0.023894 0.023929
13 0.176540 0.376389 0.022132 0.023812
3 0.674889 0.414157 0.026685 0.025083
1 0.257110 0.413894 0.025994 0.023566
15 0.353601 0.417246 0.022398 0.030246
34 0.394239 0.414171 0.024163 0.023880
11 0.325684 0.414465 0.026967 0.024398
4 0.546079 0.416262 0.035346 0.027783
21 0.146072 0.414457 0.025051 0.024000
13 0.299675 0.414365 0.019165 0.023232
24 0.373852 0.414393 0.015397 0.022920
17 0.280848 0.414431 0.014438 0.022748
28 0.515042 0.414671 0.021562 0.022945
14 0.485073 0.415037 0.032829 0.023198
32 0.453983 0.417378 0.030219 0.027739
37 0.312515 0.451702 0.030585 0.029479
18 0.370616 0.451476 0.023334 0.028081
4 0.457430 0.455261 0.036014 0.029196
28 0.425115 0.453413 0.025062 0.024963
3 0.588387 0.452888 0.025853 0.023853
13 0.671340 0.453114 0.020907 0.024214
11 0.255815 0.453213 0.025782 0.024370
21 0.397187 0.453766 0.024372 0.024781
25 0.342425 0.452960 0.026120 0.022872
17 0.689531 0.453853 0.014140 0.024226
9 0.232936 0.455934 0.013724 0.028284
22 0.614663 0.453330 0.020368 0.022933
7 0.214214 0.454026 0.016707 0.023952
7 0.651689 0.454277 0.016487 0.024443
1 0.166786 0.453877 0.025083 0.023425
24 0.634032 0.453880 0.015023 0.023388
13 0.535782 0.453443 0.020399 0.022488
22 0.192566 0.453508 0.021219 0.022194
17 0.554857 0.453716 0.014159 0.022566
36 0.509037 0.453754 0.025700 0.021720
24 0.143028 0.454077 0.016051 0.022179
3 0.276392 0.490889 0.026010 0.023504
25 0.637058 0.490937 0.026460 0.022465
25 0.248532 0.491127 0.025280 0.022309
20 0.609025 0.491623 0.026335 0.023018
22 0.663854 0.491974 0.020440 0.023576
32 0.358313 0.494620 0.031143 0.028668
3 0.475384 0.492760 0.026584 0.024535
10 0.381749 0.492711 0.019955 0.024352
25 0.447300 0.491656 0.024296 0.022230
21 0.563865 0.492772 0.023877 0.024177
17 0.684058 0.492335 0.015784 0.022977
24 0.426753 0.492361 0.014347 0.022633
24 0.510195 0.492509 0.016761 0.022716
26 0.223016 0.492510 0.024249 0.022557
26 0.405802 0.492877 0.023060 0.022773
35 0.192897 0.493024 0.031616 0.021603
3 0.283215 0.529173 0.024928 0.024513
3 0.340557 0.529701 0.025839 0.024739
4 0.375160 0.531374 0.035381 0.027973
22 0.257430 0.529055 0.020363 0.022869
20 0.424356 0.529657 0.025894 0.023559
36 0.152580 0.530102 0.027949 0.024182
32 0.629011 0.532295 0.029836 0.028516
32 0.310970 0.532028 0.031092 0.027869
7 0.237276 0.530056 0.016579 0.023566
10 0.689744 0.530708 0.019678 0.024828
17 0.401928 0.530232 0.014211 0.023755
11 0.572699 0.530369 0.025622 0.023935
11 0.212197 0.530245 0.024974 0.023398
5 0.521241 0.534199 0.024457 0.030868
20 0.183653 0.530364 0.025616 0.022741
34 0.545939 0.530535 0.021015 0.022916
32 0.495859 0.533118 0.026623 0.027937
24 0.670622 0.531239 0.015834 0.024131
18 0.452146 0.565795 0.023913 0.026933
15 0.641279 0.573468 0.023566 0.035100
11 0.425237 0.567892 0.025132 0.023834
3 0.598682 0.568243 0.024498 0.024208
28 0.690220 0.568570 0.023228 0.024783
36 0.353525 0.568032 0.025868 0.023485
8 0.477577 0.568279 0.021694 0.023831
16 0.209268 0.573505 0.026339 0.034058
3 0.181362 0.568610 0.025075 0.024151
25 0.666608 0.568355 0.026073 0.023411
2 0.565846 0.572893 0.034908 0.032355
25 0.285020 0.568122 0.026407 0.022797
20 0.257118 0.568091 0.025443 0.022446
17 0.330284 0.568472 0.013491 0.023176
11 0.151956 0.569094 0.026955 0.024405
7 0.233081 0.568958 0.015841 0.023513
7 0.537523 0.568627 0.015987 0.022638
22 0.517587 0.568787 0.020985 0.022440
2 0.193989 0.611480 0.034615 0.034294
20 0.497465 0.606895 0.025145 0.024463
8 0.455366 0.606959 0.021294 0.024550
11 0.540762 0.607211 0.026255 0.024918
25 0.415541 0.606360 0.024121 0.023118
22 0.584907 0.607320 0.020348 0.024660
11 0.662713 0.606961 0.026642 0.023772
28 0.689264 0.606789 0.022424 0.023373
0 0.306949 0.606823 0.025713 0.023165
34 0.391698 0.607419 0.024393 0.024153
17 0.564444 0.607843 0.015465 0.024817
17 0.436410 0.607538 0.013571 0.024121
35 0.274915 0.607011 0.032537 0.022786
24 0.606421 0.608450 0.015494 0.025403
24 0.248978 0.607458 0.015642 0.023296
32 0.368912 0.610317 0.028109 0.028618
7 0.348055 0.607931 0.016590 0.023707
9 0.329823 0.613975 0.014665 0.035752
17 0.476280 0.607677 0.013616 0.022923
35 0.631388 0.607774 0.031134 0.022738
13 0.150129 0.644867 0.022778 0.023872
8 0.250993 0.645126 0.021289 0.024360
3 0.199921 0.645179 0.025367 0.024005
28 0.173458 0.645385 0.023173 0.024349
9 0.273027 0.652648 0.016926 0.038719
4 0.320408 0.647949 0.033106 0.028865
11 0.420003 0.646050 0.025832 0.024920
26 0.227008 0.645882 0.023148 0.023904
11 0.372259 0.645761 0.026403 0.023580
7 0.396501 0.646251 0.017094 0.024432
7 0.292432 0.646522 0.016914 0.024546
28 0.447716 0.646946 0.022966 0.024745
7 0.348607 0.646386 0.016196 0.023457
0 0.473915 0.646700 0.025416 0.023977
32 0.533508 0.649449 0.028797 0.027606
29 0.610631 0.648622 0.026046 0.024487
26 0.582739 0.648933 0.025485 0.023172
18 0.562673 0.683911 0.024772 0.027894
25 0.220292 0.683414 0.027136 0.023783
4 0.158481 0.686486 0.036938 0.029735
4 0.325562 0.686731 0.034792 0.029287
15 0.401175 0.688767 0.022127 0.033232
3 0.292317 0.684401 0.026061 0.024491
28 0.193364 0.684400 0.023466 0.024199
22 0.246926 0.684540 0.020523 0.024285
28 0.690764 0.685325 0.023489 0.025793
10 0.450605 0.685205 0.020148 0.024809
17 0.268776 0.684767 0.015188 0.023800
25 0.426123 0.684800 0.024937 0.023552
3 0.512323 0.685862 0.024749 0.025509
28 0.358355 0.685423 0.022472 0.024524
24 0.380549 0.685404 0.015905 0.024310
8 0.486486 0.685877 0.020166 0.025243
32 0.539837 0.687641 0.029279 0.028288
21 0.664990 0.686317 0.024144 0.024744
7 0.619811 0.686448 0.016829 0.024424
22 0.640479 0.686745 0.021562 0.024911
33 0.593055 0.686404 0.033896 0.023306
18 0.470429 0.722507 0.026208 0.028657
3 0.352007 0.724002 0.025298 0.024771
32 0.446031 0.726692 0.031924 0.029982
1 0.305876 0.724055 0.026403 0.024586
11 0.549559 0.724492 0.025638 0.024919
34 0.688389 0.723978 0.024025 0.023787
11 0.382124 0.724190 0.025193 0.023989
21 0.497641 0.724541 0.024492 0.024399
32 0.150746 0.727392 0.034494 0.029716
10 0.574753 0.724831 0.019092 0.024449
28 0.522993 0.724692 0.022468 0.024117
7 0.405202 0.724218 0.015213 0.023124
1 0.213505 0.724731 0.025064 0.024032
17 0.237145 0.724678 0.015620 0.023870
24 0.424154 0.725670 0.016719 0.025383
34 0.625099 0.725066 0.022834 0.024146
11 0.599697 0.725483 0.025529 0.024730
5 0.662616 0.728090 0.025146 0.029542
4 0.160367 0.764224 0.035032 0.029749
3 0.557022 0.762799 0.026518 0.025441
3 0.600925 0.763056 0.027206 0.025735
5 0.235521 0.766906 0.026349 0.033270
3 0.210379 0.762496 0.025497 0.024376
25 0.489164 0.762419 0.026045 0.023647
3 0.460908 0.763027 0.026942 0.024855
34 0.262185 0.762482 0.023341 0.023638
29 0.432404 0.763073 0.024612 0.024790
12 0.286173 0.762664 0.020538 0.023873
34 0.649914 0.762988 0.024886 0.024488
25 0.355711 0.762691 0.025681 0.023866
3 0.329004 0.762957 0.025657 0.024285
22 0.515731 0.762598 0.021608 0.023553
22 0.627370 0.763160 0.021373 0.024274
28 0.380038 0.763504 0.021593 0.024246
1 0.678746 0.763839 0.027785 0.024633
17 0.534905 0.763247 0.013901 0.023446
34 0.705024 0.764198 0.025110 0.024337
26 0.405453 0.764348 0.023670 0.022833