8 0.727679 0.127358 0.022425 0.024294
3 0.602774 0.127758 0.027496 0.025047
25 0.337080 0.127104 0.027975 0.023729
4 0.466902 0.130144 0.036308 0.029531
34 0.498279 0.127890 0.025179 0.024558
13 0.683657 0.127791 0.023321 0.024327
22 0.365637 0.127536 0.021869 0.023783
17 0.706035 0.128212 0.015721 0.024990
28 0.754207 0.128212 0.025232 0.024625
22 0.524466 0.127876 0.021731 0.023862
11 0.431837 0.128072 0.026683 0.024193
0 0.801134 0.128287 0.026710 0.024510
1 0.631778 0.128011 0.025862 0.023855
9 0.406949 0.136079 0.016395 0.039859
17 0.388094 0.128583 0.016213 0.024474
24 0.777168 0.128329 0.016653 0.023947
28 0.846457 0.128833 0.025206 0.024332
24 0.825288 0.129270 0.015730 0.023891
18 0.880451 0.167338 0.027374 0.030968
11 0.335783 0.168043 0.026761 0.025309
3 0.824647 0.169018 0.026276 0.026143
13 0.452308 0.168440 0.022276 0.024918
28 0.796669 0.169156 0.024118 0.025880
25 0.772314 0.168478 0.027601 0.024504
11 0.714774 0.169021 0.030061 0.025237
28 0.744389 0.169177 0.026696 0.025086
11 0.853342 0.169397 0.026607 0.025499
28 0.363455 0.168736 0.024847 0.024046
7 0.430081 0.169136 0.017636 0.024683
14 0.398196 0.168972 0.038656 0.024168
3 0.624430 0.169359 0.026799 0.024706
7 0.688031 0.169298 0.017097 0.024084
24 0.506415 0.169418 0.015824 0.023983
5 0.555364 0.173470 0.027818 0.031722
33 0.658848 0.169598 0.037669 0.023906
17 0.472483 0.169317 0.014699 0.023282
28 0.528026 0.169900 0.024089 0.023147
18 0.557635 0.208272 0.029595 0.028796
3 0.335015 0.209014 0.029369 0.026266
13 0.398971 0.208824 0.024114 0.025190
36 0.368049 0.208782 0.030828 0.024613
29 0.490218 0.210034 0.026113 0.026490
22 0.443725 0.209203 0.023131 0.024773
17 0.421439 0.209204 0.015744 0.024415
27 0.816319 0.210198 0.044806 0.026176
7 0.467082 0.209377 0.018331 0.024410
13 0.660007 0.210322 0.021995 0.026083
11 0.779010 0.210509 0.028192 0.026443
3 0.747208 0.210410 0.029284 0.026083
22 0.597586 0.210165 0.023094 0.024969
32 0.685350 0.213076 0.034801 0.030470
7 0.515638 0.210579 0.017917 0.025201
28 0.717230 0.210928 0.025199 0.025193
7 0.638933 0.210661 0.017294 0.024655
24 0.619958 0.210689 0.016225 0.024159
3 0.383927 0.249289 0.028360 0.026439
0 0.300611 0.251234 0.031577 0.029896
23 0.570079 0.255579 0.030040 0.038315
3 0.353138 0.249392 0.026951 0.025296
4 0.422143 0.252961 0.040789 0.031829
15 0.643957 0.255978 0.024458 0.037397
15 0.600493 0.258607 0.025255 0.042326
34 0.456024 0.250297 0.026075 0.025362
10 0.744944 0.250302 0.022490 0.024817
25 0.717014 0.250151 0.028001 0.024371
7 0.787551 0.251424 0.019347 0.025251
0 0.485366 0.251113 0.026790 0.024106
24 0.767692 0.251027 0.016801 0.023366
24 0.544295 0.251324 0.015130 0.023784
17 0.526958 0.251595 0.014306 0.023701
9 0.509253 0.259982 0.016704 0.040441
3 0.728885 0.288269 0.028758 0.025668
36 0.761797 0.288456 0.029832 0.025988
29 0.438987 0.288326 0.025620 0.025308
11 0.696822 0.288658 0.029086 0.025267
7 0.816165 0.290014 0.018209 0.027351
1 0.336561 0.288514 0.027989 0.024145
21 0.646058 0.288742 0.026838 0.024577
22 0.792160 0.289124 0.023276 0.024923
7 0.670153 0.288607 0.016852 0.023511
11 0.494858 0.289148 0.026886 0.024322
26 0.384446 0.289481 0.026051 0.024918
17 0.360780 0.288557 0.015319 0.023054
28 0.465439 0.289452 0.025137 0.024764
1 0.598917 0.289252 0.027155 0.024156
28 0.522023 0.290268 0.024116 0.024571
7 0.859202 0.290417 0.017091 0.024522
18 0.858341 0.325883 0.028791 0.028820
25 0.812906 0.326506 0.027255 0.024484
4 0.742425 0.330649 0.039472 0.031284
0 0.648855 0.328144 0.029690 0.026224
9 0.835227 0.334033 0.016771 0.037681
1 0.440443 0.327630 0.027812 0.024778
16 0.595682 0.333577 0.028041 0.035929
11 0.545202 0.328200 0.027514 0.024975
13 0.516061 0.327798 0.023180 0.024171
24 0.790056 0.327964 0.015915 0.024441
10 0.621155 0.327780 0.020568 0.023630
17 0.466317 0.328228 0.015762 0.024431
17 0.771742 0.328150 0.014325 0.023983
28 0.490423 0.328410 0.024675 0.024304
35 0.703059 0.328323 0.036100 0.023664
7 0.570853 0.328743 0.017536 0.023903
35 0.354485 0.328788 0.035001 0.022880
34 0.715293 0.365714 0.027635 0.025017
15 0.357862 0.370648 0.023488 0.034615
13 0.603512 0.366194 0.021514 0.025450
11 0.685999 0.366180 0.028569 0.024774
8 0.508832 0.366490 0.022282 0.024875
4 0.450595 0.369949 0.038411 0.031740
28 0.786162 0.366881 0.025081 0.025163
28 0.656441 0.366520 0.023644 0.024165
2 0.388559 0.372323 0.036145 0.035714
7 0.418312 0.366757 0.017668 0.024367
1 0.815777 0.367599 0.028248 0.025987
25 0.759490 0.366169 0.028624 0.023064
21 0.629734 0.366682 0.025504 0.023805
34 0.576325 0.366596 0.026206 0.023395
11 0.863591 0.367697 0.026333 0.025209
12 0.552196 0.367578 0.019694 0.024152
17 0.840178 0.368005 0.014885 0.024156
15 0.634405 0.408694 0.023673 0.034342
34 0.392209 0.404560 0.027990 0.025667
34 0.707131 0.405059 0.025786 0.025369
25 0.361795 0.404512 0.028538 0.024231
10 0.593751 0.404931 0.021170 0.024915
25 0.565118 0.404606 0.029443 0.024096
25 0.678207 0.404766 0.027660 0.024307
22 0.420540 0.405352 0.022561 0.024571
24 0.731998 0.405423 0.015724 0.024631
17 0.613976 0.405373 0.014410 0.024513
36 0.534771 0.405360 0.026679 0.024435
22 0.755652 0.405342 0.023113 0.024251
24 0.655846 0.404962 0.014673 0.023120
9 0.463268 0.410878 0.016934 0.034927
3 0.802178 0.405932 0.026795 0.025018
7 0.442864 0.405208 0.016423 0.023537
17 0.777532 0.405236 0.015442 0.023254
28 0.505767 0.405650 0.024845 0.023989
5 0.830877 0.409972 0.026536 0.032059
34 0.858965 0.406434 0.025856 0.024620
36 0.676340 0.443696 0.029284 0.025135
3 0.548715 0.444062 0.027497 0.025630
3 0.580412 0.444097 0.028911 0.025435
9 0.471584 0.451710 0.017025 0.040131
11 0.516325 0.444324 0.028329 0.025299
15 0.804227 0.447601 0.024277 0.031427
3 0.447023 0.444793 0.027810 0.025434
24 0.781929 0.444100 0.015692 0.024002
36 0.882643 0.445368 0.028237 0.026350
24 0.606475 0.444266 0.016771 0.024099
4 0.714009 0.448231 0.037678 0.031982
4 0.410548 0.447881 0.039889 0.031283
22 0.629000 0.444276 0.023026 0.023871
17 0.650554 0.444482 0.015148 0.024142
10 0.745588 0.444839 0.023324 0.024725
34 0.853947 0.444646 0.024612 0.024289
22 0.332951 0.444597 0.021051 0.024105
24 0.380209 0.445273 0.016197 0.024730
32 0.828663 0.447262 0.031681 0.027934
7 0.490422 0.445691 0.016395 0.024734
3 0.865953 0.483077 0.028722 0.027289
25 0.818525 0.482013 0.027286 0.024745
17 0.840953 0.482933 0.014995 0.025512
28 0.593831 0.483177 0.025045 0.025997
1 0.791469 0.482753 0.028196 0.024728
34 0.510659 0.483558 0.025551 0.025879
34 0.685143 0.482966 0.026977 0.024165
13 0.743962 0.482757 0.022348 0.023680
36 0.716179 0.482976 0.029142 0.024074
32 0.659664 0.485453 0.032644 0.028992
25 0.482015 0.483277 0.028246 0.024391
24 0.533334 0.483295 0.015634 0.024024
13 0.331842 0.484128 0.022828 0.025633
35 0.560189 0.483729 0.034723 0.023898
34 0.398439 0.484009 0.025727 0.024177
22 0.374355 0.483842 0.022495 0.023691
17 0.353385 0.484215 0.014992 0.024386
35 0.453997 0.484311 0.028592 0.023351
18 0.422940 0.521492 0.028717 0.029497
4 0.724134 0.523286 0.039477 0.031916
34 0.645567 0.520483 0.027050 0.024565
1 0.575391 0.522356 0.029646 0.027193
25 0.807269 0.520929 0.028890 0.024113
7 0.783605 0.521470 0.015620 0.023423
10 0.834863 0.522119 0.020409 0.024689
10 0.496325 0.522219 0.022483 0.024774
25 0.469557 0.522116 0.026929 0.024136
22 0.621259 0.521705 0.021018 0.023047
24 0.854518 0.523262 0.015662 0.024345
24 0.446750 0.523307 0.016024 0.023666
0 0.352396 0.524127 0.027606 0.025305
22 0.396800 0.523744 0.022861 0.024124
17 0.375800 0.524620 0.015040 0.024599
35 0.880644 0.524814 0.035437 0.024791
11 0.785228 0.559751 0.026932 0.026041
13 0.714315 0.559354 0.023461 0.024455
36 0.685228 0.559444 0.028819 0.024582
25 0.626317 0.559354 0.024233 0.024185
34 0.653356 0.559501 0.025920 0.024273
27 0.819857 0.560164 0.042332 0.025481
3 0.857177 0.561025 0.027954 0.026108
3 0.557610 0.561071 0.027031 0.025662
17 0.605295 0.560841 0.015308 0.025052
0 0.885659 0.561883 0.027254 0.026598
22 0.584545 0.560496 0.021541 0.023689
33 0.521960 0.561370 0.039011 0.024430
4 0.416561 0.564544 0.039863 0.030720
21 0.452011 0.561715 0.025578 0.024945
37 0.334581 0.563242 0.034972 0.027491
35 0.484175 0.561912 0.033242 0.022619
7 0.386754 0.563023 0.016205 0.024004
18 0.441417 0.597796 0.028274 0.029670
25 0.777196 0.597247 0.030340 0.025194
13 0.723982 0.597516 0.023799 0.024895
15 0.668261 0.603858 0.030444 0.037313
10 0.807179 0.598109 0.021885 0.025811
11 0.617715 0.598526 0.026822 0.025923
21 0.747874 0.598531 0.026287 0.025347
10 0.697891 0.598697 0.022553 0.024427
13 0.587996 0.598930 0.023459 0.024509
28 0.496659 0.599679 0.024585 0.024822
28 0.562213 0.600055 0.024270 0.025360
12 0.469143 0.600375 0.022463 0.025806
9 0.414794 0.600711 0.022105 0.025442
0 0.337420 0.601338 0.030229 0.026050
9 0.365992 0.601253 0.022112 0.025863
11 0.863004 0.636860 0.027356 0.025525
13 0.834927 0.636682 0.021741 0.024801
10 0.730017 0.636879 0.021962 0.024670
7 0.885957 0.636914 0.016588 0.024706
21 0.810105 0.636989 0.023713 0.024826
25 0.700787 0.636367 0.029479 0.023407
36 0.669501 0.637057 0.028774 0.024431
28 0.640397 0.637480 0.023738 0.024432
24 0.751375 0.637475 0.015368 0.024237
35 0.777921 0.637576 0.034507 0.023495
21 0.615030 0.637706 0.024477 0.023715
1 0.560017 0.638182 0.027589 0.024634
3 0.482575 0.638538 0.027765 0.024945
28 0.587838 0.638388 0.023606 0.024545
28 0.532733 0.638640 0.023828 0.024876
25 0.371962 0.639798 0.027499 0.025420
10 0.399457 0.639218 0.022021 0.024228
24 0.420764 0.639552 0.016812 0.022627
35 0.448823 0.640117 0.034102 0.023145
33 0.289202 0.648187 0.056139 0.038631
7 0.348766 0.642014 0.017332 0.026081
9 0.330275 0.648568 0.016622 0.038752
18 0.743690 0.674769 0.027579 0.028518
3 0.671552 0.675534 0.030362 0.026329
7 0.870030 0.675571 0.018733 0.026049
24 0.851077 0.675253 0.016272 0.024731
13 0.699554 0.675637 0.022733 0.025316
5 0.770200 0.679789 0.026343 0.033448
9 0.720733 0.680845 0.017577 0.035501
3 0.800248 0.675788 0.027311 0.025091
22 0.827951 0.675974 0.023584 0.025103
4 0.575049 0.679070 0.037804 0.031236
28 0.609319 0.676505 0.025526 0.024974
3 0.448677 0.678343 0.028031 0.025778
34 0.500209 0.677657 0.025675 0.024331
8 0.387470 0.678472 0.023570 0.025492
35 0.640188 0.677412 0.029776 0.023366
3 0.417134 0.678944 0.029715 0.025687
7 0.545853 0.677793 0.017085 0.023263
22 0.476826 0.677989 0.022354 0.023235
10 0.363654 0.679208 0.019604 0.025330
34 0.692832 0.714683 0.026726 0.025137
0 0.769285 0.715715 0.029185 0.027032
11 0.866716 0.715875 0.029635 0.027156
3 0.816436 0.715207 0.027010 0.025476
11 0.665766 0.715070 0.027841 0.025201
3 0.737328 0.715435 0.028256 0.025856
27 0.699297 0.715085 0.039434 0.024557
24 0.841030 0.715545 0.016557 0.025368
28 0.621613 0.717087 0.021998 0.026886
32 0.595080 0.719007 0.029958 0.030556
13 0.572474 0.717195 0.022282 0.025981
28 0.470350 0.718272 0.024536 0.025801
4 0.386082 0.721291 0.039054 0.031807
7 0.551005 0.717835 0.015943 0.024823
22 0.509439 0.718085 0.023857 0.025009
24 0.532922 0.718215 0.016138 0.025232
25 0.823563 0.753303 0.028784 0.025290
3 0.629039 0.754536 0.028068 0.027068
9 0.778671 0.753968 0.019700 0.025767
1 0.682393 0.753627 0.028197 0.024875
10 0.851231 0.754012 0.021904 0.025456
17 0.707993 0.753882 0.015746 0.024776
24 0.655816 0.754075 0.017454 0.024352
24 0.728105 0.754144 0.016228 0.024294
32 0.599935 0.757855 0.031136 0.030781
11 0.541348 0.756270 0.028855 0.026532
28 0.572486 0.756647 0.025145 0.026588
28 0.471310 0.756994 0.024443 0.026425
13 0.446972 0.756948 0.022351 0.026066
28 0.420705 0.757962 0.025850 0.026245
0 0.339659 0.758887 0.029843 0.027376
21 0.390309 0.758484 0.028097 0.026374