18 0.358229 0.127154 0.027157 0.029983
3 0.809547 0.128573 0.027755 0.026447
11 0.777399 0.128754 0.028989 0.026206
25 0.644889 0.127737 0.027552 0.023974
22 0.699640 0.128541 0.023954 0.024633
7 0.752376 0.128834 0.017148 0.025211
34 0.570819 0.128748 0.025625 0.024866
4 0.487335 0.131464 0.038701 0.030211
9 0.383463 0.137590 0.017671 0.042339
34 0.520860 0.128421 0.025092 0.023872
21 0.728502 0.129291 0.028133 0.025449
11 0.408178 0.129165 0.026338 0.025074
28 0.672555 0.128976 0.024986 0.024659
24 0.621663 0.128684 0.015726 0.023973
34 0.437442 0.128830 0.027769 0.024248
22 0.546986 0.128638 0.021761 0.023582
26 0.598360 0.129581 0.025059 0.025314
22 0.333147 0.129393 0.021998 0.024588
36 0.840068 0.129216 0.030112 0.024013
18 0.788264 0.167541 0.028426 0.029241
18 0.375690 0.167832 0.026448 0.027497
3 0.656742 0.169079 0.029381 0.026806
34 0.475481 0.168659 0.028488 0.025581
34 0.580741 0.168887 0.027651 0.026028
3 0.526775 0.168956 0.028686 0.025809
12 0.684110 0.169378 0.022602 0.026592
22 0.555234 0.168839 0.021829 0.024999
5 0.403630 0.172306 0.028383 0.031882
22 0.448466 0.168957 0.024135 0.024658
33 0.618335 0.169665 0.042262 0.026004
17 0.426397 0.169450 0.015233 0.025394
9 0.353362 0.176467 0.018424 0.039353
22 0.763860 0.169112 0.022842 0.024605
10 0.739240 0.169714 0.022097 0.025222
29 0.818536 0.170211 0.026749 0.025993
11 0.712131 0.170055 0.028954 0.025539
32 0.571360 0.211197 0.032112 0.030164
3 0.386663 0.209260 0.029433 0.026103
28 0.540685 0.209493 0.025849 0.026430
13 0.474428 0.209407 0.025328 0.025526
7 0.451186 0.209636 0.018077 0.025455
20 0.759793 0.210073 0.029178 0.026100
20 0.335987 0.209886 0.030365 0.025689
32 0.635571 0.212058 0.035314 0.029983
24 0.430157 0.209833 0.016693 0.025495
9 0.516887 0.216447 0.017857 0.038058
17 0.411437 0.209856 0.015314 0.024319
34 0.866065 0.210856 0.027699 0.026102
28 0.821631 0.210578 0.025092 0.025371
12 0.703399 0.210963 0.022130 0.026065
17 0.496563 0.210337 0.015678 0.024798
7 0.662756 0.210868 0.017812 0.025277
28 0.730557 0.210568 0.026149 0.024547
9 0.682390 0.217332 0.016868 0.037913
24 0.843992 0.211350 0.016923 0.025170
15 0.455349 0.256177 0.025316 0.041968
3 0.503861 0.249740 0.028347 0.026566
8 0.427150 0.249276 0.023312 0.025406
0 0.586686 0.249606 0.029357 0.025658
34 0.782085 0.250508 0.027626 0.027189
20 0.535846 0.249455 0.028478 0.025083
25 0.750950 0.249957 0.029109 0.025231
15 0.361433 0.254837 0.025537 0.034980
24 0.478739 0.250335 0.017794 0.025546
17 0.611847 0.250296 0.015010 0.025320
0 0.827699 0.251277 0.028673 0.026482
33 0.393680 0.250317 0.040084 0.024418
7 0.663886 0.250387 0.017124 0.024447
33 0.694776 0.251049 0.042804 0.025254
3 0.876215 0.251590 0.028610 0.025591
9 0.852165 0.257229 0.016783 0.036825
21 0.331470 0.251985 0.029009 0.026189
7 0.727117 0.250835 0.017259 0.023679
15 0.513223 0.293791 0.025571 0.036689
8 0.454268 0.288396 0.024352 0.025583
13 0.624446 0.288502 0.023649 0.025570
28 0.598094 0.288647 0.025292 0.025436
0 0.749944 0.288992 0.029354 0.025595
11 0.569533 0.288690 0.028577 0.024652
3 0.692096 0.289224 0.029191 0.025526
21 0.484330 0.289281 0.027826 0.025633
34 0.426202 0.289098 0.027573 0.025121
32 0.538847 0.291421 0.030745 0.029756
1 0.800669 0.289792 0.030407 0.025359
28 0.720714 0.289601 0.024080 0.024929
24 0.665724 0.289999 0.017377 0.025472
28 0.831235 0.290204 0.024998 0.025399
25 0.395611 0.289778 0.030383 0.024391
17 0.646450 0.289942 0.015685 0.024410
17 0.774874 0.290200 0.015016 0.024131
25 0.807613 0.327485 0.028993 0.024080
0 0.527093 0.328697 0.029570 0.025921
0 0.688104 0.328432 0.029529 0.025314
11 0.577110 0.328550 0.027933 0.024873
34 0.836762 0.328843 0.027001 0.025335
7 0.602279 0.328258 0.016163 0.023870
30 0.774985 0.328730 0.033920 0.024344
33 0.631345 0.328961 0.039920 0.024508
28 0.420785 0.329684 0.026837 0.025945
17 0.552271 0.329435 0.015352 0.025184
24 0.443806 0.329276 0.016891 0.024727
7 0.662187 0.328797 0.017544 0.023701
14 0.385362 0.329719 0.040032 0.025265
35 0.471371 0.329835 0.037519 0.022737
22 0.350798 0.330253 0.022882 0.022917
1 0.649806 0.366454 0.029808 0.025782
22 0.744865 0.366388 0.021861 0.025245
28 0.600542 0.366980 0.024145 0.025924
16 0.520911 0.372410 0.028758 0.036094
28 0.680978 0.366760 0.025666 0.024505
14 0.777487 0.367313 0.036224 0.025463
24 0.623140 0.366758 0.016245 0.024176
9 0.577304 0.374479 0.016495 0.038357
20 0.551431 0.367925 0.028042 0.025248
11 0.460732 0.367753 0.027442 0.024846
3 0.490522 0.367960 0.026228 0.024958
20 0.813095 0.367877 0.027061 0.024384
8 0.347183 0.368619 0.025280 0.025846
32 0.429670 0.370370 0.032475 0.029212
21 0.377219 0.368955 0.027622 0.025852
24 0.836699 0.368099 0.016080 0.023465
35 0.862546 0.369098 0.032848 0.023709
4 0.575100 0.407258 0.038486 0.031177
34 0.607521 0.404684 0.025303 0.025412
20 0.715869 0.404278 0.026828 0.024333
1 0.765458 0.405089 0.028046 0.025917
14 0.681054 0.404422 0.036365 0.024472
22 0.649510 0.404400 0.022823 0.023977
4 0.479830 0.407934 0.036277 0.030640
11 0.859987 0.405813 0.026070 0.025676
27 0.893672 0.405856 0.040821 0.025660
24 0.741268 0.405133 0.015734 0.023723
3 0.512512 0.405438 0.025414 0.024225
22 0.793964 0.405827 0.023094 0.024863
9 0.837518 0.413081 0.018211 0.038417
28 0.448205 0.405984 0.023336 0.024185
7 0.816275 0.406077 0.017655 0.024010
26 0.540201 0.405761 0.025301 0.023299
24 0.423864 0.406786 0.021370 0.024158
7 0.402448 0.407544 0.017091 0.024048
21 0.380037 0.407679 0.024884 0.024013
3 0.332993 0.408904 0.027724 0.025717
24 0.357069 0.408498 0.014825 0.023957
34 0.744512 0.443591 0.026710 0.025893
0 0.603739 0.443267 0.027854 0.025086
3 0.649370 0.443483 0.026075 0.025219
25 0.715190 0.442911 0.028101 0.023994
11 0.496947 0.444313 0.027635 0.025688
7 0.578872 0.443623 0.016466 0.024040
0 0.448280 0.445004 0.028140 0.026167
28 0.791619 0.444370 0.025371 0.024854
8 0.839862 0.444800 0.022309 0.025641
7 0.521359 0.444516 0.016293 0.024262
33 0.549926 0.444369 0.039132 0.023816
17 0.472938 0.445447 0.015055 0.025599
22 0.349060 0.446823 0.021177 0.025189
17 0.370486 0.446866 0.015132 0.025132
18 0.784782 0.481022 0.029676 0.030113
25 0.712542 0.481559 0.027293 0.025003
28 0.656738 0.481639 0.024066 0.025097
8 0.756945 0.482053 0.022109 0.025683
0 0.526747 0.482543 0.028483 0.025727
1 0.684906 0.482012 0.026929 0.024642
3 0.557443 0.482551 0.026790 0.025329
2 0.622386 0.487196 0.037870 0.034464
0 0.829819 0.483595 0.029131 0.026912
28 0.455232 0.482873 0.025178 0.025334
17 0.735420 0.482298 0.015531 0.023979
20 0.586495 0.482543 0.027220 0.024327
1 0.423678 0.483681 0.029259 0.026060
22 0.481072 0.482925 0.022786 0.024398
17 0.502625 0.483384 0.014434 0.024851
3 0.392937 0.485170 0.027582 0.027216
17 0.855745 0.484239 0.016495 0.025254
3 0.362301 0.485379 0.029128 0.026095
3 0.330883 0.486035 0.028926 0.027087
16 0.654749 0.525593 0.028122 0.037438
15 0.654669 0.525967 0.028293 0.037599
4 0.475946 0.522900 0.040227 0.031313
25 0.699450 0.519334 0.026971 0.024116
3 0.756709 0.520270 0.029101 0.025867
3 0.573792 0.519545 0.026088 0.024335
13 0.546641 0.519856 0.023349 0.024570
9 0.678505 0.527884 0.017047 0.039698
22 0.727323 0.520383 0.022388 0.024271
3 0.788282 0.521163 0.027180 0.024916
3 0.438501 0.521748 0.027570 0.024923
36 0.877673 0.522125 0.028244 0.025118
35 0.516286 0.521616 0.034177 0.023605
11 0.408878 0.522608 0.026073 0.025294
22 0.834130 0.522071 0.022355 0.023973
17 0.854640 0.522391 0.014953 0.023842
4 0.337596 0.526193 0.037567 0.031314
35 0.376399 0.524211 0.033577 0.022845
18 0.818798 0.557917 0.027015 0.028705
4 0.670819 0.560655 0.039092 0.031995
15 0.704150 0.562153 0.024221 0.032840
24 0.579448 0.558180 0.015580 0.024078
3 0.604352 0.558503 0.025912 0.024575
11 0.538054 0.559236 0.028085 0.025741
0 0.488290 0.559748 0.029547 0.026242
22 0.773102 0.559579 0.022911 0.025541
22 0.729128 0.559187 0.022237 0.024430
11 0.439062 0.560317 0.028417 0.026429
17 0.513173 0.560386 0.015223 0.025713
17 0.562025 0.559741 0.014295 0.024272
17 0.750542 0.559626 0.016464 0.023865
24 0.796054 0.560031 0.016497 0.024492
5 0.846521 0.564829 0.027400 0.033981
3 0.408490 0.561210 0.028328 0.026370
7 0.463842 0.560147 0.016618 0.024197
4 0.338410 0.564834 0.037051 0.031718
18 0.507279 0.596262 0.028102 0.028820
34 0.564708 0.596682 0.026635 0.025513
5 0.535994 0.600970 0.029053 0.033587
11 0.606491 0.597794 0.027762 0.026317
34 0.673487 0.597306 0.024777 0.025136
22 0.699713 0.597106 0.023393 0.024027
22 0.649934 0.597607 0.021631 0.024737
3 0.798558 0.598221 0.029020 0.025534
11 0.478688 0.598349 0.028924 0.025463
17 0.629965 0.598149 0.014568 0.024959
7 0.772538 0.598401 0.016813 0.025089
32 0.747361 0.599935 0.033564 0.028140
7 0.722933 0.598131 0.017377 0.024388
22 0.827195 0.598490 0.021578 0.024336
0 0.854338 0.599121 0.027671 0.025205
12 0.450069 0.599535 0.020886 0.025989
28 0.425537 0.599251 0.024951 0.025389
21 0.397804 0.599687 0.026947 0.026115
8 0.367216 0.601029 0.024367 0.025909
24 0.324350 0.602121 0.017965 0.023831
18 0.523192 0.634187 0.027322 0.029959
32 0.739457 0.637550 0.031791 0.029755
4 0.657095 0.638138 0.037565 0.029724
3 0.769755 0.636257 0.028091 0.025907
4 0.556698 0.638791 0.034141 0.030652
4 0.840777 0.640309 0.039632 0.032818
25 0.493706 0.636155 0.027701 0.024345
7 0.627632 0.636394 0.016261 0.024682
10 0.873411 0.637213 0.022444 0.025888
36 0.802255 0.637193 0.030488 0.025797
33 0.599889 0.636831 0.035136 0.024491
32 0.438357 0.640094 0.033050 0.030543
15 0.396192 0.642714 0.024991 0.033662
32 0.367661 0.641916 0.031279 0.029156
9 0.327161 0.647481 0.016381 0.038759
10 0.754195 0.674614 0.023408 0.026151
25 0.726034 0.675080 0.029062 0.025243
4 0.661981 0.677580 0.039800 0.029914
4 0.593285 0.678053 0.038986 0.030314
34 0.626266 0.675362 0.025816 0.024812
3 0.801546 0.675758 0.028662 0.025325
11 0.531031 0.675989 0.028125 0.025606
3 0.440803 0.676253 0.028838 0.024869
21 0.698627 0.676167 0.026866 0.024449
3 0.882019 0.676819 0.028603 0.025408
28 0.560041 0.676595 0.023881 0.024821
7 0.505889 0.676838 0.016607 0.025118
28 0.413359 0.677158 0.022570 0.025756
33 0.476947 0.676412 0.039383 0.023810
32 0.383128 0.680448 0.034542 0.029581
0 0.332876 0.678639 0.028047 0.025061
17 0.357757 0.679385 0.014830 0.025122
29 0.756561 0.714758 0.026243 0.025351
0 0.679905 0.714838 0.027664 0.025406
28 0.651415 0.714836 0.024152 0.025056
2 0.617506 0.721048 0.037695 0.037134
3 0.729535 0.715047 0.027290 0.024510
34 0.464141 0.715155 0.027022 0.024168
5 0.507236 0.719754 0.027417 0.033289
28 0.785577 0.715927 0.025036 0.025299
24 0.808513 0.715863 0.016589 0.024905
11 0.435296 0.715979 0.027875 0.024964
25 0.832078 0.715447 0.026772 0.023895
3 0.861480 0.716605 0.029185 0.026140
25 0.552575 0.715479 0.026638 0.023844
3 0.404342 0.716838 0.027902 0.026386
4 0.368570 0.719737 0.038645 0.031324
35 0.580728 0.715986 0.032573 0.023561
3 0.332256 0.718108 0.027886 0.025476
18 0.556469 0.750447 0.027102 0.029056
25 0.617505 0.751930 0.029870 0.026953
3 0.586521 0.752700 0.027989 0.025624
25 0.526569 0.752615 0.026434 0.024082
3 0.726469 0.753506 0.028020 0.025447
36 0.693674 0.753101 0.029043 0.024504
34 0.477591 0.753367 0.027352 0.024443
24 0.503141 0.754124 0.017603 0.025361
34 0.839118 0.754035 0.026673 0.025072
1 0.450237 0.754426 0.027805 0.025506
22 0.647655 0.753319 0.023545 0.023212
9 0.816124 0.762825 0.016384 0.042200
17 0.669199 0.753992 0.015458 0.024496
33 0.764889 0.753955 0.041260 0.024158
7 0.796534 0.754453 0.018597 0.024483
3 0.365093 0.756189 0.028343 0.026823
25 0.332758 0.756877 0.029728 0.025846
24 0.388635 0.756440 0.016147 0.024868
35 0.416526 0.756551 0.035554 0.023738