17 0.176701 0.189072 0.013624 0.016628
9 0.500015 0.372554 0.030470 0.045745
11 0.836044 0.441648 0.026249 0.046173
17 0.810709 0.441188 0.021557 0.040634
9 0.789537 0.443434 0.017075 0.044874
11 0.646661 0.444459 0.033392 0.043284
25 0.479722 0.448593 0.038814 0.043457
15 0.417414 0.455616 0.033613 0.054031
17 0.530774 0.450384 0.022833 0.037070
17 0.390490 0.453016 0.018653 0.042063
12 0.349426 0.463412 0.021509 0.020967
25 0.833519 0.488201 0.027556 0.020749
21 0.855241 0.488147 0.018272 0.020609
25 0.753208 0.488794 0.026677 0.020233
17 0.774708 0.489107 0.012286 0.020666
17 0.728834 0.489642 0.020795 0.020243
28 0.704865 0.491037 0.021727 0.020297
25 0.655424 0.491328 0.027993 0.020137
28 0.680381 0.491129 0.022696 0.019512
0 0.610498 0.493259 0.026652 0.020359
25 0.530304 0.494714 0.027194 0.020721
13 0.484920 0.496682 0.022068 0.020806
21 0.506354 0.496321 0.018858 0.019518
32 0.462365 0.500257 0.021250 0.021808
0 0.327846 0.500566 0.025084 0.021226
20 0.825933 0.524772 0.029947 0.024421
25 0.746108 0.525448 0.029002 0.025184
21 0.796443 0.525738 0.025601 0.024768
7 0.772805 0.525222 0.017779 0.023474
3 0.716469 0.526752 0.029615 0.025661
0 0.716562 0.526858 0.029635 0.025408
33 0.678689 0.528610 0.039550 0.023435
9 0.649102 0.535138 0.016281 0.036370
7 0.627046 0.530291 0.018709 0.025478
32 0.604335 0.533094 0.032118 0.030241
7 0.579942 0.531173 0.019019 0.024653
24 0.559265 0.531608 0.017321 0.023577
3 0.507320 0.532604 0.028958 0.025536
22 0.536592 0.532033 0.023732 0.024257
13 0.477387 0.533141 0.025325 0.025557
1 0.431165 0.535173 0.030235 0.025535
17 0.455836 0.534606 0.013862 0.023069
32 0.401148 0.538621 0.030508 0.029646
1 0.848936 0.562969 0.029437 0.026904
3 0.817582 0.563992 0.028110 0.025921
18 0.715913 0.564721 0.027323 0.027312
11 0.787305 0.564087 0.027733 0.025292
14 0.751817 0.564867 0.037886 0.024249
13 0.669504 0.566530 0.022739 0.025767
9 0.693333 0.572198 0.016954 0.035955
3 0.641212 0.567365 0.028774 0.025193
25 0.610170 0.567992 0.027889 0.023626
4 0.557331 0.572898 0.040494 0.030568
9 0.588207 0.578879 0.016663 0.042257
3 0.502426 0.572216 0.028518 0.025119
24 0.526797 0.571830 0.017121 0.024145
35 0.469132 0.574094 0.033355 0.023148
25 0.440010 0.574363 0.028273 0.023247
5 0.392855 0.581141 0.027658 0.035641
7 0.370977 0.577404 0.017964 0.024985
27 0.841745 0.601890 0.026049 0.024102
28 0.792169 0.602499 0.025241 0.024595
22 0.818317 0.601630 0.021020 0.022695
32 0.763905 0.605001 0.026324 0.027386
36 0.734921 0.603646 0.028686 0.023967
11 0.675215 0.604688 0.027999 0.025416
3 0.705122 0.604334 0.027841 0.024115
2 0.621424 0.612312 0.036788 0.035100
28 0.589204 0.608283 0.023784 0.023919
8 0.544968 0.609322 0.023368 0.024968
26 0.519998 0.610958 0.025386 0.024537
11 0.473348 0.611812 0.028557 0.025453
17 0.497482 0.611241 0.014559 0.023883
34 0.419476 0.612823 0.027732 0.024186
4 0.804270 0.641898 0.039373 0.031165
25 0.860139 0.639565 0.026815 0.024781
34 0.887642 0.640428 0.025979 0.025422
3 0.767890 0.640226 0.028188 0.024339
10 0.720664 0.641176 0.021511 0.023963
4 0.689358 0.644554 0.037204 0.030689
24 0.742092 0.641369 0.016265 0.024201
28 0.592374 0.645811 0.023989 0.024954
29 0.566406 0.646930 0.024311 0.025728
3 0.492392 0.648778 0.028755 0.025718
11 0.523348 0.648336 0.026796 0.024655
17 0.546210 0.648000 0.014632 0.023958
32 0.463439 0.652000 0.032792 0.030144
36 0.430201 0.650103 0.030406 0.024558
3 0.398826 0.652541 0.027162 0.028371
4 0.863273 0.679438 0.036244 0.031222
5 0.828317 0.681981 0.029895 0.032138
10 0.893080 0.678425 0.019984 0.024083
4 0.709542 0.681703 0.036025 0.030441
27 0.739926 0.678530 0.021934 0.023671
10 0.740183 0.678596 0.022263 0.023681
34 0.799536 0.677915 0.024268 0.021987
3 0.674539 0.680494 0.028146 0.025099
14 0.638646 0.681542 0.037140 0.024023
11 0.576426 0.682701 0.027163 0.024759
28 0.605273 0.682369 0.023785 0.023990
22 0.549611 0.684060 0.020318 0.024042
4 0.519293 0.688484 0.037495 0.032298
13 0.486680 0.685729 0.022980 0.025270
10 0.442791 0.687392 0.022126 0.024082
4 0.410864 0.691257 0.038827 0.029962
3 0.376295 0.689604 0.027126 0.024610
17 0.354057 0.690589 0.017206 0.024681
11 0.814995 0.714311 0.029028 0.026217
22 0.863817 0.714121 0.024694 0.025068
10 0.787347 0.714354 0.021105 0.025361
25 0.760140 0.714612 0.026996 0.024181
17 0.840568 0.714913 0.015796 0.023729
15 0.733152 0.722348 0.025025 0.038387
34 0.674600 0.717183 0.027189 0.025415
0 0.705084 0.716985 0.028578 0.024773
4 0.640868 0.721017 0.038701 0.032280
28 0.606869 0.719218 0.024111 0.024713
11 0.577440 0.719836 0.026855 0.024343
28 0.550238 0.721338 0.022602 0.024240
28 0.498826 0.722899 0.025123 0.025389
1 0.468156 0.723684 0.028775 0.024122
0 0.421274 0.725456 0.028653 0.024482
17 0.445027 0.724767 0.015416 0.022782
7 0.395143 0.726779 0.016965 0.023526
3 0.333548 0.727414 0.027278 0.024351
33 0.366921 0.727110 0.036282 0.023677
0 0.867675 0.751575 0.029534 0.024778
34 0.836032 0.751478 0.027563 0.024222
17 0.892809 0.751424 0.015503 0.023361
28 0.783977 0.753170 0.024879 0.024903
28 0.730900 0.755184 0.025993 0.025220
1 0.699868 0.755550 0.029552 0.024512
0 0.648325 0.757456 0.028498 0.025249
17 0.674728 0.756817 0.015581 0.023680
12 0.594027 0.759025 0.021888 0.026415
9 0.544691 0.767183 0.016002 0.042381
34 0.617439 0.757557 0.026968 0.022957
28 0.568372 0.759558 0.024098 0.025112
8 0.519361 0.760474 0.023540 0.024706
3 0.461230 0.762669 0.027468 0.025216
26 0.492169 0.762256 0.026081 0.024276
34 0.415162 0.763393 0.027233 0.024128
3 0.337767 0.765062 0.028139 0.026251
25 0.385302 0.764011 0.027610 0.023945
24 0.362939 0.765040 0.016122 0.023254