18 0.194316 0.126953 0.028756 0.030468
3 0.269247 0.126941 0.027957 0.027735
32 0.359160 0.130240 0.032685 0.032722
4 0.441931 0.130104 0.038085 0.031575
36 0.237086 0.127776 0.028556 0.026833
0 0.632907 0.128068 0.029963 0.026668
22 0.297325 0.127955 0.023436 0.026126
9 0.658102 0.136830 0.015829 0.043135
25 0.554105 0.128282 0.029179 0.025266
1 0.389243 0.128908 0.027885 0.026417
28 0.327567 0.128665 0.027248 0.025892
7 0.677905 0.128641 0.018681 0.025777
17 0.470750 0.128507 0.015881 0.024923
17 0.412568 0.128576 0.014823 0.024957
20 0.523372 0.128932 0.028428 0.025278
21 0.494542 0.129266 0.027280 0.025556
35 0.585419 0.128972 0.036426 0.024725
22 0.170090 0.129420 0.022056 0.024583
25 0.141509 0.129954 0.029772 0.024766
18 0.254992 0.168034 0.028539 0.029407
18 0.405441 0.168469 0.027171 0.028593
16 0.226515 0.174494 0.028343 0.036151
15 0.226691 0.175044 0.028870 0.036822
3 0.612412 0.169426 0.027461 0.025438
4 0.514009 0.172701 0.037931 0.031699
10 0.480535 0.169740 0.021567 0.025767
25 0.302975 0.169249 0.028236 0.024525
25 0.453990 0.169724 0.028177 0.025072
3 0.333415 0.170106 0.028742 0.025644
7 0.172008 0.170276 0.018058 0.025637
24 0.431942 0.170209 0.016175 0.025092
20 0.567138 0.170034 0.028959 0.024642
17 0.542457 0.170312 0.014031 0.025027
26 0.642065 0.169998 0.026961 0.024054
22 0.381327 0.169867 0.023713 0.023679
33 0.140870 0.171075 0.041816 0.025972
24 0.279763 0.170273 0.016494 0.024239
26 0.196822 0.171068 0.025962 0.025327
24 0.358745 0.170542 0.016576 0.024005
37 0.381756 0.209660 0.034149 0.029314
3 0.661050 0.209843 0.027657 0.026211
30 0.661241 0.209788 0.028255 0.025812
4 0.521690 0.213747 0.040470 0.033479
36 0.577483 0.209917 0.029267 0.025164
28 0.486923 0.210745 0.024429 0.025967
15 0.304618 0.216881 0.024079 0.038063
32 0.416724 0.213654 0.035022 0.031441
34 0.347724 0.210437 0.028361 0.024954
17 0.552798 0.210628 0.015812 0.025330
14 0.453270 0.210870 0.036726 0.025330
13 0.246849 0.210735 0.023790 0.024923
11 0.276174 0.211104 0.027735 0.025661
3 0.218775 0.210803 0.025845 0.024599
24 0.324702 0.211266 0.015455 0.024725
27 0.178793 0.211127 0.028190 0.024291
4 0.144715 0.214170 0.038605 0.030279
34 0.176536 0.211064 0.024988 0.023946
3 0.620774 0.250203 0.027012 0.026095
22 0.648912 0.249921 0.023189 0.024957
7 0.687867 0.250191 0.017284 0.024927
37 0.314343 0.251303 0.031760 0.027060
24 0.670584 0.250013 0.015022 0.024126
15 0.284408 0.256019 0.024468 0.035718
0 0.346907 0.251409 0.027728 0.026092
4 0.484869 0.254049 0.036560 0.031130
36 0.535382 0.251164 0.028139 0.025260
11 0.255608 0.251697 0.026329 0.025451
21 0.376713 0.251566 0.027419 0.025060
3 0.450640 0.251825 0.026919 0.024955
17 0.512390 0.252018 0.014604 0.025292
25 0.421265 0.251411 0.027651 0.024036
1 0.159462 0.252994 0.028887 0.026417
7 0.212402 0.252678 0.017394 0.024852
22 0.189743 0.252740 0.022573 0.023594
24 0.133573 0.253638 0.016709 0.023948
36 0.673255 0.289129 0.028997 0.024692
3 0.506513 0.289950 0.026377 0.025480
15 0.297603 0.293877 0.023927 0.033243
3 0.239849 0.289976 0.027784 0.024914
0 0.239702 0.290029 0.027471 0.024987
25 0.426144 0.289885 0.028414 0.024554
22 0.627512 0.289716 0.021872 0.024169
24 0.606267 0.289974 0.016040 0.024460
3 0.458527 0.290472 0.027364 0.025365
17 0.649087 0.289345 0.015695 0.022962
21 0.535150 0.290237 0.025965 0.024696
10 0.349383 0.290984 0.021293 0.026135
11 0.269520 0.290495 0.027711 0.025144
20 0.581700 0.289918 0.027601 0.023955
17 0.557493 0.290199 0.014815 0.024224
24 0.402602 0.290052 0.016454 0.023857
32 0.323026 0.293093 0.032338 0.029484
26 0.377298 0.291485 0.026783 0.025500
24 0.483024 0.290688 0.016281 0.023669
25 0.208930 0.290653 0.027551 0.023532
13 0.136196 0.291255 0.021947 0.024500
17 0.156486 0.292045 0.014220 0.024388
26 0.180596 0.292238 0.026099 0.024086
15 0.386233 0.334192 0.025317 0.037814
0 0.568444 0.328467 0.030208 0.025278
3 0.501485 0.328913 0.026834 0.025850
8 0.244264 0.328645 0.021630 0.024653
28 0.219245 0.329001 0.024058 0.025319
11 0.471575 0.329436 0.028731 0.026153
34 0.658946 0.328934 0.026026 0.024699
32 0.634181 0.331169 0.030437 0.029130
9 0.592401 0.334912 0.015632 0.036425
7 0.612229 0.329613 0.017260 0.025700
7 0.266273 0.328600 0.017085 0.023578
34 0.310625 0.328673 0.025774 0.023606
12 0.285967 0.329072 0.020281 0.024391
32 0.188217 0.332806 0.035389 0.031159
20 0.140440 0.329604 0.028384 0.024511
7 0.445671 0.329916 0.017197 0.025025
24 0.363483 0.329740 0.015917 0.024519
33 0.416825 0.330240 0.039468 0.024772
26 0.339631 0.330066 0.026142 0.024159
15 0.238315 0.371826 0.023795 0.035356
11 0.211088 0.367557 0.027355 0.025511
34 0.605424 0.367128 0.026091 0.024203
0 0.266203 0.367794 0.028749 0.025462
4 0.501470 0.371024 0.038345 0.031921
25 0.155154 0.367857 0.028581 0.025261
4 0.653643 0.367553 0.034380 0.024497
28 0.182092 0.368188 0.025233 0.025743
16 0.447649 0.372505 0.026187 0.034158
10 0.532127 0.367766 0.020350 0.024618
25 0.576185 0.367379 0.027066 0.023786
32 0.335851 0.370561 0.032230 0.029895
9 0.291077 0.373597 0.017533 0.035947
3 0.418913 0.368165 0.025785 0.024614
7 0.312502 0.368598 0.018572 0.025346
24 0.553278 0.367854 0.015864 0.023844
21 0.390273 0.368263 0.024581 0.024227
34 0.363644 0.367905 0.023111 0.023157
24 0.132058 0.368928 0.015915 0.025119
7 0.471918 0.368693 0.019207 0.024578
3 0.438621 0.405512 0.027105 0.024989
34 0.648358 0.406050 0.028974 0.026056
22 0.306090 0.405517 0.024147 0.024716
25 0.277410 0.405444 0.027095 0.024516
3 0.586295 0.405835 0.027881 0.025072
32 0.470087 0.408391 0.031728 0.029807
11 0.618259 0.406198 0.029027 0.025387
36 0.351185 0.405859 0.028140 0.024304
25 0.534999 0.405706 0.028504 0.023979
27 0.241121 0.406067 0.038032 0.024025
22 0.211032 0.406162 0.022466 0.023898
17 0.560395 0.406255 0.016065 0.023721
24 0.511180 0.406453 0.017426 0.023770
28 0.185050 0.407067 0.023782 0.024914
17 0.327435 0.406213 0.014311 0.022843
21 0.157332 0.407393 0.026833 0.024964
24 0.134176 0.408371 0.016411 0.024482
29 0.668487 0.445449 0.025442 0.026837
36 0.526672 0.445042 0.031464 0.025954
1 0.278105 0.445316 0.031154 0.026042
3 0.331404 0.445117 0.027264 0.025550
9 0.305999 0.453699 0.016451 0.042533
3 0.441197 0.445130 0.027235 0.025369
21 0.361778 0.445448 0.026525 0.025966
11 0.410754 0.445162 0.027000 0.025375
3 0.591716 0.445279 0.027388 0.025599
15 0.167152 0.448819 0.024167 0.032626
11 0.622182 0.445496 0.027441 0.025504
8 0.140128 0.445507 0.023265 0.025127
17 0.645711 0.445492 0.015436 0.025011
32 0.193094 0.447290 0.034070 0.028572
26 0.246674 0.445661 0.024792 0.025172
7 0.385222 0.445486 0.017852 0.024653
28 0.691144 0.446015 0.024661 0.024840
32 0.560284 0.448280 0.033738 0.028755
8 0.501997 0.482649 0.022995 0.026069
3 0.262375 0.483229 0.027799 0.026448
13 0.193019 0.482893 0.024007 0.025622
25 0.319850 0.482269 0.028813 0.024243
22 0.348394 0.483502 0.022157 0.024973
3 0.475032 0.484068 0.027998 0.025753
28 0.291788 0.483876 0.024702 0.025015
24 0.235379 0.483535 0.016606 0.024302
36 0.399046 0.483514 0.030237 0.024243
13 0.428893 0.483729 0.023781 0.024559
28 0.166231 0.483995 0.025011 0.025057
17 0.372074 0.483843 0.015419 0.024351
28 0.526671 0.484159 0.024263 0.024650
17 0.451032 0.484223 0.015683 0.024690
32 0.136763 0.486473 0.032451 0.029026
17 0.216441 0.484020 0.015973 0.023931
11 0.555190 0.484452 0.027487 0.024547
17 0.685965 0.485220 0.015343 0.025175
13 0.667076 0.484940 0.021883 0.024321
14 0.616912 0.485320 0.035416 0.024822
7 0.645636 0.484754 0.016410 0.023625
28 0.583498 0.485509 0.024219 0.024842
15 0.218609 0.530923 0.024020 0.043703
4 0.185447 0.525436 0.038794 0.032649
28 0.351943 0.522322 0.024953 0.025194
22 0.378564 0.521917 0.023422 0.024307
34 0.451387 0.522295 0.027340 0.025052
0 0.482225 0.522738 0.028645 0.025716
21 0.325174 0.521782 0.026055 0.023792
28 0.405617 0.522324 0.024230 0.024768
9 0.506983 0.530858 0.015451 0.041162
33 0.252280 0.522640 0.040515 0.024613
7 0.282455 0.522476 0.017294 0.024092
24 0.428360 0.522563 0.016576 0.024216
36 0.145914 0.522989 0.031232 0.024980
24 0.302560 0.522230 0.016898 0.023446
4 0.606504 0.526707 0.038116 0.031256
25 0.569445 0.523416 0.028985 0.023902
7 0.525607 0.523554 0.017200 0.024023
10 0.637594 0.524045 0.020717 0.024978
24 0.544500 0.523538 0.017216 0.023113
25 0.320853 0.590239 0.044293 0.044552
36 0.192457 0.590847 0.040197 0.044269
35 0.235319 0.590779 0.039092 0.043474
25 0.448055 0.590962 0.047467 0.043791
28 0.235315 0.591033 0.039209 0.043527
13 0.491119 0.591960 0.036340 0.044674
17 0.522275 0.591551 0.026934 0.043347
28 0.622773 0.593071 0.036691 0.043498
3 0.655423 0.594465 0.026378 0.046195
36 0.580750 0.593503 0.041392 0.042046
18 0.419282 0.635924 0.027422 0.030089
23 0.568691 0.643995 0.030754 0.039714
4 0.230999 0.639928 0.037899 0.030468
3 0.333210 0.637578 0.027267 0.025698
36 0.366461 0.637381 0.029837 0.024656
3 0.163714 0.638270 0.027133 0.025890
3 0.450810 0.638648 0.026581 0.026480
21 0.266029 0.638110 0.026704 0.024834
36 0.194771 0.637928 0.027934 0.024351
9 0.396304 0.643250 0.018829 0.034974
0 0.482516 0.638995 0.028068 0.025887
35 0.298882 0.638338 0.034070 0.024066
9 0.140336 0.647423 0.016494 0.042138
0 0.101748 0.646388 0.018830 0.038918
15 0.598464 0.647106 0.023689 0.039189
9 0.507325 0.645773 0.016067 0.035989
29 0.641098 0.647821 0.025061 0.039986
15 0.640942 0.648747 0.024975 0.041667
9 0.640790 0.647451 0.024642 0.038456
17 0.524214 0.640375 0.015624 0.024258
22 0.669683 0.641133 0.021093 0.025087
34 0.692723 0.641482 0.025648 0.025565
9 0.618141 0.648502 0.017045 0.039362
24 0.542727 0.640614 0.016068 0.023545
34 0.227924 0.676400 0.026159 0.025129
4 0.194216 0.680425 0.036813 0.033088
10 0.344526 0.676833 0.021333 0.025850
11 0.258448 0.677385 0.027633 0.026790
3 0.372041 0.677190 0.027515 0.026025
33 0.311459 0.677191 0.038815 0.025312
17 0.283676 0.677395 0.015010 0.023978
29 0.431947 0.678457 0.025851 0.025888
3 0.461469 0.678720 0.027883 0.026286
26 0.401782 0.678507 0.025172 0.025635
25 0.509477 0.678726 0.027661 0.025051
11 0.539343 0.679652 0.026813 0.026026
24 0.486283 0.678861 0.015313 0.023931
3 0.663171 0.680407 0.029585 0.025855
34 0.591424 0.679994 0.026052 0.024635
20 0.621612 0.679938 0.028540 0.024520
22 0.567138 0.679976 0.022189 0.024472
8 0.274722 0.716669 0.023456 0.025464
25 0.198398 0.716091 0.026380 0.024119
28 0.321726 0.716650 0.025018 0.025153
1 0.149883 0.716907 0.030265 0.025441
17 0.223090 0.716228 0.015134 0.023807
9 0.298619 0.723550 0.016305 0.038276
11 0.373335 0.716717 0.027101 0.023913
26 0.247776 0.717305 0.025035 0.024901
12 0.415561 0.718733 0.020824 0.025965
11 0.442528 0.718238 0.026180 0.024643
17 0.396583 0.717997 0.014703 0.023921
4 0.503737 0.722297 0.037625 0.032207
28 0.470070 0.718779 0.024902 0.024661
11 0.557952 0.720129 0.026283 0.025319
7 0.533274 0.719703 0.016866 0.024440
28 0.585764 0.720224 0.025213 0.025029
22 0.611794 0.720921 0.022168 0.024723
34 0.635482 0.721156 0.025664 0.025053
25 0.176825 0.755175 0.026223 0.025077
10 0.201925 0.755308 0.020422 0.024783
13 0.127524 0.755887 0.021658 0.025644
24 0.222349 0.755616 0.015173 0.024797
21 0.150799 0.756232 0.026355 0.025457
34 0.375943 0.756307 0.026374 0.024873
3 0.246643 0.755967 0.025033 0.024160
4 0.480700 0.759756 0.039511 0.031671
24 0.400254 0.756961 0.015514 0.025085
0 0.425019 0.757091 0.028663 0.025241
7 0.297087 0.756969 0.015493 0.024481
17 0.449859 0.758125 0.015104 0.025022
3 0.516900 0.758913 0.027168 0.025820
11 0.547086 0.759913 0.026790 0.026151
11 0.605100 0.760375 0.027728 0.025177
3 0.636136 0.760719 0.026537 0.025360
36 0.665445 0.760677 0.028339 0.025119
28 0.576514 0.760678 0.023868 0.024028