4 0.284314 0.127685 0.038318 0.030488
25 0.442890 0.124822 0.027483 0.024044
15 0.471322 0.131303 0.024098 0.036908
25 0.555275 0.125066 0.027865 0.024340
3 0.320219 0.125336 0.026718 0.024703
3 0.584734 0.125561 0.026743 0.025059
0 0.498669 0.125395 0.027018 0.024499
3 0.528059 0.125920 0.026256 0.025425
34 0.643656 0.125829 0.025108 0.025125
3 0.397565 0.125509 0.026616 0.024368
0 0.350407 0.125424 0.027547 0.024187
2 0.213319 0.131356 0.036126 0.036006
1 0.616293 0.125892 0.027977 0.024967
25 0.144361 0.125340 0.028305 0.023708
24 0.420420 0.125366 0.015678 0.023552
20 0.248563 0.125439 0.026713 0.023682
35 0.176120 0.125716 0.034378 0.022777
18 0.593646 0.163660 0.028466 0.030944
18 0.312269 0.164140 0.027870 0.030340
8 0.312524 0.164602 0.027670 0.030570
3 0.343466 0.165203 0.026274 0.027165
3 0.412547 0.165328 0.027183 0.026607
11 0.563187 0.165547 0.028599 0.026045
29 0.472413 0.165395 0.025979 0.025694
3 0.623430 0.166162 0.027205 0.027074
11 0.282580 0.166052 0.028500 0.025895
20 0.502924 0.165557 0.028615 0.024806
32 0.533060 0.168147 0.033610 0.029829
25 0.652403 0.166084 0.027659 0.025656
14 0.244779 0.166104 0.039280 0.025685
3 0.443562 0.166100 0.027451 0.025289
21 0.208682 0.166468 0.025580 0.025931
25 0.159760 0.166196 0.028630 0.024886
24 0.368381 0.166238 0.016360 0.024630
28 0.677685 0.167086 0.025854 0.026070
9 0.183923 0.173898 0.017198 0.039292
24 0.136014 0.166472 0.016089 0.024326
7 0.387567 0.166243 0.017396 0.023647
18 0.202572 0.204522 0.030910 0.029672
4 0.405394 0.209309 0.038580 0.032492
5 0.350180 0.211580 0.029916 0.036400
10 0.437168 0.206119 0.020188 0.024871
28 0.321658 0.206478 0.025747 0.025492
4 0.632729 0.209955 0.039606 0.032372
34 0.665319 0.207105 0.025911 0.026514
25 0.270246 0.206260 0.030266 0.024809
7 0.513540 0.207351 0.018751 0.026975
32 0.489505 0.209407 0.032348 0.030745
3 0.141324 0.206828 0.027313 0.025110
11 0.172623 0.207051 0.027550 0.025362
33 0.560489 0.206669 0.037032 0.024375
3 0.595217 0.207227 0.027379 0.025059
24 0.245036 0.207006 0.016356 0.024433
26 0.461464 0.207168 0.023447 0.024291
18 0.278405 0.244345 0.028630 0.029240
8 0.432746 0.245659 0.025341 0.026808
29 0.510822 0.246120 0.026493 0.025868
4 0.245096 0.248955 0.038599 0.031396
11 0.404940 0.245993 0.026992 0.025169
3 0.540244 0.246590 0.028061 0.026078
11 0.343640 0.246439 0.028767 0.025673
28 0.374665 0.246574 0.025888 0.024512
26 0.481055 0.247218 0.026628 0.025571
17 0.456381 0.246723 0.015528 0.024192
3 0.139909 0.246879 0.026206 0.024218
24 0.213965 0.246965 0.016996 0.024173
11 0.169301 0.247512 0.025992 0.025203
22 0.601642 0.247777 0.022275 0.025443
22 0.626083 0.248015 0.024682 0.025898
34 0.672236 0.247717 0.023729 0.025220
7 0.194048 0.247533 0.017322 0.024344
12 0.649583 0.248317 0.020330 0.024416
18 0.555396 0.284181 0.025793 0.028284
3 0.232258 0.284654 0.028660 0.024794
11 0.280611 0.285031 0.028387 0.025046
15 0.410915 0.289846 0.024093 0.034058
25 0.200649 0.284746 0.027214 0.023182
3 0.613825 0.285974 0.027440 0.025409
1 0.382490 0.285622 0.026479 0.024630
12 0.480782 0.285447 0.020591 0.024106
34 0.502825 0.285338 0.023844 0.023716
3 0.310619 0.286109 0.026696 0.025184
25 0.584268 0.285814 0.026604 0.023901
32 0.531466 0.288048 0.031858 0.028316
22 0.137407 0.286659 0.023812 0.024925
22 0.434629 0.285773 0.020575 0.023110
7 0.159899 0.286474 0.016273 0.024505
9 0.334828 0.292786 0.015830 0.037018
24 0.178305 0.286271 0.015377 0.023411
18 0.328270 0.323399 0.027510 0.028013
15 0.640809 0.331599 0.024897 0.042052
8 0.356168 0.323876 0.023364 0.025674
11 0.612396 0.324331 0.027028 0.025444
3 0.416707 0.324355 0.027729 0.024903
3 0.385268 0.324442 0.027747 0.024802
25 0.298465 0.323527 0.027771 0.022939
11 0.463153 0.325050 0.027537 0.025827
34 0.166308 0.324065 0.027036 0.023704
3 0.494027 0.324920 0.027736 0.025260
25 0.582893 0.324212 0.027987 0.023768
15 0.540378 0.329915 0.023276 0.034961
1 0.138839 0.324655 0.026975 0.024263
34 0.216508 0.324222 0.025698 0.023349
22 0.192569 0.324576 0.022694 0.023655
24 0.254325 0.324667 0.016052 0.023225
24 0.560682 0.325360 0.015790 0.024283
17 0.274928 0.324958 0.015771 0.022876
17 0.518695 0.325723 0.015085 0.023947
18 0.221325 0.360948 0.029615 0.028589
18 0.645569 0.363156 0.028167 0.028479
3 0.305360 0.362235 0.028836 0.025226
25 0.464012 0.362455 0.028064 0.025281
25 0.273094 0.361791 0.028851 0.023433
37 0.142003 0.362782 0.034114 0.025131
11 0.337730 0.362505 0.028430 0.024405
4 0.401297 0.365205 0.037445 0.029660
9 0.198115 0.367861 0.016716 0.033876
24 0.248468 0.362699 0.018444 0.023551
28 0.367286 0.362734 0.025090 0.023565
3 0.560617 0.363920 0.028366 0.025830
15 0.518496 0.370477 0.024003 0.038883
21 0.436202 0.363250 0.027360 0.024124
22 0.589958 0.364408 0.023755 0.024411
21 0.617640 0.364947 0.027057 0.025451
22 0.493207 0.364115 0.022514 0.023471
18 0.632104 0.401792 0.026951 0.029107
4 0.328255 0.403816 0.040271 0.031460
34 0.362907 0.400367 0.026227 0.024172
34 0.243178 0.400650 0.026406 0.024243
25 0.156756 0.400898 0.029297 0.024426
3 0.189468 0.401106 0.027855 0.024571
32 0.274348 0.403838 0.032272 0.029998
22 0.218643 0.400938 0.021553 0.023531
17 0.298052 0.401767 0.015630 0.025169
11 0.455589 0.401747 0.028177 0.024905
3 0.548418 0.402332 0.029565 0.025734
22 0.407401 0.401458 0.023260 0.023234
24 0.132851 0.401428 0.016326 0.022681
17 0.430280 0.402013 0.015303 0.023666
36 0.581342 0.402700 0.029831 0.024839
33 0.491050 0.402896 0.037573 0.023613
9 0.609878 0.408738 0.019386 0.035210
3 0.664517 0.404449 0.030376 0.026305
18 0.348389 0.438259 0.026456 0.027958
3 0.206000 0.439596 0.027911 0.024824
25 0.377774 0.439322 0.028830 0.024102
11 0.237853 0.440272 0.027982 0.025086
34 0.456483 0.440779 0.026516 0.025490
17 0.263236 0.440231 0.015992 0.024289
5 0.483567 0.445218 0.026803 0.033911
32 0.175183 0.443487 0.033595 0.030439
28 0.404310 0.440785 0.024328 0.024721
20 0.287706 0.440289 0.028013 0.023243
21 0.320548 0.440854 0.026795 0.023881
17 0.508204 0.441314 0.014093 0.023235
28 0.569533 0.442323 0.024264 0.024096
33 0.536538 0.442244 0.038273 0.023715
14 0.604411 0.443140 0.037722 0.024447
34 0.676812 0.444035 0.027278 0.025487
7 0.635685 0.444433 0.017329 0.025109
24 0.654625 0.444429 0.016163 0.024671
18 0.166904 0.478204 0.024797 0.026792
15 0.333869 0.482002 0.023540 0.033136
29 0.427744 0.484278 0.026802 0.036670
21 0.306182 0.478129 0.025768 0.023740
4 0.509727 0.482153 0.039611 0.031454
8 0.399261 0.478500 0.024176 0.023968
28 0.220988 0.479032 0.024854 0.024559
24 0.280797 0.478350 0.016549 0.023138
36 0.470527 0.479294 0.030111 0.024768
33 0.364762 0.479227 0.039520 0.023998
15 0.542522 0.484160 0.023571 0.033688
32 0.138702 0.482529 0.036545 0.029348
34 0.653073 0.481612 0.026709 0.025960
8 0.627270 0.481705 0.023460 0.025145
33 0.573496 0.481304 0.040457 0.024117
27 0.661744 0.482087 0.042171 0.025368
7 0.604235 0.481762 0.017131 0.024347
18 0.382981 0.514982 0.028744 0.028615
5 0.305293 0.520941 0.029313 0.033115
25 0.352241 0.516410 0.026511 0.023764
34 0.276033 0.516391 0.026322 0.023717
34 0.440089 0.516527 0.026367 0.023979
12 0.250962 0.516863 0.020261 0.024385
28 0.227413 0.516973 0.023601 0.024519
15 0.485836 0.521812 0.024612 0.034023
21 0.413334 0.517041 0.025171 0.024187
5 0.137339 0.522037 0.031069 0.033768
3 0.198439 0.517473 0.027572 0.024446
34 0.167894 0.517560 0.025722 0.023890
0 0.515277 0.517775 0.028233 0.024077
17 0.464176 0.517230 0.015038 0.022799
32 0.563235 0.521048 0.031989 0.028761
17 0.587024 0.520005 0.014830 0.025163
8 0.608558 0.519894 0.022994 0.024798
3 0.638748 0.520627 0.027295 0.024819
25 0.667557 0.521016 0.026914 0.023988
18 0.376990 0.553070 0.027802 0.027859
4 0.342196 0.558024 0.041628 0.032493
11 0.263580 0.554672 0.027881 0.024693
11 0.212507 0.555180 0.029278 0.025212
0 0.440737 0.554961 0.028623 0.024364
20 0.408876 0.555080 0.027748 0.024352
7 0.289081 0.555122 0.016190 0.024373
3 0.491504 0.555556 0.027138 0.024466
17 0.238861 0.555244 0.014930 0.023783
8 0.519242 0.556408 0.023908 0.025546
35 0.162979 0.556164 0.036835 0.024313
21 0.548520 0.557112 0.026860 0.024905
3 0.579646 0.557711 0.028427 0.025340
24 0.134090 0.557030 0.016098 0.022931
3 0.650378 0.559388 0.028083 0.025543
33 0.615190 0.559227 0.038767 0.024299
18 0.384467 0.592102 0.027974 0.027975
3 0.415839 0.593465 0.027108 0.025364
25 0.352804 0.593260 0.029334 0.024243
1 0.277227 0.593637 0.028121 0.024930
18 0.636624 0.596180 0.027268 0.029815
3 0.445964 0.593850 0.027818 0.024524
25 0.493229 0.593659 0.029149 0.024092
34 0.305305 0.593694 0.026347 0.024049
25 0.140349 0.594129 0.030384 0.024715
3 0.171889 0.594601 0.027916 0.025179
24 0.469623 0.593692 0.015749 0.023297
24 0.329558 0.594020 0.016384 0.023924
9 0.517930 0.599223 0.015763 0.033737
35 0.225367 0.594763 0.037634 0.024324
24 0.196708 0.595078 0.016692 0.024625
28 0.540855 0.595637 0.025406 0.024180
14 0.574232 0.596415 0.036276 0.024999
11 0.607644 0.597272 0.026659 0.025335
3 0.666521 0.598833 0.027927 0.025680
18 0.379519 0.631004 0.028566 0.027847
12 0.354893 0.632739 0.021257 0.026385
0 0.308147 0.632761 0.028414 0.025732
3 0.181734 0.633502 0.028529 0.026212
7 0.154498 0.633206 0.018205 0.025558
25 0.213097 0.633056 0.028971 0.024813
24 0.132837 0.633355 0.017671 0.024672
11 0.425598 0.633538 0.027623 0.024969
28 0.454185 0.633486 0.024085 0.024624
9 0.242888 0.641154 0.018185 0.039757
11 0.483706 0.633805 0.027612 0.025015
35 0.272703 0.633608 0.036960 0.024605
3 0.534296 0.633945 0.026636 0.024741
7 0.509868 0.633818 0.017349 0.023969
33 0.569200 0.635381 0.038349 0.024002
5 0.621407 0.640293 0.027841 0.032972
2 0.671209 0.643339 0.035853 0.037535
7 0.697827 0.637509 0.016318 0.024222
17 0.643787 0.637459 0.014103 0.024025
2 0.334317 0.675755 0.038072 0.034273
3 0.371576 0.671540 0.028885 0.025358
25 0.144250 0.671891 0.030229 0.025705
10 0.172990 0.672165 0.021285 0.025693
36 0.404815 0.671965 0.028149 0.025113
12 0.251946 0.672389 0.022166 0.025507
34 0.223766 0.671912 0.027097 0.024463
11 0.497895 0.672965 0.027873 0.026294
7 0.303058 0.671856 0.017174 0.023948
3 0.466659 0.672477 0.028038 0.025103
22 0.198213 0.672258 0.022639 0.024132
32 0.436995 0.675599 0.033166 0.029763
28 0.574705 0.673900 0.024744 0.025035
17 0.522438 0.673804 0.014953 0.024400
29 0.547031 0.673805 0.028082 0.024273
32 0.601262 0.676168 0.030739 0.028582
34 0.626053 0.674747 0.024906 0.024470
3 0.670143 0.676093 0.028944 0.026725
13 0.315277 0.710118 0.023854 0.025060
3 0.285013 0.710516 0.028605 0.025811
3 0.252901 0.710608 0.028400 0.025772
8 0.221976 0.710500 0.023170 0.025444
3 0.164087 0.711255 0.028987 0.026189
34 0.398259 0.711010 0.027819 0.025507
10 0.340735 0.710700 0.020389 0.024532
5 0.427128 0.714855 0.028813 0.032692
34 0.193536 0.711017 0.026682 0.024606
34 0.455991 0.711220 0.026792 0.024828
3 0.501198 0.711759 0.028720 0.025621
24 0.375554 0.710765 0.015528 0.023566
24 0.137857 0.712225 0.016748 0.025539
28 0.549056 0.712055 0.024890 0.024746
9 0.526272 0.718574 0.016083 0.037416
34 0.598113 0.712596 0.027191 0.024304
3 0.234695 0.749796 0.028905 0.025733
11 0.325145 0.749909 0.027968 0.025716
15 0.397640 0.754764 0.024809 0.035157
3 0.171036 0.750034 0.027835 0.025546
25 0.200979 0.749479 0.029018 0.024311
8 0.141369 0.750104 0.023124 0.025456
24 0.259647 0.749984 0.017821 0.024203
28 0.354809 0.750351 0.024985 0.024788
32 0.423794 0.753426 0.033689 0.029641
35 0.288490 0.750360 0.036333 0.023482
0 0.509717 0.751451 0.028565 0.024808
28 0.584564 0.751933 0.024063 0.024388
32 0.557075 0.754684 0.032576 0.029549
35 0.670737 0.753564 0.037617 0.025025
24 0.644156 0.752022 0.015955 0.021341