3 0.481819 0.141291 0.028120 0.029704
3 0.561003 0.140674 0.027746 0.025716
3 0.435206 0.141526 0.029033 0.026500
11 0.403153 0.141573 0.028704 0.025691
25 0.529889 0.141240 0.028210 0.024895
5 0.324317 0.146420 0.033618 0.034696
2 0.722158 0.148099 0.039678 0.037876
28 0.373031 0.141580 0.025039 0.024776
21 0.590262 0.141970 0.025924 0.025466
8 0.651404 0.142125 0.023868 0.025729
24 0.506350 0.141640 0.016802 0.024606
20 0.620763 0.142297 0.030238 0.025764
9 0.351039 0.148384 0.015006 0.037713
28 0.756065 0.143028 0.024215 0.024880
35 0.681819 0.143329 0.035251 0.024249
11 0.788065 0.144021 0.032424 0.025164
8 0.818300 0.144023 0.021952 0.025076
17 0.884316 0.145290 0.016346 0.025215
18 0.352116 0.181215 0.028016 0.029720
15 0.459794 0.187221 0.025454 0.035289
0 0.382342 0.182932 0.028141 0.025977
5 0.485444 0.187275 0.029583 0.034179
25 0.429795 0.182878 0.029364 0.025145
21 0.323362 0.183504 0.026991 0.025283
4 0.568316 0.186495 0.040789 0.031204
28 0.532738 0.183899 0.024782 0.025774
36 0.707552 0.184111 0.031248 0.025579
28 0.603250 0.184243 0.025355 0.025765
17 0.406730 0.183599 0.015070 0.024421
25 0.630723 0.183434 0.027480 0.023923
22 0.659397 0.183999 0.023509 0.024689
9 0.509946 0.190488 0.016885 0.037452
13 0.737421 0.184302 0.022237 0.024542
25 0.791508 0.184551 0.027427 0.024686
34 0.819106 0.185197 0.025175 0.025077
17 0.758518 0.184905 0.015721 0.024085
17 0.681795 0.184611 0.015681 0.023333
25 0.696546 0.223376 0.030167 0.025158
3 0.603056 0.223620 0.026800 0.025478
8 0.630752 0.224072 0.022611 0.025329
21 0.522272 0.224050 0.025795 0.024535
22 0.726466 0.224689 0.022472 0.025718
22 0.575250 0.223803 0.021721 0.023910
28 0.548969 0.224070 0.025153 0.024126
4 0.328343 0.224323 0.034311 0.024613
33 0.663327 0.224503 0.037542 0.024954
22 0.360366 0.224530 0.023248 0.024844
17 0.462957 0.225372 0.015760 0.026522
34 0.387323 0.224345 0.027653 0.024276
7 0.747647 0.225157 0.017029 0.025739
0 0.438219 0.224562 0.028731 0.024491
24 0.499650 0.224214 0.015960 0.023585
11 0.772873 0.225505 0.028958 0.025947
24 0.411971 0.224468 0.017875 0.023680
17 0.797984 0.225864 0.014604 0.024929
25 0.852575 0.225853 0.027397 0.024480
34 0.880209 0.227549 0.025386 0.026692
3 0.580953 0.263571 0.029876 0.026574
11 0.614326 0.264396 0.027554 0.025740
25 0.711994 0.264751 0.028847 0.025226
11 0.826049 0.265647 0.028322 0.026779
3 0.457660 0.264527 0.026536 0.024536
21 0.486330 0.264752 0.026405 0.024842
24 0.432754 0.265115 0.017139 0.024831
3 0.794918 0.265592 0.027355 0.025494
28 0.739396 0.265448 0.024575 0.025055
36 0.371474 0.265681 0.030563 0.025426
26 0.664484 0.266162 0.025928 0.026207
7 0.639283 0.265197 0.016358 0.024212
17 0.509762 0.265074 0.015066 0.023768
24 0.689310 0.265658 0.017224 0.024926
22 0.322677 0.265665 0.022737 0.024045
22 0.766904 0.265649 0.023139 0.023884
28 0.854642 0.266498 0.025419 0.025502
15 0.438483 0.311221 0.025432 0.041340
3 0.642586 0.303661 0.028348 0.025622
2 0.605287 0.309339 0.037857 0.036527
0 0.467074 0.304131 0.027751 0.025278
8 0.369641 0.304285 0.024804 0.025509
34 0.339765 0.304259 0.027888 0.025263
7 0.394301 0.304648 0.017345 0.025692
5 0.671996 0.308445 0.029115 0.033090
20 0.568627 0.304018 0.027300 0.024185
28 0.539145 0.304417 0.024680 0.024929
11 0.731657 0.304629 0.027843 0.025315
25 0.789502 0.304687 0.028708 0.025070
36 0.568748 0.304266 0.027578 0.024086
22 0.514176 0.303965 0.022334 0.023408
28 0.761410 0.305106 0.026089 0.025662
34 0.700919 0.304654 0.026071 0.024755
17 0.414740 0.304806 0.015606 0.024988
17 0.492390 0.304805 0.015349 0.024524
24 0.315915 0.305020 0.016453 0.024341
35 0.822544 0.306090 0.038001 0.024735
32 0.290761 0.345278 0.034989 0.031382
3 0.540603 0.342603 0.026955 0.025612
0 0.571372 0.342542 0.027552 0.025338
1 0.630601 0.342637 0.029068 0.025411
28 0.600099 0.342617 0.025740 0.024855
1 0.509350 0.342824 0.027952 0.025242
4 0.699308 0.346960 0.039175 0.033508
4 0.348708 0.342634 0.035150 0.024765
3 0.735987 0.343234 0.027591 0.025860
10 0.318331 0.342828 0.020186 0.024984
1 0.383769 0.342754 0.028830 0.024781
0 0.448472 0.343021 0.031546 0.025067
3 0.663176 0.342894 0.027303 0.024704
4 0.809832 0.346215 0.039614 0.031195
28 0.479786 0.342879 0.025192 0.024181
17 0.409469 0.343297 0.016862 0.024506
17 0.779528 0.343830 0.015195 0.023393
15 0.649281 0.385828 0.025167 0.036437
25 0.618573 0.380462 0.029554 0.024243
3 0.456333 0.381771 0.028554 0.026273
0 0.567905 0.381293 0.030052 0.025254
29 0.676456 0.381875 0.024702 0.026104
0 0.507263 0.381611 0.028708 0.025256
0 0.424189 0.381477 0.028774 0.024967
25 0.706825 0.381435 0.029764 0.024860
15 0.395892 0.389218 0.024671 0.040287
25 0.365522 0.381843 0.029557 0.025460
9 0.593338 0.388160 0.015106 0.038057
24 0.533059 0.382283 0.018072 0.025774
24 0.481458 0.381719 0.016701 0.024586
3 0.765207 0.382196 0.028417 0.025472
0 0.796638 0.382417 0.027712 0.024954
12 0.291004 0.383312 0.024780 0.026212
28 0.317740 0.382647 0.024396 0.024603
24 0.340939 0.382374 0.017885 0.023898
9 0.820009 0.387383 0.014502 0.032308
28 0.637095 0.418594 0.026291 0.024958
3 0.667920 0.418983 0.028736 0.025144
25 0.699416 0.419178 0.028960 0.024866
1 0.320680 0.420062 0.028438 0.026061
22 0.610154 0.418979 0.021898 0.023837
36 0.775309 0.419513 0.028787 0.024798
28 0.583720 0.419286 0.023712 0.024066
15 0.808133 0.425073 0.028641 0.034883
16 0.808208 0.424861 0.028591 0.034430
10 0.852027 0.420252 0.020329 0.024960
25 0.368125 0.420102 0.027697 0.023899
9 0.523407 0.425310 0.015572 0.034274
9 0.832098 0.427811 0.015536 0.039189
33 0.551529 0.419990 0.035084 0.023158
36 0.447056 0.420431 0.032538 0.023814
32 0.480503 0.422891 0.032251 0.028671
17 0.344732 0.420779 0.015648 0.024207
7 0.503562 0.421574 0.016586 0.024821
17 0.419912 0.421136 0.016463 0.023099
3 0.677011 0.457004 0.027835 0.025518
24 0.566768 0.457145 0.016431 0.024342
3 0.591614 0.457271 0.027303 0.024439
2 0.469565 0.462972 0.038267 0.035566
28 0.505181 0.457818 0.025210 0.024638
24 0.701195 0.457881 0.016886 0.024645
8 0.435634 0.458519 0.023802 0.025035
21 0.765072 0.458216 0.025652 0.023903
13 0.742397 0.458155 0.021697 0.023489
24 0.814456 0.458821 0.015337 0.024236
11 0.838290 0.458963 0.027036 0.024204
26 0.407287 0.460043 0.025465 0.025940
27 0.870265 0.459133 0.034748 0.023816
7 0.383867 0.460394 0.016601 0.024053
33 0.355729 0.460090 0.035864 0.023112
4 0.448972 0.499208 0.037100 0.030770
4 0.715078 0.499836 0.038241 0.032012
34 0.678822 0.496640 0.028418 0.025436
25 0.776973 0.496978 0.029000 0.025980
22 0.653762 0.496587 0.021978 0.024582
28 0.627981 0.496475 0.024014 0.024143
22 0.602270 0.496285 0.022911 0.023556
28 0.539502 0.496798 0.023640 0.024192
11 0.386762 0.497273 0.027966 0.025017
34 0.482429 0.496899 0.027499 0.024227
30 0.351737 0.497418 0.035188 0.025183
32 0.512389 0.499710 0.029872 0.029694
28 0.414810 0.497315 0.023663 0.024051
21 0.749370 0.497464 0.024579 0.024079
17 0.579038 0.497347 0.014891 0.023819
22 0.805141 0.498139 0.022062 0.025300
18 0.575500 0.533106 0.028442 0.028792
4 0.612776 0.537141 0.036998 0.030241
3 0.674626 0.534958 0.028593 0.025857
25 0.762613 0.535354 0.028075 0.025596
3 0.733228 0.535814 0.028007 0.026318
28 0.645991 0.535219 0.024470 0.024056
21 0.703510 0.535931 0.025514 0.024796
36 0.440228 0.535710 0.029151 0.023863
7 0.413052 0.536138 0.017170 0.024096
32 0.522875 0.538714 0.029405 0.029113
9 0.785999 0.544701 0.018135 0.040905
3 0.348090 0.536711 0.027449 0.024548
33 0.383425 0.536511 0.039042 0.024126
24 0.466607 0.536372 0.015801 0.023130
7 0.805841 0.537226 0.017183 0.023833
34 0.867385 0.538337 0.023373 0.025621
18 0.390040 0.570468 0.027934 0.029755
2 0.425611 0.578000 0.036967 0.036883
4 0.632728 0.574527 0.037886 0.029914
3 0.597592 0.571740 0.025870 0.023778
2 0.563824 0.576826 0.035406 0.033790
3 0.721809 0.572149 0.027658 0.024321
34 0.665024 0.571852 0.024876 0.023341
28 0.500565 0.572073 0.021998 0.023476
4 0.756776 0.575529 0.036989 0.030294
7 0.455483 0.572731 0.016837 0.023880
22 0.363151 0.573092 0.022839 0.024524
3 0.842566 0.573751 0.028300 0.025797
22 0.477135 0.572306 0.021388 0.022873
20 0.528618 0.572387 0.026195 0.022922
7 0.785867 0.573160 0.016963 0.024420
11 0.811066 0.573311 0.027733 0.024541
26 0.691973 0.572925 0.023692 0.023549
24 0.340456 0.573437 0.016434 0.023534
18 0.759737 0.609376 0.026177 0.027966
14 0.558696 0.609508 0.036875 0.025274
0 0.487492 0.610237 0.028379 0.025375
4 0.426811 0.612324 0.038995 0.029366
8 0.733647 0.610381 0.023137 0.024669
11 0.612658 0.610444 0.026945 0.024636
10 0.459819 0.610491 0.021278 0.024618
17 0.529777 0.610384 0.014619 0.023750
7 0.587552 0.610366 0.016661 0.023552
26 0.706666 0.610855 0.024798 0.024065
25 0.314506 0.611105 0.026252 0.024433
36 0.389120 0.610893 0.029345 0.023833
22 0.342056 0.611621 0.022860 0.025064
2 0.794252 0.617247 0.038261 0.034841
28 0.827340 0.612988 0.025316 0.025317
18 0.595238 0.645813 0.027625 0.029659
28 0.642814 0.647478 0.024886 0.025420
25 0.719238 0.647270 0.028209 0.024282
34 0.521406 0.647879 0.025832 0.025368
11 0.566446 0.647895 0.026623 0.025358
3 0.462626 0.648413 0.027216 0.026081
11 0.493778 0.648478 0.026920 0.025795
8 0.668507 0.647613 0.021931 0.023821
34 0.693816 0.647990 0.025199 0.024574
27 0.424827 0.648668 0.039694 0.025385
3 0.792499 0.648553 0.028364 0.024767
25 0.387918 0.648036 0.028367 0.023560
34 0.417432 0.648538 0.026197 0.024559
34 0.336701 0.648761 0.025957 0.024842
22 0.747285 0.648503 0.022189 0.024223
21 0.309428 0.649378 0.026569 0.024254
17 0.768596 0.649196 0.015148 0.023694
34 0.847964 0.649904 0.026838 0.025046
5 0.820378 0.653421 0.026010 0.031521
34 0.570015 0.684294 0.026190 0.024222
0 0.601087 0.684640 0.027721 0.024826
11 0.444128 0.684441 0.028035 0.024401
11 0.728320 0.685165 0.029514 0.025581
3 0.476011 0.685002 0.027496 0.025160
3 0.846382 0.685283 0.027263 0.025518
12 0.700451 0.685771 0.024148 0.026258
1 0.541615 0.684921 0.027672 0.024479
4 0.785784 0.688431 0.038161 0.031389
15 0.819468 0.690500 0.024232 0.034940
7 0.677572 0.685765 0.016641 0.025314
17 0.626559 0.685628 0.016325 0.024896
21 0.651244 0.685672 0.025610 0.024703
14 0.388011 0.685682 0.037961 0.024404
7 0.418088 0.685518 0.017475 0.023699
17 0.754778 0.686021 0.015257 0.024651
9 0.339297 0.693728 0.017282 0.038688
17 0.358166 0.686482 0.015586 0.023526
0 0.313712 0.687040 0.028445 0.024635
4 0.651751 0.724626 0.036575 0.030388
11 0.588549 0.722021 0.027900 0.024909
28 0.617288 0.722177 0.025159 0.024644
11 0.413443 0.722814 0.028509 0.025780
3 0.445643 0.723054 0.027439 0.025576
28 0.524250 0.723349 0.023171 0.025941
34 0.685694 0.722919 0.026960 0.024958
32 0.496746 0.725259 0.034086 0.028819
25 0.839262 0.723202 0.026490 0.024410
34 0.737844 0.723507 0.024311 0.024444
22 0.713541 0.723165 0.022989 0.023369
11 0.766707 0.724021 0.027032 0.024999
21 0.383290 0.723675 0.026088 0.024215
24 0.305512 0.724581 0.017134 0.024759
24 0.815849 0.724462 0.015576 0.024501
17 0.358358 0.724468 0.016269 0.024334
28 0.794579 0.724376 0.023288 0.024138
18 0.562082 0.759214 0.028455 0.029373
18 0.500676 0.758999 0.028322 0.028366
15 0.675556 0.773122 0.023791 0.052303
16 0.532104 0.766645 0.027781 0.037514
12 0.651651 0.761235 0.021515 0.025825
4 0.709596 0.764506 0.040052 0.031873
34 0.743453 0.761008 0.026730 0.024793
4 0.419067 0.764760 0.040366 0.032064
36 0.846928 0.761509 0.029319 0.025438
28 0.625611 0.761242 0.025401 0.024792
10 0.451740 0.761731 0.020469 0.025580
25 0.771995 0.760926 0.029214 0.023759
2 0.357707 0.768254 0.038284 0.037335
22 0.800960 0.761517 0.021555 0.023860
7 0.388078 0.762189 0.016674 0.024607
9 0.601849 0.772527 0.016580 0.044978