0 0.333370 0.146845 0.028196 0.025659
1 0.382672 0.146419 0.027684 0.024618
25 0.510852 0.147070 0.030571 0.024834
17 0.433486 0.146703 0.015392 0.024022
17 0.357917 0.147505 0.015338 0.025585
7 0.551789 0.148067 0.016047 0.024795
9 0.532720 0.154892 0.019048 0.038143
1 0.604339 0.148464 0.025995 0.024509
25 0.655741 0.148750 0.029621 0.024149
13 0.700380 0.149368 0.023561 0.024571
17 0.627643 0.149807 0.014899 0.023988
17 0.679388 0.149898 0.014272 0.024085
11 0.773453 0.150903 0.029407 0.025556
32 0.743737 0.153530 0.031322 0.030127
7 0.798985 0.151410 0.017602 0.024395
34 0.384555 0.187212 0.028175 0.026606
8 0.464696 0.187136 0.023517 0.026325
3 0.434664 0.186998 0.029154 0.025903
24 0.326039 0.187149 0.018089 0.025330
25 0.352997 0.186860 0.031757 0.024715
4 0.539800 0.190132 0.039819 0.030101
7 0.489377 0.187395 0.016705 0.024389
17 0.571881 0.187936 0.017397 0.023995
25 0.620404 0.188308 0.030559 0.024564
15 0.767753 0.195790 0.026255 0.037551
25 0.671311 0.189290 0.029540 0.023796
17 0.698347 0.190398 0.016382 0.023931
3 0.581719 0.228177 0.026963 0.024979
0 0.506910 0.228951 0.026926 0.025723
29 0.553360 0.228209 0.025378 0.024169
22 0.609318 0.228480 0.020582 0.024426
34 0.432202 0.228683 0.027132 0.024701
3 0.477198 0.228828 0.027053 0.024658
17 0.531173 0.229400 0.015532 0.025369
25 0.402770 0.228433 0.027776 0.023060
24 0.379934 0.229366 0.016978 0.023763
3 0.726005 0.229661 0.026524 0.024280
28 0.634391 0.229734 0.024092 0.024025
21 0.634378 0.229610 0.024175 0.023775
4 0.664724 0.229625 0.031116 0.023653
3 0.696729 0.229812 0.026666 0.023923
28 0.753717 0.230703 0.024864 0.024016
25 0.796935 0.230562 0.026441 0.022969
34 0.822968 0.230944 0.022430 0.023494
24 0.775838 0.231166 0.014042 0.023547
13 0.650944 0.269306 0.024414 0.025738
4 0.709630 0.271545 0.036731 0.029618
25 0.522733 0.268701 0.027554 0.023847
25 0.434731 0.268708 0.029102 0.023818
7 0.410151 0.269370 0.017227 0.024951
4 0.597961 0.271821 0.036751 0.029792
24 0.499510 0.269323 0.016298 0.024696
23 0.835303 0.275298 0.027223 0.036444
34 0.550270 0.269364 0.024319 0.024480
21 0.674344 0.270181 0.028026 0.026029
33 0.381083 0.269963 0.034173 0.025570
27 0.551167 0.269729 0.023484 0.024983
9 0.460749 0.278505 0.017611 0.042462
21 0.381803 0.270115 0.032867 0.025612
10 0.628136 0.269871 0.018598 0.024948
37 0.768766 0.270624 0.030955 0.026318
10 0.740373 0.270412 0.020172 0.024595
24 0.794130 0.271629 0.016477 0.024785
3 0.863212 0.272761 0.026743 0.025858
7 0.813099 0.271887 0.015461 0.024046
18 0.531389 0.306375 0.027483 0.028230
0 0.501906 0.307732 0.028573 0.024885
4 0.371050 0.310559 0.038185 0.029284
24 0.477105 0.308547 0.016373 0.024305
34 0.403987 0.308411 0.024087 0.023989
22 0.430582 0.308522 0.022210 0.024123
4 0.647491 0.311017 0.036543 0.029007
22 0.559134 0.308353 0.021555 0.023528
28 0.585276 0.308573 0.022463 0.023903
3 0.720776 0.309541 0.027353 0.025817
34 0.454511 0.308262 0.024700 0.023042
34 0.679122 0.308752 0.023938 0.023912
36 0.613394 0.308721 0.027768 0.023523
3 0.811286 0.309729 0.025424 0.024985
5 0.782656 0.314417 0.026580 0.032906
37 0.830075 0.345524 0.032033 0.031320
4 0.447129 0.347752 0.037312 0.030925
34 0.481051 0.345454 0.025818 0.024277
3 0.411785 0.345867 0.026483 0.024903
22 0.383520 0.345728 0.020490 0.023986
22 0.566761 0.345949 0.022199 0.023247
3 0.692330 0.346473 0.025857 0.024104
4 0.726012 0.350287 0.037190 0.031612
22 0.665832 0.346341 0.022627 0.023360
21 0.624705 0.346712 0.022124 0.024052
21 0.525530 0.346798 0.024780 0.023827
17 0.587239 0.346765 0.013767 0.023707
17 0.546860 0.346828 0.014012 0.023460
24 0.603522 0.346702 0.015361 0.023155
17 0.645707 0.346939 0.014383 0.023500
3 0.797688 0.348146 0.027545 0.025829
24 0.503546 0.346614 0.015387 0.022697
34 0.758340 0.347658 0.024732 0.024200
3 0.667623 0.384351 0.027184 0.025150
11 0.485780 0.385181 0.026764 0.025816
11 0.541036 0.384950 0.027256 0.025049
8 0.512350 0.385372 0.021858 0.025672
34 0.722635 0.384948 0.024621 0.024263
34 0.569556 0.384975 0.026168 0.024175
21 0.696483 0.385459 0.024762 0.024340
36 0.814452 0.385945 0.027784 0.025149
22 0.317863 0.385374 0.021971 0.023963
0 0.766604 0.385872 0.027127 0.024765
1 0.401681 0.386088 0.028450 0.025058
24 0.643557 0.385601 0.016163 0.023995
21 0.842544 0.386273 0.024287 0.024604
17 0.425588 0.385924 0.014379 0.023888
28 0.867299 0.386597 0.023502 0.025032
24 0.339896 0.386367 0.016993 0.023296
17 0.790095 0.386490 0.015148 0.023401
35 0.367298 0.386851 0.035087 0.023341
37 0.759865 0.421643 0.031867 0.028998
3 0.496822 0.422991 0.025889 0.025334
4 0.421635 0.425614 0.034650 0.029914
3 0.589814 0.422869 0.025922 0.024170
34 0.453866 0.423284 0.025683 0.024537
22 0.617482 0.422960 0.022161 0.023843
0 0.541835 0.423197 0.026380 0.024285
11 0.794118 0.423561 0.027340 0.024857
9 0.566184 0.427804 0.016772 0.033273
7 0.639349 0.423170 0.015355 0.023801
32 0.661132 0.425731 0.030326 0.028498
11 0.320569 0.423990 0.027098 0.024743
34 0.685908 0.423805 0.024046 0.024189
3 0.728331 0.423653 0.026318 0.023795
8 0.839248 0.424551 0.021034 0.025299
36 0.386650 0.424398 0.028437 0.024681
7 0.819008 0.424538 0.016069 0.024138
35 0.353206 0.424742 0.033307 0.023508
3 0.557135 0.459817 0.026557 0.024695
36 0.587879 0.460394 0.027758 0.024520
25 0.528547 0.460052 0.025599 0.023019
22 0.616302 0.460163 0.022132 0.023085
1 0.767031 0.461267 0.028210 0.024953
8 0.459254 0.461085 0.022066 0.024473
34 0.485213 0.460743 0.026220 0.023657
10 0.720902 0.461541 0.020497 0.024874
24 0.638638 0.460584 0.015701 0.022934
35 0.664288 0.460785 0.033732 0.023110
34 0.431853 0.461531 0.025813 0.023325
28 0.795037 0.462220 0.024076 0.024495
24 0.742514 0.461751 0.016848 0.023489
22 0.407238 0.461887 0.021549 0.023380
10 0.347488 0.462318 0.020658 0.024181
25 0.320174 0.462168 0.029188 0.023744
4 0.377296 0.462462 0.032588 0.023863
0 0.653968 0.498764 0.026866 0.024478
22 0.573193 0.499068 0.021194 0.024661
15 0.819205 0.502588 0.023170 0.031548
1 0.599511 0.499357 0.025604 0.024991
28 0.625926 0.499158 0.023229 0.024579
34 0.858313 0.499526 0.023187 0.024970
29 0.522022 0.499383 0.023877 0.024609
3 0.495561 0.499365 0.026211 0.024259
34 0.450923 0.499325 0.026999 0.024084
21 0.546788 0.499864 0.026964 0.025027
8 0.726718 0.499930 0.022662 0.024453
28 0.772411 0.500209 0.024137 0.024745
28 0.399063 0.500779 0.025999 0.025828
12 0.796423 0.499925 0.019677 0.024089
17 0.676850 0.499946 0.014324 0.023981
9 0.749636 0.506430 0.015987 0.036640
22 0.425399 0.499904 0.021022 0.023050
32 0.374505 0.502082 0.024941 0.026686
26 0.700018 0.500602 0.024991 0.023713
12 0.348199 0.501065 0.020150 0.024362
24 0.310188 0.501043 0.019108 0.023337
29 0.430051 0.539868 0.023463 0.029024
3 0.646996 0.537590 0.026149 0.024348
3 0.723387 0.537746 0.027402 0.024644
4 0.396200 0.540258 0.038758 0.029571
15 0.430006 0.540114 0.023293 0.029115
3 0.457733 0.537999 0.027087 0.024701
0 0.488709 0.538310 0.027528 0.024818
8 0.620115 0.537844 0.021729 0.023649
0 0.535197 0.538084 0.026531 0.023929
36 0.358805 0.538345 0.028784 0.024341
32 0.579038 0.540577 0.028376 0.028192
22 0.312633 0.538377 0.021101 0.023596
17 0.512260 0.538537 0.014384 0.023629
22 0.751810 0.538630 0.020834 0.023233
29 0.826069 0.539305 0.023932 0.024009
24 0.772274 0.538777 0.015306 0.022792
10 0.848725 0.539440 0.020493 0.024095
35 0.797926 0.539965 0.034570 0.023177
15 0.618930 0.578868 0.023129 0.033929
4 0.542523 0.577398 0.035718 0.030464
3 0.575863 0.574234 0.025212 0.023801
4 0.404527 0.577091 0.035424 0.029483
1 0.645283 0.574426 0.026594 0.024023
10 0.753528 0.574348 0.021251 0.023581
3 0.437730 0.574673 0.025692 0.023724
3 0.798087 0.575218 0.027960 0.024677
28 0.492093 0.575213 0.023225 0.024652
14 0.722079 0.574588 0.036210 0.023130
34 0.357890 0.575105 0.025605 0.024017
9 0.513944 0.579783 0.015853 0.033004
1 0.331020 0.575572 0.026038 0.024316
32 0.465937 0.576825 0.027707 0.026813
28 0.689725 0.575149 0.022855 0.023253
32 0.826696 0.577407 0.025758 0.027521
28 0.851734 0.576133 0.023372 0.024832
24 0.307235 0.576467 0.015971 0.023026
15 0.622059 0.614486 0.023414 0.031960
4 0.588957 0.613218 0.035993 0.028827
15 0.557524 0.615380 0.022352 0.032553
4 0.525368 0.613441 0.037724 0.028600
25 0.723311 0.610945 0.027158 0.022977
10 0.749839 0.611329 0.020061 0.023448
3 0.775669 0.611984 0.026805 0.024189
2 0.467264 0.618157 0.035294 0.035481
7 0.495307 0.612213 0.016216 0.023174
24 0.701115 0.612078 0.016090 0.022655
9 0.668034 0.616185 0.014560 0.030564
9 0.799608 0.617366 0.015073 0.032572
28 0.820545 0.612917 0.023314 0.023466
35 0.431144 0.612678 0.032170 0.022366
4 0.317504 0.613185 0.031841 0.023200
0 0.349950 0.613365 0.026810 0.023169
24 0.405721 0.612317 0.015645 0.020788
9 0.389028 0.613932 0.013854 0.023845
18 0.661926 0.647225 0.026910 0.024934
13 0.619488 0.648751 0.020853 0.023829
14 0.696493 0.648783 0.034807 0.023553
28 0.729485 0.649068 0.024901 0.024112
28 0.827068 0.649234 0.023863 0.024406
2 0.794311 0.654304 0.035913 0.034365
9 0.639934 0.653344 0.014828 0.032380
9 0.471065 0.655597 0.015719 0.036605
20 0.758998 0.649394 0.026174 0.023825
0 0.447927 0.649364 0.027117 0.023631
7 0.490200 0.649888 0.016247 0.023560
12 0.508811 0.649374 0.018855 0.022183
7 0.581741 0.649205 0.015239 0.021607
35 0.555904 0.649732 0.032612 0.022292
11 0.398097 0.650530 0.026474 0.023606
7 0.422656 0.650813 0.015824 0.023404
4 0.317644 0.654128 0.037469 0.029705
34 0.352032 0.651047 0.025580 0.023259
0 0.813570 0.685283 0.027706 0.024746
11 0.742370 0.684857 0.026294 0.023783
0 0.587997 0.685249 0.027762 0.024527
36 0.556411 0.685118 0.027114 0.024045
3 0.526042 0.685450 0.025601 0.023949
24 0.790139 0.684970 0.015282 0.022902
17 0.656311 0.685405 0.014823 0.023671
28 0.769222 0.685138 0.022931 0.023070
10 0.716397 0.685350 0.019439 0.022839
11 0.495131 0.686141 0.027307 0.024306
17 0.612353 0.685819 0.015018 0.023639
33 0.685103 0.685513 0.037457 0.022175
24 0.836925 0.686562 0.014931 0.024102
7 0.854873 0.686297 0.016859 0.023556
28 0.430932 0.686426 0.023348 0.023620
1 0.403421 0.686997 0.026776 0.024234
0 0.357455 0.687229 0.026524 0.023770
3 0.310838 0.687695 0.026171 0.024019
17 0.333839 0.688092 0.015612 0.022270
3 0.644309 0.720979 0.027475 0.023957
34 0.602860 0.721236 0.024277 0.023511
3 0.674825 0.721641 0.025618 0.024123
4 0.830097 0.724424 0.036090 0.029131
11 0.705562 0.722313 0.026161 0.024206
8 0.524651 0.722434 0.022438 0.024443
3 0.863219 0.722676 0.026628 0.024773
34 0.778769 0.722402 0.025743 0.024218
22 0.579933 0.721879 0.021608 0.022756
28 0.734682 0.722437 0.024118 0.023729
24 0.757062 0.722506 0.016593 0.023722
24 0.801532 0.723070 0.016278 0.023833
32 0.481421 0.724798 0.030733 0.026684
0 0.438289 0.723230 0.026418 0.023546
36 0.369113 0.723830 0.028420 0.023711
3 0.338594 0.724053 0.025969 0.024074
17 0.504385 0.723409 0.014031 0.022775
11 0.309156 0.724414 0.026275 0.024780
24 0.414245 0.723742 0.016384 0.022735
25 0.626152 0.758176 0.026405 0.023637
3 0.672732 0.758939 0.026247 0.024286
32 0.565503 0.761361 0.029693 0.028963
11 0.519511 0.759076 0.026264 0.024291
34 0.444368 0.759541 0.026905 0.024882
11 0.703133 0.759644 0.026963 0.024921
3 0.488777 0.759398 0.026780 0.024405
24 0.603825 0.758425 0.014469 0.022188
34 0.731575 0.759888 0.025086 0.024797
7 0.544374 0.760210 0.015853 0.025133
5 0.768111 0.764679 0.036583 0.034014
17 0.649450 0.759411 0.014861 0.023176
5 0.413747 0.765023 0.030638 0.034198
34 0.374866 0.760484 0.025033 0.024808
28 0.844482 0.760751 0.023297 0.024964
34 0.800130 0.760381 0.024662 0.024210
11 0.346134 0.760944 0.027663 0.025201
9 0.302745 0.770574 0.016962 0.042623