22 0.332562 0.129367 0.020544 0.023846
11 0.407622 0.130455 0.027306 0.025479
11 0.518253 0.130524 0.026311 0.024516
21 0.377263 0.130775 0.026796 0.024464
3 0.488062 0.130722 0.026932 0.024321
0 0.728597 0.135016 0.036320 0.032284
22 0.564909 0.131312 0.022128 0.024696
7 0.543138 0.130958 0.016380 0.023977
36 0.456025 0.130928 0.028682 0.023673
17 0.431852 0.131087 0.014403 0.023162
21 0.607680 0.132192 0.026787 0.025033
4 0.788529 0.135873 0.040622 0.032190
11 0.638366 0.132356 0.027715 0.024892
17 0.585336 0.131790 0.013685 0.022907
36 0.686571 0.132349 0.029879 0.024021
17 0.661372 0.132793 0.014140 0.023726
11 0.863639 0.134213 0.027487 0.026491
3 0.894013 0.134694 0.027985 0.026753
35 0.829749 0.134629 0.035610 0.024293
3 0.356693 0.170755 0.028817 0.026821
13 0.329378 0.170967 0.022904 0.026023
32 0.458152 0.173212 0.031160 0.030081
13 0.385363 0.171156 0.022744 0.025383
28 0.429490 0.171410 0.024777 0.025837
10 0.519791 0.171211 0.020727 0.025144
9 0.406187 0.179389 0.019441 0.041192
9 0.385352 0.171828 0.022514 0.025841
24 0.500127 0.170874 0.015039 0.023553
3 0.729838 0.172746 0.030550 0.025687
11 0.590489 0.172790 0.026005 0.025383
8 0.848195 0.173074 0.021098 0.025843
17 0.567059 0.173039 0.015206 0.025403
14 0.766463 0.172994 0.038270 0.025279
0 0.678765 0.173325 0.029526 0.025833
22 0.544740 0.172557 0.022497 0.024113
21 0.820907 0.173504 0.028224 0.025331
7 0.797825 0.173169 0.015859 0.024018
33 0.623661 0.173222 0.038068 0.024047
7 0.653736 0.173624 0.017172 0.024572
15 0.406792 0.215083 0.025784 0.033391
25 0.348788 0.210996 0.028484 0.024494
24 0.325086 0.211437 0.017152 0.025039
34 0.511616 0.211847 0.027243 0.025367
4 0.476819 0.214893 0.039628 0.031310
22 0.377794 0.211889 0.023429 0.024780
3 0.555199 0.212195 0.028634 0.025212
36 0.437107 0.212487 0.031346 0.025279
22 0.583506 0.213190 0.021801 0.025627
13 0.716107 0.212995 0.024392 0.024681
13 0.761362 0.213693 0.024739 0.025910
28 0.866842 0.213583 0.024560 0.025524
1 0.667763 0.213973 0.028559 0.025201
28 0.811527 0.214533 0.026056 0.025795
24 0.606271 0.214036 0.016375 0.024056
17 0.693798 0.214011 0.015039 0.023479
35 0.632691 0.214778 0.034236 0.023888
18 0.541525 0.250943 0.029197 0.029772
3 0.330617 0.251164 0.028535 0.025321
24 0.356496 0.251598 0.017580 0.025669
25 0.381862 0.250914 0.029283 0.024198
15 0.489849 0.257342 0.024600 0.036770
28 0.429722 0.252056 0.026033 0.025487
22 0.514644 0.252726 0.022732 0.025598
15 0.743408 0.258676 0.024288 0.036594
2 0.777535 0.258694 0.040217 0.036320
9 0.567495 0.258114 0.016417 0.034729
28 0.813322 0.253380 0.023803 0.025035
22 0.717578 0.253529 0.023567 0.025213
20 0.611792 0.253178 0.028683 0.024270
17 0.587282 0.253589 0.015125 0.024362
33 0.650051 0.254528 0.041076 0.025524
0 0.496736 0.294624 0.036305 0.033939
3 0.388121 0.291005 0.029617 0.026044
11 0.355118 0.291353 0.029788 0.026214
34 0.448313 0.291063 0.029064 0.025368
22 0.325717 0.291311 0.022302 0.025086
4 0.555506 0.295006 0.039020 0.032316
5 0.417988 0.295480 0.028100 0.033220
3 0.663323 0.292399 0.027138 0.026113
0 0.752600 0.292111 0.029532 0.025502
3 0.719703 0.292515 0.028468 0.026259
28 0.811838 0.292075 0.024913 0.025206
11 0.631210 0.292532 0.028536 0.025713
28 0.862001 0.292405 0.023040 0.024516
13 0.691506 0.292907 0.023321 0.025370
17 0.525816 0.292699 0.014884 0.024928
21 0.784494 0.292780 0.026586 0.024759
35 0.595790 0.292774 0.035309 0.024157
15 0.519028 0.333391 0.025550 0.034255
25 0.547514 0.328869 0.028308 0.025032
0 0.489238 0.329446 0.028848 0.025977
3 0.432723 0.329651 0.028933 0.025919
10 0.573695 0.329311 0.020700 0.025213
15 0.735289 0.335883 0.023946 0.037861
2 0.797168 0.334502 0.035868 0.034996
25 0.678576 0.329371 0.029612 0.024275
3 0.400482 0.329914 0.028530 0.024956
14 0.604527 0.330085 0.037581 0.025048
20 0.327109 0.329331 0.027344 0.023434
22 0.461407 0.329790 0.022108 0.024275
2 0.362749 0.334857 0.040353 0.034401
3 0.831668 0.330251 0.027705 0.025073
22 0.709348 0.330036 0.022774 0.024022
20 0.763115 0.329521 0.027352 0.022705
7 0.636231 0.330243 0.016244 0.023680
24 0.654352 0.330099 0.015484 0.022723
8 0.320848 0.367564 0.023203 0.026322
25 0.620450 0.366917 0.029339 0.024906
3 0.479553 0.367806 0.027656 0.026291
3 0.569300 0.367703 0.028164 0.025916
2 0.442633 0.373535 0.038969 0.036945
24 0.596192 0.367677 0.016158 0.025189
34 0.537728 0.367887 0.027470 0.025577
5 0.507872 0.371856 0.027512 0.033379
5 0.849041 0.371765 0.026825 0.032833
2 0.782611 0.372444 0.039640 0.034102
3 0.820293 0.368126 0.028940 0.025338
28 0.672098 0.368151 0.026712 0.025103
33 0.706966 0.368399 0.038784 0.025541
9 0.645890 0.373822 0.017331 0.036242
21 0.368129 0.368766 0.027854 0.026092
34 0.876503 0.368902 0.025124 0.026161
17 0.345685 0.368188 0.015550 0.024361
20 0.744714 0.368873 0.028384 0.024250
35 0.401873 0.369173 0.035999 0.023983
18 0.566143 0.403568 0.027992 0.029164
18 0.385708 0.405191 0.028023 0.028737
16 0.536838 0.411609 0.028488 0.039169
3 0.504314 0.405255 0.028357 0.025906
11 0.471989 0.405295 0.029414 0.024907
3 0.780993 0.405612 0.028772 0.025029
3 0.597645 0.405950 0.028009 0.025446
3 0.811309 0.405894 0.026406 0.025014
11 0.417478 0.406155 0.028727 0.025502
10 0.443855 0.406211 0.021195 0.024599
10 0.753104 0.406345 0.020939 0.024616
11 0.726352 0.406598 0.029469 0.025054
26 0.627473 0.406678 0.024339 0.024963
0 0.674606 0.407001 0.028475 0.025440
34 0.866786 0.406931 0.022798 0.025285
24 0.649337 0.406696 0.015204 0.024712
0 0.323515 0.406868 0.028697 0.024779
5 0.840462 0.409889 0.027051 0.030677
21 0.354983 0.407221 0.027714 0.024741
24 0.700414 0.407565 0.016858 0.024906
0 0.287314 0.448559 0.036963 0.036536
11 0.686899 0.443858 0.026876 0.025857
0 0.538927 0.443456 0.028840 0.024912
4 0.344990 0.447854 0.039293 0.032817
3 0.454060 0.443725 0.026993 0.024441
34 0.660019 0.443817 0.021968 0.024329
11 0.423232 0.443839 0.027825 0.024151
13 0.481701 0.443909 0.022187 0.024189
2 0.802143 0.449320 0.038134 0.034962
3 0.508834 0.443972 0.027207 0.024252
34 0.644096 0.444311 0.024877 0.024578
21 0.570413 0.444280 0.027232 0.024451
28 0.837164 0.444098 0.025648 0.023833
32 0.619114 0.446739 0.033293 0.029106
17 0.711503 0.444343 0.015809 0.024147
17 0.315378 0.445907 0.014156 0.026502
24 0.731851 0.444727 0.015834 0.024093
17 0.594874 0.444761 0.015620 0.023498
35 0.387094 0.445284 0.036573 0.023874
35 0.760983 0.445335 0.036667 0.023345
25 0.839957 0.482468 0.028234 0.025985
34 0.792535 0.483352 0.027781 0.026676
8 0.458278 0.483121 0.024295 0.026048
3 0.379502 0.483763 0.028770 0.026534
25 0.526480 0.483539 0.027789 0.024817
9 0.482922 0.490390 0.019182 0.038125
17 0.503304 0.485266 0.015266 0.027569
22 0.555267 0.483678 0.022238 0.024352
10 0.867210 0.484588 0.022789 0.026052
2 0.666135 0.489752 0.037686 0.036337
27 0.869608 0.484826 0.028253 0.026314
22 0.765861 0.484183 0.024190 0.024672
28 0.701701 0.483966 0.022797 0.024085
9 0.596459 0.491801 0.016797 0.039390
24 0.817066 0.484493 0.015407 0.024732
17 0.436357 0.484566 0.014865 0.024829
32 0.411243 0.487067 0.032814 0.029390
17 0.577385 0.484394 0.015452 0.023922
35 0.625780 0.484643 0.036087 0.024325
5 0.313373 0.526769 0.031968 0.035261
11 0.816040 0.522073 0.028106 0.025572
4 0.779181 0.524823 0.040505 0.030881
16 0.482403 0.528453 0.028898 0.037333
34 0.344060 0.523094 0.026463 0.026251
5 0.615620 0.526675 0.028028 0.033338
22 0.560438 0.522489 0.024295 0.024495
0 0.721888 0.523264 0.029428 0.025890
3 0.450560 0.523128 0.026716 0.025150
28 0.587920 0.522873 0.024179 0.024627
25 0.372831 0.522956 0.028527 0.024672
1 0.531470 0.523317 0.027117 0.025073
3 0.690129 0.523840 0.028288 0.025970
35 0.849027 0.523129 0.034365 0.024164
17 0.748327 0.523551 0.016452 0.024648
22 0.401752 0.523815 0.023301 0.024830
9 0.507587 0.530446 0.016720 0.037495
17 0.425139 0.524384 0.016494 0.024396
3 0.615516 0.557226 0.028319 0.025181
11 0.647462 0.557625 0.028541 0.025162
2 0.494157 0.562868 0.037833 0.033840
2 0.321223 0.564021 0.038981 0.035819
28 0.528169 0.557904 0.023849 0.023373
34 0.815039 0.559029 0.027701 0.025283
28 0.675844 0.559146 0.024820 0.025083
3 0.458873 0.559143 0.027344 0.024827
3 0.785843 0.559185 0.028443 0.024854
27 0.815443 0.559565 0.029128 0.024804
28 0.357834 0.559360 0.025438 0.024281
22 0.701565 0.559325 0.022863 0.023913
24 0.723366 0.560107 0.015894 0.023019
35 0.749812 0.560051 0.035125 0.022670
0 0.753974 0.599636 0.036358 0.034295
25 0.389183 0.596179 0.029708 0.026412
22 0.485702 0.596453 0.024419 0.025990
0 0.604633 0.596467 0.029485 0.025304
25 0.454554 0.596528 0.030597 0.025204
4 0.569664 0.596392 0.034032 0.023889
1 0.819381 0.597741 0.027062 0.026114
3 0.422587 0.597818 0.028795 0.026211
28 0.790325 0.597694 0.025067 0.025868
3 0.701799 0.597637 0.027934 0.025699
36 0.534814 0.596984 0.029870 0.024198
21 0.357319 0.598010 0.030098 0.026201
17 0.629849 0.596935 0.015300 0.023836
21 0.672301 0.597488 0.025451 0.023481
17 0.509045 0.598001 0.016326 0.024280
3 0.619760 0.631159 0.029323 0.024946
3 0.508867 0.631897 0.029936 0.025583
25 0.477821 0.631506 0.026872 0.023686
13 0.591127 0.631665 0.022484 0.023992
4 0.443932 0.634615 0.038844 0.029550
32 0.726322 0.634872 0.025396 0.029387
24 0.533948 0.632077 0.016143 0.023790
0 0.663227 0.632743 0.027877 0.024955
3 0.408490 0.632734 0.028033 0.024821
11 0.793637 0.633372 0.028362 0.025113
17 0.689039 0.633054 0.016081 0.024030
3 0.825776 0.633842 0.028153 0.025592
21 0.378398 0.633575 0.026768 0.024818
35 0.561068 0.632981 0.034328 0.022860
17 0.353049 0.634453 0.017006 0.024061
35 0.759734 0.634310 0.036424 0.023133
28 0.871528 0.635197 0.023921 0.023416
18 0.597978 0.666359 0.027303 0.027673
4 0.698032 0.670849 0.037872 0.031261
3 0.515845 0.668192 0.027126 0.025119
13 0.467956 0.668191 0.025347 0.024513
36 0.437344 0.668813 0.029606 0.024625
36 0.546840 0.668534 0.027899 0.023888
3 0.750674 0.669415 0.028019 0.024856
9 0.574049 0.674948 0.015321 0.035368
12 0.778740 0.670384 0.021170 0.026155
8 0.312564 0.669938 0.023217 0.024729
28 0.340711 0.669759 0.025932 0.024076
8 0.801333 0.670118 0.021680 0.024622
24 0.365844 0.669739 0.016140 0.023622
22 0.388663 0.669486 0.022767 0.022976
17 0.411424 0.670501 0.015788 0.024816
28 0.828498 0.670609 0.025932 0.024719
11 0.627898 0.705211 0.028556 0.025588
1 0.537437 0.705616 0.030452 0.026331
37 0.418860 0.706825 0.034299 0.026543
0 0.686214 0.706210 0.027816 0.025131
28 0.657185 0.706253 0.025366 0.025142
25 0.764633 0.707083 0.030669 0.026253
22 0.450835 0.706728 0.023173 0.024927
17 0.564658 0.706172 0.016167 0.023281
3 0.341713 0.707237 0.028560 0.025386
22 0.312890 0.706998 0.022843 0.024776
24 0.739820 0.707207 0.016039 0.024938
24 0.472999 0.706888 0.015954 0.024293
35 0.501158 0.707100 0.036894 0.024512
28 0.715522 0.707016 0.025360 0.024143
3 0.797074 0.708198 0.027841 0.026137
34 0.860566 0.708123 0.025656 0.024888
4 0.736521 0.746432 0.038368 0.032545
25 0.546945 0.743255 0.029209 0.025110
22 0.577224 0.743686 0.022861 0.025587
34 0.416446 0.743897 0.027644 0.025396
11 0.773888 0.744098 0.028274 0.025654
9 0.619859 0.755144 0.017110 0.047606
27 0.425307 0.744188 0.044525 0.025493
33 0.469729 0.744037 0.039749 0.025044
3 0.645015 0.743706 0.026629 0.024372
7 0.501765 0.744310 0.018116 0.025410
11 0.674135 0.743962 0.025795 0.024523
28 0.703350 0.744391 0.023816 0.024937
17 0.600595 0.745041 0.016992 0.025996
22 0.389635 0.744398 0.023605 0.024650
17 0.798505 0.744815 0.014606 0.025422
28 0.362611 0.744620 0.025856 0.025014
13 0.820156 0.744723 0.023354 0.025209
28 0.844408 0.744364 0.024404 0.024303
32 0.311916 0.747708 0.034855 0.030226
9 0.338162 0.753462 0.016115 0.041198