3 0.507301 0.127316 0.028843 0.028140
25 0.595440 0.127113 0.029219 0.025404
25 0.450876 0.126975 0.029394 0.025105
3 0.670852 0.127726 0.028117 0.026346
22 0.624781 0.127130 0.024016 0.024689
28 0.476750 0.127684 0.025897 0.025626
34 0.566426 0.127788 0.027141 0.025809
11 0.538047 0.128258 0.028095 0.026542
5 0.699567 0.132221 0.030274 0.033928
17 0.646174 0.127534 0.014830 0.024336
34 0.730571 0.128038 0.028131 0.025122
11 0.322941 0.129039 0.026985 0.026785
34 0.422650 0.128461 0.025850 0.025381
5 0.392877 0.132932 0.030388 0.033633
1 0.808577 0.128885 0.028800 0.025529
8 0.852691 0.128749 0.021731 0.025167
34 0.351308 0.128930 0.026891 0.025270
34 0.877347 0.128649 0.026047 0.024360
26 0.832059 0.128970 0.013428 0.024117
0 0.628853 0.167590 0.027821 0.025328
3 0.511125 0.168021 0.027064 0.025272
3 0.597514 0.167901 0.026688 0.024620
3 0.795694 0.168685 0.027255 0.025523
22 0.482489 0.168226 0.023562 0.024268
28 0.740803 0.169229 0.026436 0.025920
22 0.767752 0.168705 0.022576 0.024811
17 0.459939 0.169483 0.016537 0.025783
21 0.710219 0.169849 0.029510 0.026251
21 0.435357 0.169479 0.027436 0.025228
24 0.686801 0.169463 0.016422 0.025080
24 0.819878 0.169262 0.016740 0.024365
17 0.391530 0.169734 0.015831 0.025035
13 0.370605 0.169499 0.022815 0.024354
28 0.343940 0.169772 0.025992 0.024600
24 0.535504 0.169739 0.017046 0.024472
35 0.847514 0.170081 0.035593 0.024604
35 0.563755 0.169688 0.035149 0.023491
9 0.606041 0.209238 0.023941 0.028918
8 0.516910 0.208462 0.023111 0.025658
20 0.575480 0.209017 0.028844 0.026222
28 0.452233 0.208846 0.025493 0.025746
21 0.544658 0.209273 0.026871 0.026189
10 0.726456 0.209115 0.022160 0.025703
25 0.699104 0.208725 0.027597 0.024639
29 0.651657 0.209705 0.025365 0.025922
7 0.628733 0.209257 0.017820 0.024933
10 0.783312 0.209785 0.021467 0.025693
1 0.338094 0.210907 0.028618 0.027256
7 0.675880 0.210106 0.019415 0.025585
22 0.807657 0.210028 0.023498 0.025173
34 0.384490 0.209898 0.024964 0.024621
22 0.425523 0.209308 0.023533 0.023224
0 0.290593 0.212495 0.028985 0.027594
17 0.313943 0.211792 0.015123 0.025344
18 0.550423 0.246317 0.028213 0.031823
1 0.700107 0.248162 0.027567 0.025415
32 0.614381 0.251408 0.031155 0.031009
4 0.786901 0.252085 0.038455 0.031973
21 0.520996 0.248854 0.027371 0.025396
0 0.582102 0.248905 0.029024 0.025265
16 0.323303 0.255595 0.028261 0.037589
28 0.748267 0.250599 0.028433 0.027476
15 0.323204 0.255114 0.028521 0.036243
17 0.724284 0.249451 0.014942 0.024804
3 0.373114 0.249690 0.028557 0.025197
3 0.464346 0.250355 0.029296 0.026189
11 0.851068 0.249680 0.026026 0.024780
10 0.874972 0.249961 0.019362 0.025298
22 0.492189 0.249604 0.022318 0.024485
3 0.822218 0.249594 0.025846 0.023996
24 0.398938 0.250490 0.016783 0.024658
35 0.428145 0.250625 0.037557 0.023335
29 0.287736 0.289105 0.028965 0.027939
29 0.690933 0.288581 0.025156 0.025063
1 0.467051 0.289048 0.028589 0.025700
8 0.618630 0.288629 0.022823 0.024821
20 0.386587 0.288470 0.028022 0.024189
0 0.418622 0.288814 0.028311 0.024465
34 0.515589 0.289041 0.026638 0.024858
14 0.350858 0.289127 0.037040 0.024937
7 0.668867 0.289099 0.018205 0.024677
17 0.442881 0.289456 0.014626 0.024988
21 0.645148 0.289680 0.025199 0.025397
7 0.714243 0.288830 0.016477 0.023602
10 0.815973 0.289395 0.020703 0.023387
13 0.793079 0.289502 0.021909 0.023402
28 0.316325 0.291002 0.025785 0.026142
35 0.761897 0.290628 0.037042 0.024241
9 0.651927 0.327790 0.022318 0.027876
25 0.538987 0.326674 0.031477 0.025594
13 0.652118 0.327528 0.022179 0.026913
3 0.506120 0.327839 0.030355 0.027452
27 0.689058 0.327827 0.047567 0.026645
28 0.625366 0.328352 0.026752 0.027205
32 0.596070 0.330073 0.029536 0.030531
1 0.408916 0.327937 0.030541 0.025720
4 0.462993 0.330983 0.055313 0.031470
21 0.763371 0.329025 0.029413 0.027492
0 0.354196 0.328617 0.029435 0.026366
3 0.322277 0.328684 0.028243 0.025857
17 0.382232 0.328970 0.016789 0.026115
13 0.736213 0.328692 0.027244 0.025390
35 0.798034 0.329898 0.037806 0.026626
4 0.512380 0.367757 0.035586 0.029686
15 0.374866 0.372884 0.024744 0.039858
15 0.544894 0.371569 0.024207 0.037227
25 0.402140 0.364882 0.027270 0.023735
32 0.283237 0.371604 0.040979 0.036511
0 0.572029 0.366117 0.028016 0.025127
25 0.744620 0.365347 0.028626 0.023484
22 0.430505 0.365509 0.021920 0.023175
36 0.715212 0.365754 0.028358 0.023609
4 0.341237 0.368272 0.037713 0.028463
36 0.476658 0.365803 0.029669 0.023426
28 0.685899 0.366709 0.024534 0.025066
8 0.659268 0.366182 0.022808 0.023746
17 0.451377 0.366359 0.014541 0.023848
10 0.770370 0.366713 0.018966 0.024555
32 0.617974 0.368957 0.031237 0.028544
3 0.872575 0.367464 0.026015 0.025362
3 0.843596 0.367624 0.026706 0.024779
24 0.791185 0.367390 0.016303 0.024016
25 0.814858 0.367195 0.028044 0.023417
1 0.670762 0.404490 0.030874 0.026810
28 0.702388 0.405600 0.027105 0.026754
3 0.625521 0.405061 0.027092 0.025323
32 0.730134 0.407329 0.026966 0.029224
11 0.595353 0.405023 0.026320 0.024610
21 0.444485 0.405381 0.027593 0.024920
32 0.396104 0.408524 0.032139 0.030471
15 0.540705 0.408782 0.025179 0.030946
3 0.341665 0.406258 0.026964 0.025460
25 0.512679 0.405303 0.027679 0.023543
13 0.471202 0.405733 0.021770 0.024327
3 0.757731 0.406569 0.028042 0.025727
13 0.314916 0.405579 0.022796 0.023639
32 0.565468 0.408421 0.031203 0.028941
17 0.491214 0.406343 0.014407 0.024669
25 0.787360 0.406093 0.028247 0.024046
26 0.839057 0.407510 0.025307 0.026354
10 0.812852 0.407027 0.020819 0.025329
1 0.629628 0.444253 0.028057 0.024635
28 0.367236 0.444678 0.024489 0.024982
20 0.598527 0.444785 0.027839 0.024910
32 0.514076 0.447114 0.030683 0.029507
25 0.341728 0.444377 0.027341 0.023949
21 0.314151 0.445416 0.027428 0.025899
11 0.703986 0.445255 0.027132 0.025473
3 0.735241 0.445400 0.027056 0.025691
9 0.389424 0.451930 0.015344 0.038593
25 0.763652 0.444584 0.028368 0.023803
33 0.478212 0.444916 0.036390 0.024114
28 0.657959 0.445092 0.025097 0.024188
10 0.409182 0.445062 0.019671 0.024033
17 0.679598 0.445404 0.014777 0.024429
28 0.789550 0.445690 0.023148 0.023803
24 0.811032 0.446061 0.016438 0.023563
26 0.868540 0.447481 0.025991 0.024115
35 0.837863 0.447110 0.034038 0.022735
25 0.487963 0.482199 0.028244 0.024626
0 0.572487 0.482442 0.027864 0.024860
20 0.662742 0.482914 0.029520 0.025802
8 0.313568 0.483389 0.022911 0.026119
25 0.803040 0.483079 0.026575 0.025163
0 0.368799 0.482954 0.027964 0.024911
34 0.459858 0.482649 0.026127 0.023641
9 0.393746 0.490874 0.015829 0.039886
32 0.434547 0.485897 0.031214 0.029276
14 0.744657 0.483775 0.039094 0.024947
9 0.510761 0.492721 0.018468 0.042825
7 0.597611 0.484341 0.017551 0.025960
12 0.617513 0.484457 0.021015 0.026184
10 0.777724 0.483803 0.021574 0.024465
17 0.637581 0.484121 0.015036 0.024831
28 0.339902 0.484047 0.025316 0.024321
28 0.826476 0.484310 0.024075 0.024121
35 0.539253 0.484186 0.034025 0.023760
32 0.282320 0.525697 0.038467 0.034868
37 0.560794 0.522130 0.032528 0.026334
13 0.746432 0.522328 0.023535 0.024589
8 0.693201 0.522352 0.020573 0.024614
0 0.593770 0.522718 0.028007 0.025190
28 0.668722 0.522826 0.024361 0.025405
4 0.496607 0.524775 0.036975 0.029297
28 0.529876 0.522450 0.023319 0.024354
11 0.775391 0.523592 0.028419 0.025928
1 0.373886 0.523834 0.028413 0.026003
10 0.312447 0.523372 0.019993 0.025003
36 0.341491 0.523780 0.033318 0.025110
3 0.806708 0.523921 0.027333 0.025196
22 0.426783 0.524336 0.023804 0.025677
36 0.838352 0.524379 0.029682 0.024905
8 0.776497 0.560764 0.023565 0.026061
8 0.444161 0.561704 0.025519 0.026560
3 0.552557 0.561277 0.027238 0.025587
22 0.523652 0.561115 0.024018 0.025139
1 0.662354 0.561397 0.028464 0.025433
13 0.496858 0.561398 0.023337 0.025210
9 0.289200 0.562450 0.023970 0.027215
22 0.580714 0.561185 0.022551 0.024590
25 0.381735 0.562230 0.029562 0.025394
21 0.471441 0.562019 0.025237 0.024472
10 0.410763 0.562298 0.022456 0.024883
29 0.334918 0.562850 0.025879 0.025026
13 0.827528 0.562046 0.022211 0.023211
21 0.801546 0.562267 0.025370 0.023427
7 0.358449 0.562946 0.016328 0.024432
7 0.312768 0.562968 0.016375 0.024456
3 0.571102 0.599630 0.027413 0.025501
3 0.678642 0.599866 0.029324 0.025715
16 0.515528 0.605976 0.029260 0.037509
28 0.543148 0.599582 0.022940 0.024463
3 0.621014 0.600093 0.027219 0.025418
25 0.411996 0.600005 0.028783 0.024860
25 0.726390 0.599237 0.027251 0.023269
13 0.753297 0.599912 0.023192 0.024050
24 0.703703 0.600335 0.016306 0.024856
26 0.486355 0.600724 0.026217 0.025587
28 0.648821 0.600558 0.024294 0.024787
24 0.595873 0.600214 0.015269 0.023870
5 0.823855 0.604722 0.028925 0.032664
26 0.462546 0.600479 0.015109 0.024149
22 0.440442 0.600518 0.023166 0.023911
32 0.794018 0.603930 0.031571 0.030646
16 0.365374 0.606911 0.029287 0.036514
17 0.462656 0.600640 0.015489 0.023804
11 0.316938 0.601709 0.027864 0.025586
9 0.389538 0.610519 0.017262 0.041709
28 0.849991 0.601784 0.023912 0.023884
17 0.341068 0.602420 0.014541 0.023785
4 0.554785 0.641064 0.038725 0.031807
4 0.676491 0.640784 0.040167 0.030774
34 0.710553 0.637878 0.026789 0.024588
4 0.277125 0.645450 0.045690 0.039549
15 0.472503 0.644294 0.024662 0.036997
0 0.500823 0.638442 0.027888 0.024901
3 0.639448 0.638453 0.028277 0.024878
21 0.608557 0.638680 0.026712 0.025295
24 0.734504 0.638298 0.017729 0.024457
13 0.445107 0.639352 0.023749 0.026329
17 0.584633 0.638438 0.015597 0.023629
4 0.387642 0.643553 0.040256 0.033802
10 0.419874 0.639475 0.020950 0.024771
35 0.761847 0.639584 0.035926 0.024726
9 0.338362 0.647724 0.016570 0.037347
17 0.356811 0.641126 0.015158 0.023831
18 0.653156 0.674026 0.027531 0.028125
18 0.468393 0.675209 0.027321 0.028640
4 0.505330 0.679002 0.038896 0.032161
3 0.685216 0.675285 0.027693 0.024437
4 0.570263 0.679183 0.039433 0.031669
10 0.537281 0.676022 0.020807 0.025243
26 0.714774 0.675882 0.025503 0.024950
3 0.606798 0.676366 0.028075 0.025443
9 0.630789 0.680817 0.016702 0.034207
3 0.841764 0.676393 0.029508 0.025123
0 0.762644 0.676381 0.027549 0.025026
11 0.810817 0.676701 0.028271 0.025528
24 0.737498 0.676431 0.016439 0.024214
24 0.786049 0.676897 0.015793 0.024813
11 0.439490 0.677306 0.027836 0.025147
14 0.404044 0.677983 0.035534 0.024289
34 0.354982 0.678917 0.024895 0.023945
22 0.331655 0.679106 0.022371 0.024076
24 0.309651 0.680400 0.016128 0.024993
4 0.732054 0.715717 0.038474 0.031544
15 0.649827 0.719926 0.024563 0.039658
0 0.678624 0.713093 0.028640 0.024974
3 0.813310 0.713606 0.026479 0.025857
4 0.848999 0.716175 0.039710 0.030602
34 0.597365 0.713246 0.026084 0.024271
21 0.784182 0.713553 0.026189 0.024721
17 0.702921 0.713320 0.016950 0.024205
13 0.623445 0.713177 0.021566 0.023893
17 0.761667 0.713248 0.015926 0.023871
3 0.539750 0.713880 0.027491 0.024860
5 0.567616 0.717578 0.026895 0.031904
14 0.503858 0.714497 0.036777 0.025472
28 0.471450 0.715816 0.024580 0.025369
11 0.442412 0.716772 0.028497 0.025620
14 0.380907 0.716821 0.039719 0.025457
3 0.316174 0.717368 0.027225 0.025810
32 0.345602 0.719254 0.033444 0.028784
18 0.403084 0.752666 0.027483 0.029973
8 0.649611 0.750263 0.022827 0.024828
13 0.703614 0.750486 0.022105 0.024449
21 0.677881 0.750917 0.025387 0.025039
25 0.766434 0.750514 0.030201 0.023684
28 0.624692 0.751420 0.024011 0.025274
3 0.580510 0.751312 0.025896 0.024551
4 0.544924 0.754587 0.037186 0.030704
11 0.851197 0.752278 0.028149 0.025542
24 0.742371 0.751356 0.017162 0.023643
17 0.791754 0.751628 0.014652 0.023657
13 0.494196 0.752564 0.022681 0.025462
7 0.471703 0.753050 0.018766 0.024384
22 0.431458 0.753484 0.024477 0.024707
24 0.453168 0.753642 0.015860 0.023890
4 0.322605 0.758815 0.036644 0.032083
3 0.357431 0.755883 0.028712 0.025578