8 0.241187 0.125425 0.023836 0.026542
15 0.367522 0.133007 0.026005 0.040792
25 0.160869 0.126086 0.028717 0.026001
1 0.610719 0.126539 0.028736 0.026639
36 0.211540 0.126233 0.029786 0.025349
10 0.528949 0.126077 0.021447 0.025002
25 0.502655 0.126177 0.027474 0.025147
4 0.436908 0.129320 0.041223 0.031389
20 0.397942 0.126097 0.029542 0.024794
25 0.336929 0.126135 0.029228 0.024505
21 0.474513 0.126933 0.025615 0.025488
13 0.286716 0.126443 0.021809 0.024264
17 0.634594 0.127345 0.015419 0.025423
28 0.308968 0.126847 0.024681 0.024403
24 0.137404 0.127328 0.016362 0.024737
17 0.185434 0.127029 0.015748 0.024103
24 0.652687 0.128122 0.016541 0.024530
3 0.412426 0.166858 0.028897 0.025960
0 0.501851 0.167225 0.029513 0.026083
28 0.356909 0.167229 0.025250 0.025435
25 0.590893 0.167126 0.029364 0.024809
3 0.205070 0.167836 0.028089 0.026106
22 0.383571 0.166876 0.023244 0.024012
3 0.674532 0.168058 0.027980 0.026278
21 0.326815 0.167821 0.028176 0.025782
0 0.236800 0.167639 0.029053 0.025338
24 0.437129 0.167856 0.016825 0.025483
9 0.527687 0.175016 0.015761 0.039512
7 0.546226 0.167473 0.017475 0.024189
24 0.566646 0.167864 0.017624 0.024678
36 0.642393 0.168396 0.029991 0.025106
24 0.302157 0.168302 0.016616 0.024348
35 0.168443 0.168953 0.037072 0.025330
35 0.465131 0.168826 0.036848 0.024481
27 0.401243 0.207755 0.048638 0.026550
3 0.499304 0.207872 0.028873 0.025774
9 0.364107 0.207679 0.021455 0.025364
11 0.191038 0.208865 0.028504 0.026212
32 0.250283 0.210794 0.030504 0.029607
13 0.445710 0.208467 0.024357 0.024742
28 0.338240 0.208687 0.025360 0.024888
34 0.275490 0.208944 0.026162 0.025089
21 0.468661 0.208756 0.026516 0.024697
32 0.306471 0.211288 0.034760 0.029424
28 0.220425 0.209329 0.024011 0.025496
24 0.139732 0.209578 0.017646 0.025328
7 0.161833 0.209368 0.018835 0.024666
0 0.269048 0.248267 0.028096 0.025699
25 0.577682 0.248017 0.026934 0.024591
34 0.453048 0.247852 0.025892 0.024243
5 0.494622 0.252345 0.025711 0.033187
34 0.521698 0.247892 0.025530 0.024221
11 0.424409 0.248422 0.027862 0.024964
11 0.608511 0.248822 0.029036 0.025557
32 0.214418 0.250687 0.032615 0.029262
29 0.549369 0.248479 0.025000 0.024820
27 0.647626 0.248885 0.044829 0.025433
21 0.316006 0.248525 0.025903 0.024598
9 0.169395 0.259870 0.019033 0.047231
34 0.641149 0.248796 0.030841 0.024964
7 0.399243 0.248561 0.017122 0.024347
33 0.368039 0.248497 0.040383 0.024205
17 0.293518 0.248391 0.014799 0.023507
7 0.189592 0.249089 0.016297 0.024050
26 0.339383 0.249026 0.015648 0.023917
0 0.144132 0.249494 0.028878 0.024806
18 0.268838 0.285761 0.029690 0.028735
15 0.433637 0.291595 0.025477 0.036162
4 0.589928 0.289327 0.041236 0.031503
15 0.381269 0.293726 0.025780 0.039681
8 0.406383 0.287052 0.022558 0.025982
13 0.354131 0.287044 0.023609 0.025408
14 0.527964 0.287321 0.038452 0.025648
15 0.624921 0.290316 0.024570 0.031221
11 0.463283 0.287656 0.028651 0.025561
5 0.297112 0.292260 0.029632 0.033986
34 0.326536 0.287813 0.026172 0.025013
0 0.654002 0.287944 0.028979 0.025266
28 0.493091 0.288051 0.024054 0.025069
7 0.558513 0.287846 0.017360 0.024067
17 0.678655 0.288787 0.015285 0.025359
28 0.222972 0.289842 0.023364 0.027435
5 0.138483 0.293572 0.030879 0.034744
34 0.168739 0.288780 0.026091 0.024375
32 0.197186 0.291970 0.028668 0.028837
9 0.368461 0.326642 0.020813 0.025871
11 0.230442 0.327250 0.030248 0.026745
27 0.395407 0.326682 0.028714 0.025497
9 0.545707 0.326648 0.020445 0.024958
17 0.568648 0.327247 0.016634 0.025583
0 0.285528 0.327508 0.031719 0.025954
32 0.492053 0.329903 0.031476 0.030633
1 0.339552 0.327473 0.029295 0.025271
7 0.258198 0.328010 0.017185 0.026253
4 0.151292 0.330646 0.039689 0.030980
22 0.591422 0.327932 0.022655 0.025220
22 0.436982 0.327552 0.022188 0.023874
17 0.182236 0.329628 0.016301 0.025533
18 0.702054 0.362930 0.028537 0.029398
11 0.548842 0.364666 0.028177 0.025894
8 0.518752 0.364444 0.022107 0.024608
34 0.577558 0.364374 0.026199 0.024361
3 0.397056 0.364868 0.027757 0.024849
21 0.676611 0.365517 0.026678 0.025642
11 0.258478 0.365075 0.028291 0.024510
14 0.321927 0.365057 0.035645 0.024421
10 0.353726 0.364836 0.022855 0.023916
33 0.434496 0.364950 0.042323 0.024007
5 0.649697 0.369555 0.028006 0.033097
28 0.289028 0.365633 0.025609 0.024832
3 0.621645 0.365759 0.026453 0.024962
7 0.465709 0.365354 0.016567 0.022885
7 0.232590 0.365996 0.017638 0.023866
7 0.185905 0.367369 0.017002 0.023757
15 0.590663 0.410976 0.023227 0.038544
4 0.441136 0.407765 0.038935 0.032090
15 0.474663 0.410085 0.024324 0.036508
4 0.508874 0.408139 0.038888 0.032377
0 0.227496 0.405243 0.029952 0.026484
3 0.259184 0.405006 0.028156 0.025740
22 0.364259 0.404527 0.023393 0.024741
3 0.544188 0.404809 0.025560 0.025297
24 0.387410 0.405218 0.016389 0.025466
7 0.408178 0.405014 0.017837 0.024988
9 0.567117 0.412243 0.018794 0.039409
3 0.673859 0.405138 0.027981 0.025166
2 0.296095 0.410492 0.038615 0.035716
34 0.196134 0.405474 0.027076 0.025578
8 0.169544 0.405666 0.023244 0.025439
28 0.645752 0.405835 0.023616 0.025664
13 0.624876 0.405624 0.020923 0.024251
13 0.492227 0.442661 0.021938 0.024441
34 0.693285 0.443725 0.026675 0.026163
0 0.631820 0.443290 0.027001 0.025107
28 0.406641 0.443482 0.024355 0.024957
14 0.439341 0.443108 0.036449 0.024111
11 0.377234 0.443681 0.027737 0.025007
7 0.470498 0.443005 0.017886 0.023466
28 0.591243 0.443712 0.024508 0.024780
24 0.671000 0.443516 0.015252 0.024295
8 0.198679 0.443803 0.021954 0.024344
5 0.564715 0.447496 0.026972 0.031633
28 0.348834 0.443713 0.024306 0.023976
28 0.225056 0.444048 0.024195 0.024612
0 0.302589 0.443863 0.026757 0.024158
3 0.254657 0.443866 0.026663 0.024014
24 0.325848 0.443888 0.015032 0.023677
17 0.512966 0.443334 0.014099 0.022545
7 0.279211 0.443750 0.015731 0.023042
24 0.544425 0.444805 0.015202 0.024550
8 0.385421 0.481176 0.023925 0.025966
25 0.498663 0.480708 0.028409 0.024626
3 0.468863 0.481109 0.027928 0.025405
28 0.414753 0.481914 0.025316 0.026156
3 0.334296 0.481389 0.026504 0.025030
8 0.623370 0.482449 0.023316 0.026299
22 0.440801 0.481380 0.021939 0.023979
21 0.548207 0.481599 0.027110 0.024385
28 0.253805 0.482064 0.024211 0.025187
34 0.304140 0.481608 0.026679 0.024211
7 0.523761 0.482256 0.018005 0.025435
21 0.649422 0.482960 0.027122 0.026527
12 0.361111 0.482304 0.022847 0.024802
13 0.675782 0.482779 0.023098 0.025583
22 0.279524 0.482006 0.021729 0.024018
35 0.580445 0.482113 0.033548 0.023977
17 0.695122 0.482978 0.016325 0.025650
2 0.460154 0.525294 0.038311 0.035726
11 0.524084 0.520775 0.026899 0.025740
3 0.342844 0.520350 0.026451 0.024833
28 0.495284 0.520822 0.023732 0.025439
2 0.279276 0.525998 0.037548 0.035760
28 0.313394 0.521443 0.025034 0.025085
34 0.597542 0.521825 0.027519 0.025657
28 0.552009 0.521182 0.023727 0.024056
35 0.420532 0.521424 0.035284 0.024345
21 0.161905 0.521938 0.026236 0.025326
25 0.389824 0.520636 0.026907 0.022685
24 0.366917 0.521203 0.016001 0.023613
24 0.574573 0.521502 0.016020 0.024092
25 0.639090 0.521456 0.027720 0.023953
17 0.186586 0.522212 0.015523 0.024997
27 0.676967 0.522693 0.043358 0.025742
22 0.208180 0.521781 0.021340 0.023468
35 0.239918 0.521997 0.034096 0.023126
24 0.137513 0.523343 0.018101 0.024545
21 0.405108 0.559379 0.026647 0.025338
0 0.282668 0.559533 0.028436 0.025445
11 0.513211 0.559585 0.029204 0.025214
3 0.252139 0.559462 0.026888 0.024767
33 0.458227 0.559731 0.039265 0.025080
9 0.307871 0.565990 0.016886 0.037454
13 0.197819 0.559983 0.022288 0.025381
34 0.375474 0.559250 0.027724 0.023727
32 0.352174 0.561972 0.028024 0.028697
17 0.429238 0.559932 0.014631 0.024517
22 0.222727 0.560035 0.024758 0.024602
21 0.171331 0.560473 0.026334 0.025393
7 0.328844 0.560716 0.019671 0.025855
3 0.544551 0.560575 0.027327 0.025371
8 0.144525 0.560801 0.023459 0.025560
7 0.487890 0.560123 0.016968 0.024166
3 0.665163 0.561532 0.028509 0.026450
36 0.576544 0.560582 0.030328 0.024258
7 0.623675 0.561383 0.018529 0.024666
24 0.603230 0.561350 0.016529 0.023896
11 0.471968 0.597888 0.026532 0.025697
4 0.264114 0.600146 0.037314 0.030182
11 0.415880 0.598032 0.026435 0.025496
3 0.300190 0.598085 0.028568 0.025535
8 0.443408 0.597646 0.023327 0.024596
3 0.228227 0.598489 0.026505 0.025677
27 0.508382 0.597999 0.041158 0.024630
3 0.544351 0.598380 0.027025 0.025260
3 0.198554 0.598816 0.026395 0.025629
34 0.384954 0.597929 0.026757 0.023796
36 0.331362 0.598280 0.028043 0.023881
25 0.572848 0.598711 0.027247 0.023949
3 0.645766 0.599573 0.028616 0.025512
22 0.360303 0.598448 0.021176 0.023185
9 0.173319 0.607242 0.019104 0.040571
0 0.149101 0.599955 0.027183 0.025414
7 0.705659 0.600211 0.017212 0.024467
22 0.601173 0.599725 0.022746 0.023412
33 0.679638 0.600562 0.033028 0.023669
4 0.469053 0.639818 0.039474 0.031290
3 0.276719 0.637080 0.028452 0.025721
0 0.414562 0.636991 0.027315 0.025098
3 0.383282 0.637105 0.028856 0.025292
1 0.308114 0.637144 0.027491 0.024775
11 0.245222 0.637283 0.026981 0.024937
34 0.335572 0.637222 0.027407 0.024674
11 0.540991 0.637488 0.027719 0.024969
25 0.167482 0.637489 0.028958 0.024428
3 0.572275 0.637906 0.028120 0.025082
3 0.627358 0.638383 0.027669 0.025266
13 0.599433 0.637801 0.022486 0.023767
22 0.197518 0.637855 0.021949 0.023600
7 0.219785 0.637978 0.017144 0.023703
0 0.658997 0.639286 0.029831 0.025837
35 0.507519 0.638542 0.033833 0.023077
3 0.371896 0.674462 0.029220 0.025448
28 0.287875 0.674103 0.023919 0.024123
3 0.404397 0.674555 0.027773 0.024673
14 0.252853 0.675021 0.038062 0.025472
34 0.217091 0.674377 0.026551 0.023876
11 0.151079 0.674791 0.026785 0.024384
7 0.176675 0.674791 0.016852 0.024070
5 0.432780 0.678791 0.027345 0.031086
34 0.460792 0.675094 0.026044 0.023340
3 0.630723 0.676257 0.027932 0.025399
0 0.661814 0.676022 0.029055 0.024836
32 0.600428 0.678161 0.032928 0.029087
7 0.527809 0.675625 0.017536 0.023688
24 0.195164 0.675294 0.014938 0.022953
33 0.498016 0.675618 0.041218 0.023506
28 0.571993 0.676350 0.026280 0.024855
9 0.547726 0.683364 0.017334 0.037195
3 0.328306 0.712013 0.028179 0.024726
11 0.152370 0.712680 0.026699 0.025247
28 0.284838 0.712162 0.024919 0.024127
27 0.393457 0.712353 0.038249 0.024349
11 0.359335 0.712247 0.027306 0.024126
14 0.247753 0.712288 0.038924 0.024088
15 0.525631 0.717861 0.023356 0.034620
34 0.387395 0.712232 0.025807 0.023297
24 0.197564 0.712811 0.016797 0.024231
7 0.178451 0.712705 0.016635 0.023861
11 0.430557 0.712837 0.025730 0.023879
7 0.455163 0.713080 0.017031 0.024246
26 0.478780 0.713885 0.024841 0.025495
17 0.217198 0.712684 0.015708 0.022930
24 0.502711 0.713131 0.016058 0.023622
33 0.556966 0.714292 0.039830 0.024037
11 0.612604 0.715233 0.028012 0.025464
34 0.641033 0.715044 0.026841 0.024316
7 0.587358 0.714944 0.017557 0.023704
27 0.644331 0.715457 0.033662 0.023586
34 0.701126 0.716407 0.025654 0.024158
24 0.679149 0.716121 0.015991 0.023517
15 0.400632 0.754914 0.024813 0.036978
3 0.261689 0.749479 0.027791 0.024407
5 0.150216 0.754951 0.030598 0.035044
34 0.325269 0.749238 0.026334 0.023353
28 0.201479 0.750559 0.024708 0.025783
11 0.231300 0.750199 0.027988 0.024925
24 0.349246 0.749944 0.015555 0.024037
22 0.300505 0.749706 0.020922 0.023442
21 0.372937 0.749958 0.025215 0.023373
11 0.485702 0.751049 0.027088 0.024692
7 0.460782 0.751436 0.016849 0.025097
33 0.432245 0.750802 0.037825 0.023643
3 0.514950 0.751171 0.026052 0.024206
9 0.176966 0.762334 0.017614 0.045988
36 0.545763 0.752303 0.027269 0.024191
8 0.573193 0.752858 0.021991 0.025055
33 0.605679 0.753980 0.038900 0.023974
25 0.639625 0.754225 0.026347 0.023610
22 0.666470 0.754892 0.022226 0.024091
7 0.689246 0.755476 0.017707 0.023899