3 0.664509 0.126497 0.029901 0.027180
16 0.553509 0.131896 0.030311 0.037668
3 0.633621 0.126357 0.027950 0.026105
8 0.604727 0.126031 0.023495 0.025372
10 0.580183 0.126050 0.021262 0.024920
25 0.344732 0.126165 0.029685 0.024744
7 0.527361 0.126657 0.016544 0.025448
36 0.311780 0.126766 0.032244 0.025447
28 0.449937 0.127230 0.024462 0.026167
10 0.371229 0.125971 0.018791 0.023548
24 0.390813 0.126355 0.015424 0.024148
13 0.474867 0.126451 0.022877 0.024270
28 0.279293 0.127381 0.025065 0.025087
13 0.255464 0.127411 0.021692 0.025074
35 0.417510 0.127531 0.034859 0.024766
28 0.230086 0.128372 0.025381 0.025322
0 0.155254 0.129276 0.028596 0.026589
17 0.179819 0.129320 0.014789 0.025072
7 0.128976 0.129903 0.016540 0.024488
18 0.415799 0.165604 0.028790 0.029129
4 0.622289 0.170567 0.042696 0.032699
13 0.569343 0.167626 0.023382 0.026452
13 0.372464 0.167626 0.022987 0.026059
5 0.445815 0.171640 0.030661 0.033666
3 0.477695 0.167874 0.028001 0.026123
3 0.659992 0.167927 0.028404 0.026217
7 0.546662 0.168081 0.017079 0.026161
3 0.344471 0.168408 0.028951 0.026355
22 0.505899 0.167328 0.022499 0.024194
9 0.393825 0.173815 0.016373 0.037058
24 0.527794 0.167495 0.016679 0.024325
17 0.591043 0.168133 0.016400 0.024953
4 0.241057 0.171581 0.040852 0.030639
34 0.160930 0.169563 0.028238 0.025600
28 0.276661 0.169030 0.026312 0.024518
22 0.131864 0.169411 0.024430 0.025184
12 0.187603 0.170578 0.023012 0.027448
35 0.309298 0.169705 0.035401 0.024388
7 0.209882 0.170170 0.017574 0.024440
15 0.622918 0.215429 0.025340 0.039047
34 0.338390 0.208618 0.027592 0.024387
4 0.304028 0.212222 0.039218 0.030903
3 0.394210 0.209874 0.029495 0.026163
34 0.497941 0.209471 0.026072 0.025135
3 0.427167 0.210027 0.028046 0.026243
11 0.593875 0.210095 0.028765 0.026287
32 0.526733 0.211737 0.030530 0.029484
3 0.266745 0.210120 0.027722 0.025987
36 0.651408 0.209489 0.028865 0.024398
22 0.473372 0.209472 0.023485 0.023982
22 0.365953 0.209640 0.020329 0.024266
34 0.134210 0.210599 0.027459 0.025879
7 0.550261 0.210562 0.016039 0.025625
0 0.184132 0.210735 0.029138 0.025758
3 0.236470 0.210695 0.028015 0.025603
17 0.451451 0.210612 0.014878 0.025194
7 0.568158 0.210457 0.016882 0.024739
24 0.158583 0.210950 0.017274 0.024358
18 0.549268 0.246883 0.028105 0.029241
15 0.343396 0.254588 0.023618 0.036220
4 0.583246 0.249068 0.033840 0.024904
21 0.520732 0.249349 0.027821 0.025422
29 0.665043 0.249752 0.025425 0.025864
14 0.423962 0.249346 0.035675 0.024894
20 0.458764 0.249199 0.027953 0.024589
22 0.368606 0.249339 0.021585 0.024602
34 0.638975 0.249818 0.026942 0.025008
34 0.392345 0.249388 0.024857 0.024100
32 0.315144 0.252732 0.033757 0.030436
15 0.207369 0.256777 0.025765 0.038378
28 0.242487 0.250634 0.025367 0.024877
22 0.614301 0.250233 0.022954 0.024031
22 0.269778 0.250488 0.022170 0.024040
15 0.150525 0.257746 0.024195 0.038450
11 0.490492 0.288333 0.027992 0.026015
24 0.340427 0.288875 0.020028 0.026788
11 0.540724 0.288437 0.028980 0.025397
34 0.366643 0.288323 0.026535 0.025143
36 0.397949 0.288582 0.030606 0.025456
7 0.515392 0.288311 0.016930 0.024847
3 0.459035 0.288779 0.028218 0.025456
3 0.572140 0.288628 0.027828 0.025147
36 0.603884 0.288988 0.029669 0.025374
32 0.428078 0.291065 0.029476 0.028861
3 0.263071 0.289192 0.027937 0.024939
25 0.652123 0.289291 0.027762 0.025030
21 0.233780 0.289331 0.025948 0.024609
7 0.307510 0.289457 0.016518 0.024546
24 0.288020 0.289354 0.016952 0.024258
24 0.629341 0.289399 0.016074 0.024218
20 0.174624 0.289174 0.029835 0.023413
14 0.138495 0.289684 0.034520 0.023710
3 0.481369 0.327175 0.027544 0.025880
1 0.570267 0.327331 0.030859 0.025448
34 0.539422 0.326987 0.025925 0.024230
11 0.511826 0.327333 0.027873 0.024729
22 0.435731 0.327501 0.022182 0.023961
0 0.620157 0.328196 0.028839 0.025261
3 0.651313 0.328302 0.028279 0.025279
34 0.369764 0.327854 0.026378 0.023995
17 0.457149 0.328072 0.014812 0.024408
17 0.595514 0.328243 0.014827 0.024221
3 0.312005 0.328687 0.027875 0.024777
11 0.341695 0.328607 0.027228 0.024253
28 0.185177 0.329535 0.025595 0.025725
32 0.282479 0.331437 0.030568 0.028365
32 0.132442 0.333226 0.030144 0.030641
8 0.454313 0.365643 0.022742 0.025789
15 0.257759 0.372259 0.023769 0.038570
0 0.392578 0.365988 0.025999 0.024288
9 0.257887 0.372561 0.023765 0.037321
32 0.498810 0.368268 0.033686 0.028448
8 0.319246 0.366043 0.022091 0.023876
9 0.416664 0.371510 0.015358 0.034754
3 0.557938 0.367224 0.027267 0.025929
28 0.364383 0.366399 0.023309 0.024192
4 0.169813 0.370369 0.037839 0.031946
9 0.341539 0.372353 0.015624 0.035808
10 0.200288 0.366754 0.020222 0.024176
17 0.433410 0.366869 0.014404 0.024307
32 0.589914 0.369479 0.030256 0.029446
3 0.668835 0.367040 0.027651 0.024544
28 0.642775 0.367092 0.022077 0.024415
22 0.617590 0.366990 0.024196 0.023630
7 0.297497 0.366925 0.015416 0.023105
9 0.278100 0.373208 0.016661 0.035551
24 0.235517 0.367277 0.014776 0.022634
10 0.669231 0.403720 0.023143 0.025035
3 0.350913 0.403971 0.029172 0.024953
25 0.525609 0.403295 0.026313 0.023471
3 0.403447 0.403589 0.026537 0.023930
32 0.461901 0.405641 0.030449 0.027952
28 0.551059 0.403820 0.023949 0.024176
12 0.378239 0.404437 0.020691 0.024768
28 0.322305 0.404291 0.023900 0.024415
24 0.502967 0.404117 0.015633 0.023784
3 0.264050 0.404859 0.026636 0.025210
1 0.293685 0.404967 0.028999 0.025339
22 0.644561 0.404025 0.022928 0.023330
1 0.580673 0.404389 0.029498 0.023611
11 0.233291 0.405807 0.026867 0.025445
17 0.623329 0.405150 0.014658 0.023825
9 0.606346 0.411834 0.017719 0.037027
29 0.202224 0.405847 0.026123 0.024481
17 0.178615 0.406761 0.015349 0.025203
25 0.154141 0.406192 0.029148 0.023890
24 0.129031 0.407413 0.019043 0.025355
18 0.588891 0.442788 0.027695 0.028195
18 0.402941 0.443109 0.027533 0.026173
34 0.457403 0.443519 0.026216 0.024874
3 0.531131 0.443678 0.027457 0.025153
28 0.241109 0.443748 0.024477 0.025169
3 0.343242 0.443591 0.027507 0.024839
3 0.286114 0.443895 0.028862 0.025343
32 0.375952 0.445464 0.033575 0.028353
22 0.432012 0.443611 0.023309 0.024538
10 0.686796 0.444189 0.019556 0.025139
3 0.137545 0.444250 0.027773 0.025204
22 0.502419 0.443578 0.022442 0.023762
25 0.617427 0.444046 0.028603 0.024590
22 0.315810 0.443668 0.023657 0.023809
32 0.562223 0.447215 0.033199 0.030887
32 0.212822 0.446181 0.031118 0.028609
21 0.663716 0.444329 0.025329 0.024689
22 0.165888 0.444376 0.023561 0.023715
17 0.189079 0.445000 0.016265 0.024020
25 0.376301 0.481327 0.031002 0.024886
3 0.408651 0.481625 0.026513 0.025132
11 0.438273 0.482145 0.027096 0.024947
10 0.464505 0.481904 0.021785 0.024415
24 0.351393 0.482014 0.014973 0.024058
11 0.493592 0.482444 0.027699 0.024841
3 0.327595 0.482734 0.028096 0.025312
3 0.295364 0.483028 0.027741 0.025688
25 0.152375 0.482477 0.027666 0.024166
10 0.620975 0.482810 0.022737 0.024793
36 0.542801 0.482810 0.028168 0.024662
17 0.517533 0.482978 0.014462 0.024734
34 0.664072 0.483179 0.026573 0.024924
22 0.180354 0.482916 0.023287 0.024119
28 0.253216 0.483595 0.024880 0.025417
25 0.592572 0.483167 0.027974 0.024473
24 0.642026 0.483965 0.016289 0.025385
17 0.203194 0.483366 0.016309 0.024135
24 0.128847 0.483440 0.017689 0.024143
24 0.568821 0.483458 0.016814 0.024035
18 0.219087 0.519809 0.027974 0.028556
13 0.467895 0.520116 0.021943 0.024900
3 0.163460 0.520504 0.027376 0.025508
22 0.134360 0.519924 0.024078 0.024155
25 0.368777 0.520575 0.027655 0.024512
36 0.440438 0.520513 0.028035 0.024033
22 0.396048 0.520844 0.022071 0.024220
17 0.416425 0.520919 0.015299 0.024022
25 0.248605 0.521106 0.027932 0.023656
17 0.489514 0.521256 0.015321 0.023823
21 0.299122 0.521637 0.027364 0.024493
10 0.325387 0.521430 0.020702 0.024025
24 0.346550 0.521644 0.016574 0.023929
32 0.193924 0.523856 0.032550 0.028084
7 0.273829 0.522085 0.016737 0.023580
0 0.139881 0.557458 0.029560 0.026268
0 0.384429 0.558114 0.030805 0.026660
1 0.192830 0.558095 0.030255 0.026324
25 0.322377 0.558234 0.030903 0.026084
4 0.563293 0.561444 0.038702 0.031643
25 0.505414 0.558745 0.029401 0.025934
9 0.433919 0.559086 0.021175 0.026237
28 0.225092 0.558697 0.025317 0.025407
10 0.459272 0.559156 0.021410 0.026046
10 0.596783 0.558927 0.021642 0.025225
17 0.165890 0.558951 0.016025 0.025194
24 0.481611 0.559357 0.016869 0.025168
7 0.296925 0.559467 0.018021 0.024846
33 0.262168 0.560086 0.043235 0.025755
18 0.494457 0.596382 0.026393 0.029429
15 0.316739 0.600966 0.023102 0.033604
25 0.342552 0.596672 0.026720 0.024137
36 0.268787 0.597450 0.028043 0.025628
10 0.369226 0.597381 0.020941 0.024891
3 0.438590 0.597426 0.025759 0.024813
25 0.523609 0.597846 0.027628 0.025216
22 0.412105 0.597184 0.022552 0.023795
3 0.237684 0.597955 0.027922 0.025298
25 0.187492 0.597119 0.028271 0.023287
9 0.212002 0.603781 0.016881 0.036494
1 0.138959 0.598104 0.028807 0.025073
24 0.389555 0.597860 0.015719 0.024492
24 0.295068 0.597715 0.016947 0.023659
28 0.570742 0.598439 0.025255 0.024805
32 0.471196 0.600449 0.029316 0.028524
10 0.596137 0.598710 0.020563 0.025034
7 0.549357 0.598480 0.016357 0.024497
25 0.637680 0.598546 0.027935 0.024488
22 0.665736 0.599254 0.022528 0.025156
24 0.615668 0.599028 0.014997 0.024396
1 0.332935 0.635765 0.029227 0.025445
10 0.422503 0.635377 0.019880 0.024221
9 0.578437 0.646481 0.017074 0.046012
34 0.300894 0.635949 0.026166 0.024892
9 0.359927 0.641763 0.016832 0.036195
22 0.398833 0.635616 0.021287 0.023743
7 0.206937 0.635816 0.017416 0.024073
2 0.176912 0.642178 0.037921 0.036689
3 0.601857 0.636431 0.026138 0.025009
25 0.555096 0.635781 0.026587 0.023527
36 0.631627 0.636274 0.027657 0.024396
20 0.139634 0.636252 0.029560 0.024295
22 0.445661 0.635874 0.021379 0.023401
9 0.377347 0.638513 0.014314 0.028571
28 0.518628 0.636552 0.022457 0.024511
5 0.274399 0.640182 0.025000 0.031495
32 0.489935 0.638592 0.033390 0.028313
22 0.659275 0.636319 0.021441 0.023584
10 0.681634 0.636542 0.020335 0.023853
32 0.244453 0.639356 0.030494 0.028684
34 0.220700 0.673051 0.026711 0.023863
15 0.410360 0.678656 0.023675 0.034024
22 0.195775 0.673853 0.022918 0.023964
11 0.344233 0.674525 0.027144 0.024900
10 0.462754 0.674078 0.020703 0.023787
25 0.436377 0.673894 0.026324 0.023297
36 0.251617 0.673982 0.027755 0.023135
3 0.313173 0.674676 0.026786 0.024036
35 0.164331 0.674478 0.034144 0.023614
32 0.282955 0.676726 0.030732 0.027851
24 0.388114 0.674791 0.017355 0.023847
24 0.134617 0.675225 0.016480 0.023266
34 0.277434 0.711453 0.026230 0.025451
22 0.251769 0.711448 0.024280 0.025151
25 0.517013 0.713014 0.030243 0.026669
22 0.142698 0.712211 0.023094 0.025038
25 0.391205 0.712552 0.031321 0.025617
34 0.331256 0.713026 0.028056 0.026440
13 0.463436 0.713114 0.024791 0.026567
34 0.167968 0.712245 0.027379 0.024769
10 0.419720 0.712850 0.021222 0.025671
22 0.305109 0.712836 0.022110 0.025241
29 0.360178 0.713926 0.025843 0.026952
21 0.487868 0.714132 0.028063 0.026211
0 0.102960 0.758693 0.023136 0.040643
4 0.232198 0.754637 0.038341 0.030908
3 0.324875 0.752026 0.028184 0.025441
3 0.268685 0.751424 0.027040 0.024215
13 0.295308 0.751316 0.022553 0.023791
9 0.140642 0.762514 0.018179 0.045498
15 0.580079 0.761419 0.025170 0.042291
25 0.525266 0.752555 0.027228 0.024512
3 0.196484 0.752696 0.026477 0.024404
5 0.405198 0.755824 0.024151 0.030451
7 0.384251 0.751808 0.017321 0.022360
24 0.365309 0.752206 0.015222 0.021989
9 0.504498 0.762332 0.017964 0.041565
7 0.485255 0.753409 0.016205 0.023514
22 0.554005 0.754047 0.023090 0.024570
33 0.456369 0.753748 0.041052 0.023792
7 0.426528 0.753385 0.015363 0.022855
24 0.601650 0.754872 0.016248 0.025420
3 0.656957 0.754875 0.027302 0.024869
20 0.656971 0.755106 0.027648 0.024281