3 0.502246 0.129392 0.028840 0.025764
34 0.470379 0.129333 0.026770 0.025051
15 0.672475 0.137258 0.024519 0.040430
1 0.642968 0.130427 0.029273 0.026628
5 0.441410 0.133863 0.028217 0.033343
28 0.415144 0.130240 0.023379 0.025078
9 0.337229 0.139302 0.016501 0.042921
24 0.556039 0.130547 0.017500 0.025104
16 0.311722 0.136594 0.028322 0.036870
25 0.179911 0.130629 0.027966 0.024802
22 0.597471 0.130511 0.022435 0.024496
1 0.361596 0.130905 0.027515 0.025188
22 0.390118 0.130153 0.021808 0.023667
34 0.208437 0.130873 0.025020 0.025048
5 0.250751 0.134755 0.029858 0.032581
26 0.531694 0.130927 0.025089 0.024757
3 0.133048 0.132074 0.027191 0.026555
17 0.575744 0.131229 0.015357 0.024851
17 0.617941 0.130965 0.015714 0.024191
34 0.279746 0.131323 0.025444 0.024354
18 0.356080 0.169297 0.029091 0.029998
4 0.552840 0.174866 0.040688 0.034735
15 0.467545 0.176215 0.025989 0.037128
0 0.495425 0.171393 0.028355 0.026713
3 0.247804 0.171533 0.028297 0.026588
3 0.640750 0.171534 0.029116 0.026291
13 0.441644 0.171048 0.022661 0.025197
3 0.280544 0.171678 0.028907 0.026379
5 0.385516 0.175119 0.028780 0.032848
34 0.413758 0.171331 0.025031 0.025009
21 0.608327 0.171644 0.027293 0.025336
11 0.215113 0.172150 0.028953 0.026318
22 0.310837 0.171302 0.023028 0.024244
17 0.521023 0.171856 0.016401 0.025007
24 0.332757 0.171865 0.016514 0.024565
17 0.583331 0.172029 0.015336 0.024731
7 0.188793 0.172572 0.017033 0.024894
21 0.164546 0.173303 0.027102 0.025897
0 0.133660 0.173334 0.028632 0.025438
18 0.362481 0.208993 0.028193 0.029782
18 0.634201 0.209989 0.027926 0.030427
4 0.327872 0.214645 0.039574 0.031538
4 0.437744 0.214420 0.038291 0.030823
9 0.658669 0.222327 0.017840 0.045037
5 0.243961 0.216554 0.030479 0.033213
7 0.406799 0.212465 0.016804 0.024807
24 0.387957 0.211945 0.016612 0.023686
10 0.219243 0.213013 0.021413 0.025598
7 0.563884 0.212428 0.018816 0.024131
33 0.534026 0.212696 0.038641 0.024454
4 0.186342 0.216254 0.039518 0.031194
25 0.150256 0.213258 0.028163 0.024275
28 0.292809 0.213034 0.024808 0.023826
24 0.584870 0.213337 0.016443 0.023965
24 0.126173 0.214156 0.016788 0.023911
18 0.264738 0.250985 0.028422 0.026492
25 0.555493 0.251075 0.030486 0.025099
4 0.397962 0.255101 0.040402 0.032769
3 0.328305 0.251653 0.027367 0.025665
11 0.296880 0.251825 0.028923 0.025987
34 0.506365 0.251353 0.026624 0.024790
5 0.630328 0.256184 0.027878 0.034110
3 0.458748 0.251802 0.027696 0.025338
24 0.530366 0.251694 0.017092 0.024574
28 0.603861 0.253366 0.026106 0.027594
24 0.484140 0.251855 0.017354 0.024196
10 0.430946 0.252152 0.020194 0.024245
13 0.195016 0.252450 0.023090 0.024615
3 0.167737 0.253042 0.028581 0.025691
22 0.238912 0.252616 0.021605 0.023512
17 0.217321 0.253184 0.015329 0.024205
4 0.296587 0.295078 0.040126 0.033003
2 0.525681 0.297458 0.037446 0.037572
3 0.561304 0.291424 0.026978 0.025099
8 0.195142 0.292155 0.023567 0.026182
10 0.329519 0.291765 0.020896 0.025366
3 0.258269 0.292061 0.029077 0.025902
3 0.225593 0.292015 0.029374 0.025744
27 0.666554 0.291685 0.032517 0.024711
11 0.634903 0.291963 0.026609 0.025255
5 0.406470 0.295986 0.027254 0.033119
34 0.380277 0.292127 0.024731 0.025351
32 0.452868 0.294768 0.029280 0.030333
22 0.356530 0.292281 0.025440 0.024776
10 0.170470 0.292375 0.020290 0.024916
22 0.589256 0.292013 0.021698 0.023862
35 0.486182 0.292485 0.036032 0.024574
17 0.610211 0.292388 0.015149 0.023995
4 0.139231 0.295780 0.039640 0.030562
18 0.333318 0.329847 0.027449 0.027107
0 0.270739 0.330968 0.029564 0.024918
4 0.483561 0.333898 0.039318 0.030771
0 0.302848 0.331057 0.028451 0.024677
29 0.617969 0.331570 0.025883 0.025406
25 0.646613 0.331108 0.027298 0.024214
14 0.423084 0.331380 0.035772 0.024588
7 0.451849 0.331279 0.017326 0.024001
11 0.363675 0.331168 0.028288 0.023627
36 0.237863 0.331482 0.030119 0.024240
3 0.205955 0.331801 0.027937 0.024571
28 0.390796 0.331381 0.022698 0.022872
5 0.176072 0.335989 0.027099 0.032056
10 0.431333 0.368186 0.020384 0.023856
25 0.367112 0.368298 0.027065 0.023865
9 0.410895 0.376524 0.019255 0.039987
15 0.339924 0.373517 0.023268 0.033797
7 0.391630 0.368786 0.017959 0.023503
28 0.531837 0.368880 0.023805 0.023416
11 0.133402 0.369749 0.027717 0.025072
25 0.477178 0.368709 0.030370 0.022951
0 0.231814 0.369399 0.027567 0.024050
24 0.452164 0.368860 0.016016 0.022793
33 0.611832 0.369559 0.040704 0.023884
17 0.274178 0.369225 0.014530 0.023213
22 0.506539 0.369047 0.022058 0.022801
13 0.185598 0.369479 0.022440 0.023174
22 0.315350 0.369087 0.021118 0.022312
28 0.160378 0.370017 0.023751 0.024084
9 0.256183 0.377063 0.016118 0.038163
12 0.293315 0.369847 0.021182 0.023565
17 0.207575 0.369956 0.015317 0.022394
7 0.642165 0.370592 0.016938 0.023617
26 0.667419 0.371111 0.026603 0.023797
18 0.160912 0.407914 0.028608 0.028439
3 0.497160 0.407886 0.027899 0.025863
28 0.466608 0.407803 0.026217 0.025261
13 0.593881 0.407770 0.023489 0.025035
10 0.363825 0.407782 0.021908 0.025032
25 0.409326 0.407720 0.028811 0.024805
24 0.386205 0.408273 0.016751 0.025838
11 0.335777 0.407912 0.028153 0.025093
9 0.664363 0.419339 0.016178 0.047755
1 0.284552 0.408218 0.029864 0.025330
7 0.570760 0.408431 0.019272 0.025532
24 0.550491 0.408173 0.016811 0.024577
22 0.527559 0.408015 0.023447 0.024101
22 0.438495 0.408114 0.022875 0.024298
0 0.641238 0.409013 0.029129 0.026031
17 0.310629 0.408520 0.016806 0.024702
10 0.216951 0.408704 0.021622 0.025000
11 0.688289 0.409143 0.026815 0.025338
32 0.191612 0.411836 0.032489 0.030310
17 0.615524 0.409028 0.015509 0.024491
5 0.129672 0.415073 0.031511 0.035254
15 0.394966 0.451400 0.024625 0.036125
4 0.480679 0.449443 0.041029 0.032036
0 0.423958 0.446410 0.029443 0.025374
13 0.368900 0.446228 0.023364 0.024561
3 0.308530 0.446581 0.027227 0.024616
3 0.563488 0.447112 0.029560 0.025569
3 0.340831 0.446970 0.028008 0.024651
20 0.248671 0.446533 0.028589 0.023694
17 0.449565 0.447057 0.015729 0.024530
17 0.511355 0.447208 0.014863 0.024462
32 0.279593 0.449307 0.032351 0.028604
21 0.219977 0.447262 0.024076 0.023898
29 0.135956 0.448118 0.028567 0.025499
25 0.166949 0.447374 0.027320 0.023753
18 0.346336 0.483382 0.028812 0.028408
18 0.693341 0.484623 0.031637 0.029366
18 0.262527 0.483624 0.029225 0.026912
17 0.102520 0.487912 0.032379 0.033353
4 0.384797 0.487713 0.038829 0.032466
13 0.190958 0.485051 0.024832 0.025119
11 0.315443 0.484885 0.028059 0.024775
10 0.416547 0.484849 0.020342 0.024454
8 0.133784 0.485129 0.021746 0.024812
9 0.289664 0.491780 0.016269 0.038060
22 0.235637 0.484803 0.021137 0.023325
21 0.161997 0.485455 0.026660 0.024571
17 0.213533 0.485545 0.015111 0.024459
11 0.596824 0.486023 0.027633 0.025356
3 0.628242 0.486038 0.028870 0.025308
3 0.443746 0.485620 0.026627 0.024177
5 0.518006 0.489968 0.028774 0.032477
28 0.566817 0.486414 0.025692 0.024021
9 0.542600 0.492413 0.015776 0.035836
17 0.495250 0.486078 0.014893 0.022740
4 0.492843 0.527190 0.038296 0.031315
4 0.143128 0.526799 0.039385 0.030295
11 0.239708 0.524313 0.028950 0.025134
10 0.525083 0.524186 0.021266 0.024589
1 0.204484 0.524464 0.029729 0.024704
28 0.395719 0.524803 0.026357 0.025327
11 0.364372 0.524399 0.028880 0.024503
12 0.303541 0.524484 0.020993 0.024554
14 0.431366 0.524478 0.038751 0.024465
10 0.175124 0.524373 0.020608 0.024073
3 0.331788 0.524453 0.028554 0.024113
7 0.462531 0.524484 0.016952 0.024105
3 0.635983 0.525397 0.028891 0.025776
35 0.274600 0.524457 0.033643 0.023516
26 0.665777 0.526772 0.027496 0.024618
18 0.401149 0.560568 0.028130 0.028790
18 0.182633 0.562079 0.029515 0.028132
8 0.269889 0.562118 0.023784 0.024825
5 0.428952 0.567338 0.027518 0.033611
34 0.241241 0.562644 0.026809 0.024160
34 0.457011 0.562533 0.025591 0.023759
3 0.486794 0.563045 0.027620 0.024661
9 0.378980 0.568024 0.018458 0.034543
5 0.211455 0.568201 0.030212 0.034817
21 0.316836 0.563064 0.026465 0.024145
36 0.624722 0.563878 0.031022 0.025674
26 0.517215 0.563878 0.024651 0.025591
3 0.592229 0.563815 0.027755 0.025402
22 0.543873 0.563261 0.022491 0.023932
35 0.349746 0.563263 0.034346 0.023310
22 0.135417 0.563557 0.023047 0.023876
24 0.158282 0.563811 0.017227 0.023106
13 0.655151 0.564485 0.023408 0.024015
17 0.676030 0.565228 0.015552 0.024430
25 0.287168 0.599959 0.028701 0.024557
3 0.351467 0.600561 0.029455 0.025357
3 0.257433 0.600780 0.028565 0.024997
8 0.227520 0.600619 0.023197 0.024658
3 0.319666 0.601176 0.028306 0.025763
1 0.431454 0.601121 0.028076 0.024199
0 0.383232 0.601103 0.028430 0.024096
0 0.141027 0.602190 0.028604 0.025735
3 0.564942 0.601952 0.028614 0.024902
9 0.475060 0.610869 0.016030 0.042624
25 0.532820 0.601520 0.028506 0.023488
17 0.407154 0.601362 0.014280 0.022834
24 0.185578 0.602124 0.016100 0.024100
17 0.166380 0.603034 0.016011 0.025004
0 0.597187 0.602904 0.029079 0.024552
35 0.502451 0.602055 0.033454 0.022378
17 0.204584 0.602233 0.015549 0.022623
32 0.646519 0.606390 0.032351 0.029320
17 0.622559 0.604235 0.015470 0.024733
18 0.210197 0.638590 0.028307 0.026270
13 0.275817 0.639746 0.023939 0.024784
13 0.452994 0.640371 0.023308 0.025776
11 0.141188 0.640275 0.027193 0.024812
1 0.405564 0.640194 0.029391 0.024486
22 0.321028 0.639983 0.022152 0.023820
17 0.299119 0.640265 0.015229 0.023744
9 0.521395 0.650225 0.015743 0.043333
24 0.342903 0.640614 0.017193 0.023864
22 0.498625 0.640519 0.023333 0.023661
17 0.475967 0.640878 0.014821 0.024004
13 0.567559 0.641076 0.022564 0.024246
35 0.371067 0.641064 0.034305 0.024198
17 0.431625 0.641095 0.015516 0.023854
17 0.165517 0.640554 0.014982 0.022415
3 0.620588 0.641783 0.026842 0.024280
28 0.542663 0.641669 0.023187 0.024020
28 0.591361 0.642287 0.024633 0.025190
15 0.665563 0.649599 0.024531 0.037659
24 0.643899 0.642895 0.015716 0.023512
0 0.142367 0.676337 0.029494 0.024635
25 0.262075 0.675993 0.027125 0.023559
25 0.208033 0.676561 0.028047 0.023906
34 0.291370 0.676476 0.026317 0.023638
28 0.235864 0.676536 0.022459 0.023220
24 0.185335 0.676381 0.016645 0.022452
15 0.361513 0.681334 0.023508 0.031966
13 0.335232 0.677406 0.023034 0.023851
0 0.389633 0.677749 0.027803 0.024287
4 0.443607 0.680734 0.037527 0.030247
17 0.414520 0.678305 0.014478 0.023304
18 0.241311 0.711523 0.025737 0.027256
36 0.110752 0.715057 0.034265 0.033347
13 0.140437 0.714835 0.021639 0.027932
32 0.215672 0.716320 0.031458 0.029157
9 0.164194 0.721398 0.022934 0.037972
4 0.317158 0.717769 0.039261 0.030169
24 0.265770 0.714213 0.016592 0.022629
28 0.186109 0.714216 0.023088 0.022019
10 0.349260 0.715608 0.020186 0.024164
7 0.285739 0.714676 0.017027 0.022241
3 0.376555 0.715970 0.026706 0.023816
4 0.570906 0.719910 0.040674 0.030272
1 0.514811 0.717295 0.029186 0.024943
10 0.604476 0.717647 0.021971 0.025578
26 0.405506 0.716950 0.024943 0.023391
13 0.629158 0.717850 0.022414 0.025060
22 0.432399 0.716660 0.021279 0.022622
24 0.453629 0.717057 0.016616 0.023277
35 0.479407 0.717221 0.033847 0.023346
9 0.651474 0.724456 0.017225 0.037524
28 0.673258 0.718827 0.024934 0.024292
18 0.167469 0.749462 0.028862 0.028014
18 0.357988 0.749744 0.029890 0.028151
18 0.413660 0.750833 0.029418 0.026374
32 0.139495 0.752922 0.032700 0.029799
3 0.200971 0.750724 0.029369 0.024598
11 0.327203 0.750664 0.028086 0.023839
24 0.225352 0.751269 0.015961 0.024621
25 0.247615 0.750971 0.028012 0.023652
9 0.273803 0.761548 0.016239 0.041958
9 0.441742 0.763136 0.017849 0.044043
15 0.618014 0.766946 0.026165 0.050608
3 0.562583 0.754444 0.028948 0.024735
22 0.591343 0.754728 0.022365 0.024156
20 0.487403 0.754057 0.027710 0.022637
33 0.525648 0.754780 0.039324 0.023029
2 0.651895 0.761808 0.038162 0.035862
28 0.684952 0.756899 0.024052 0.024526