4 0.626028 0.130240 0.041823 0.033380
0 0.568978 0.128377 0.028921 0.026691
15 0.540764 0.134376 0.025330 0.038590
34 0.485133 0.128061 0.027434 0.025822
4 0.746699 0.131271 0.042592 0.031523
17 0.595215 0.128913 0.016523 0.026657
13 0.513525 0.128559 0.024860 0.025858
5 0.456015 0.132064 0.027290 0.032537
11 0.394392 0.128945 0.027768 0.026105
22 0.364367 0.128508 0.023963 0.025166
17 0.656293 0.128995 0.016603 0.026031
3 0.709399 0.129452 0.027262 0.026620
11 0.600592 0.169094 0.029214 0.026508
3 0.632457 0.169563 0.028430 0.026748
28 0.440587 0.169080 0.025572 0.025567
8 0.322504 0.169815 0.022582 0.026530
25 0.486537 0.168846 0.027712 0.024241
3 0.664301 0.169790 0.027965 0.026097
9 0.555111 0.177031 0.018860 0.040571
13 0.376304 0.169099 0.022290 0.024543
7 0.574486 0.169553 0.015753 0.025101
34 0.715737 0.170172 0.025848 0.026208
22 0.514162 0.169518 0.022187 0.024824
21 0.349674 0.169925 0.026869 0.025582
17 0.536265 0.170084 0.015456 0.025567
24 0.463698 0.170103 0.015421 0.025351
34 0.764867 0.170484 0.026186 0.025470
17 0.397346 0.169844 0.015613 0.024182
32 0.794640 0.172945 0.031662 0.030303
22 0.691963 0.170241 0.022552 0.024883
5 0.848075 0.174804 0.028496 0.032741
34 0.875944 0.171578 0.024127 0.026248
18 0.525484 0.207531 0.027667 0.031738
8 0.430907 0.209272 0.025240 0.027773
3 0.463092 0.209303 0.030225 0.027545
11 0.495668 0.209566 0.028903 0.027606
3 0.326045 0.209411 0.028818 0.026806
11 0.777299 0.210045 0.027617 0.026076
4 0.740611 0.213985 0.039621 0.033813
0 0.558274 0.210212 0.030091 0.026186
17 0.408007 0.210185 0.015712 0.026108
13 0.386176 0.209801 0.024009 0.025244
21 0.588157 0.210675 0.026306 0.026222
26 0.357376 0.210475 0.025807 0.025524
32 0.635971 0.213134 0.032651 0.030311
12 0.688390 0.211522 0.021315 0.026934
34 0.662053 0.211312 0.025949 0.026225
34 0.807083 0.210602 0.027471 0.024595
17 0.611732 0.211492 0.015435 0.026302
5 0.850745 0.215336 0.027397 0.033630
7 0.709655 0.211850 0.017319 0.026042
34 0.878263 0.211863 0.025205 0.025789
4 0.555239 0.252059 0.040822 0.032122
4 0.430311 0.252281 0.042595 0.031331
34 0.517330 0.249335 0.028878 0.025372
11 0.487746 0.249910 0.028424 0.026393
5 0.710364 0.252738 0.030940 0.031899
3 0.591695 0.250060 0.027343 0.025961
34 0.668204 0.249620 0.026363 0.025069
11 0.639304 0.250100 0.028828 0.025943
34 0.741500 0.249557 0.027315 0.024727
7 0.461484 0.249980 0.017714 0.025517
7 0.398447 0.250206 0.016729 0.025710
3 0.326985 0.250783 0.029704 0.026331
22 0.356714 0.250377 0.023033 0.024923
15 0.794405 0.255653 0.024046 0.035334
13 0.769437 0.250319 0.022293 0.024098
0 0.821877 0.250915 0.029005 0.025077
3 0.539432 0.288645 0.027052 0.024445
2 0.503068 0.293273 0.037734 0.033604
5 0.567641 0.293937 0.028491 0.034340
3 0.625742 0.289699 0.027483 0.025809
25 0.711692 0.289230 0.029077 0.024506
20 0.466335 0.289320 0.028644 0.024172
15 0.684368 0.295320 0.024086 0.036064
10 0.741024 0.289803 0.021119 0.024547
0 0.655997 0.290284 0.027327 0.025326
0 0.325730 0.290510 0.028582 0.025568
28 0.437559 0.290194 0.023920 0.024842
34 0.596921 0.290046 0.025201 0.024450
14 0.772162 0.290421 0.036369 0.024960
22 0.410830 0.290025 0.022289 0.023446
25 0.842644 0.290879 0.028124 0.024136
7 0.800704 0.290806 0.016077 0.023970
28 0.384645 0.290743 0.024096 0.023819
24 0.819819 0.291546 0.015571 0.024738
22 0.870036 0.291619 0.021562 0.024027
15 0.614332 0.334534 0.024157 0.038077
11 0.489252 0.328163 0.027879 0.025243
3 0.400773 0.328199 0.027853 0.025178
5 0.744523 0.332758 0.028558 0.033915
2 0.679643 0.333253 0.038639 0.034649
3 0.716832 0.329034 0.028889 0.026025
13 0.588759 0.328828 0.023224 0.025498
34 0.775346 0.328691 0.028060 0.024843
2 0.363520 0.334096 0.038286 0.035589
5 0.428799 0.332688 0.028601 0.032696
34 0.457713 0.328384 0.027171 0.023890
7 0.515287 0.328875 0.017550 0.024503
32 0.538622 0.331139 0.029761 0.028168
3 0.806886 0.330232 0.027669 0.025926
34 0.852194 0.330151 0.026388 0.024651
24 0.830110 0.330361 0.016486 0.023782
18 0.671612 0.365427 0.027590 0.028695
18 0.847494 0.366791 0.028203 0.030005
25 0.323445 0.365862 0.026675 0.024948
2 0.480324 0.371658 0.036492 0.035399
34 0.573240 0.366269 0.027778 0.024620
20 0.442946 0.366258 0.028531 0.024201
3 0.515670 0.366727 0.028567 0.024689
5 0.544297 0.370557 0.028172 0.032325
33 0.405276 0.366716 0.040776 0.024067
28 0.370416 0.367251 0.025216 0.024611
16 0.818541 0.372992 0.027037 0.035830
11 0.702488 0.367639 0.027362 0.024779
15 0.818569 0.373286 0.027417 0.035772
10 0.729251 0.367510 0.020147 0.024043
21 0.643849 0.367450 0.025187 0.023801
13 0.636278 0.405703 0.022644 0.026040
3 0.488808 0.405824 0.027824 0.025446
11 0.456499 0.405603 0.027885 0.024944
3 0.520822 0.406117 0.028594 0.025807
0 0.406484 0.406173 0.030191 0.025522
15 0.661600 0.410396 0.024946 0.033151
4 0.741181 0.408999 0.038304 0.030055
24 0.431573 0.406262 0.016175 0.024402
24 0.381140 0.406562 0.015806 0.024964
34 0.609221 0.406648 0.026285 0.025101
3 0.324884 0.406848 0.028436 0.025396
0 0.689264 0.406864 0.027730 0.025305
3 0.553236 0.406674 0.028386 0.024916
26 0.356357 0.407447 0.026250 0.026105
5 0.580853 0.410075 0.027227 0.031274
3 0.515075 0.444563 0.028739 0.025330
4 0.662252 0.447485 0.037402 0.030695
25 0.484386 0.444313 0.027397 0.024161
34 0.694201 0.444778 0.025485 0.024905
28 0.628750 0.444854 0.024326 0.025014
11 0.601021 0.445026 0.026558 0.025302
3 0.456126 0.445021 0.026969 0.025115
22 0.758599 0.445021 0.023238 0.024873
3 0.323963 0.445580 0.028913 0.025331
22 0.429588 0.445295 0.021805 0.024301
24 0.780429 0.445222 0.015120 0.023891
28 0.403381 0.445935 0.025105 0.025079
24 0.538889 0.445511 0.016680 0.024221
8 0.376901 0.445457 0.023010 0.023920
1 0.841100 0.445754 0.029782 0.024384
12 0.352321 0.446134 0.022650 0.024919
35 0.806422 0.445921 0.035835 0.023770
35 0.567226 0.445752 0.035406 0.023256
17 0.865387 0.446795 0.013939 0.024375
18 0.560774 0.481067 0.027225 0.028932
8 0.638582 0.482193 0.022610 0.025836
13 0.502106 0.482855 0.022984 0.027134
11 0.531950 0.483226 0.027993 0.027301
3 0.474564 0.483331 0.028826 0.026141
11 0.759634 0.483317 0.026827 0.025892
22 0.588181 0.482743 0.022064 0.024643
8 0.444286 0.483306 0.023975 0.025482
15 0.786603 0.486650 0.022568 0.031559
32 0.692790 0.485342 0.031299 0.028919
28 0.613284 0.483128 0.023120 0.024362
34 0.716686 0.483037 0.023659 0.024161
9 0.421858 0.491469 0.017253 0.040211
1 0.378067 0.483911 0.028867 0.024808
28 0.851231 0.483890 0.025707 0.024688
33 0.817024 0.484030 0.039251 0.024358
24 0.352128 0.484378 0.015929 0.024162
17 0.403436 0.484578 0.015441 0.023661
18 0.390141 0.520900 0.026581 0.028391
15 0.512398 0.525915 0.023846 0.033899
3 0.277209 0.526171 0.035511 0.034361
2 0.575378 0.527513 0.037077 0.036902
3 0.610518 0.521979 0.027903 0.025311
8 0.486240 0.521986 0.022806 0.025135
20 0.539634 0.521573 0.028225 0.023479
25 0.420296 0.522453 0.027614 0.024982
25 0.761063 0.522255 0.027394 0.024333
9 0.444987 0.529031 0.016012 0.037205
26 0.734476 0.523136 0.025668 0.025212
7 0.464908 0.522670 0.017652 0.024163
34 0.788706 0.522842 0.023865 0.024398
27 0.789113 0.523000 0.023173 0.024660
13 0.812716 0.522878 0.021426 0.023992
28 0.836177 0.523583 0.026373 0.025231
33 0.682314 0.523000 0.038722 0.023752
7 0.711088 0.523029 0.015887 0.023377
22 0.344787 0.523485 0.023135 0.024126
26 0.316427 0.524183 0.026826 0.024936
15 0.622123 0.565559 0.023634 0.038025
25 0.595317 0.558822 0.026265 0.023831
0 0.648742 0.560230 0.027155 0.025606
3 0.755771 0.560825 0.027910 0.026322
24 0.571905 0.559551 0.015348 0.023356
11 0.724984 0.560911 0.026846 0.025746
7 0.700500 0.560504 0.016847 0.024579
3 0.499810 0.561169 0.026780 0.025805
3 0.468183 0.561119 0.027906 0.025520
21 0.676676 0.560952 0.026746 0.025026
4 0.373294 0.564783 0.038777 0.032219
2 0.431896 0.567040 0.038552 0.035747
0 0.318607 0.562569 0.026414 0.025477
17 0.342223 0.562807 0.016151 0.024599
4 0.630925 0.600537 0.037504 0.031109
3 0.666042 0.597925 0.026526 0.025754
0 0.576830 0.598055 0.028690 0.025580
3 0.546778 0.598330 0.025664 0.025031
15 0.722617 0.604168 0.024637 0.036291
0 0.497999 0.598997 0.029298 0.025245
21 0.694689 0.599137 0.026591 0.025299
17 0.602005 0.598936 0.014812 0.024747
0 0.416949 0.599903 0.028075 0.026276
3 0.447945 0.599700 0.029216 0.025589
24 0.522174 0.598891 0.016100 0.023342
5 0.822723 0.603897 0.025174 0.033350
15 0.389701 0.603910 0.022892 0.033304
24 0.472197 0.599829 0.015947 0.024608
3 0.750322 0.600108 0.027154 0.024999
34 0.796101 0.599981 0.025258 0.024725
24 0.774559 0.599838 0.014681 0.023809
28 0.867075 0.600655 0.023740 0.024501
25 0.360881 0.600942 0.028682 0.025060
9 0.845423 0.611408 0.016123 0.045946
28 0.314888 0.602688 0.025681 0.026733
24 0.337732 0.601102 0.016288 0.023071
8 0.481659 0.637500 0.022772 0.026172
25 0.526973 0.637070 0.028727 0.025079
22 0.556206 0.637780 0.023154 0.025221
34 0.455192 0.637855 0.026109 0.025183
10 0.771337 0.637644 0.020029 0.024627
36 0.601286 0.637889 0.027112 0.025059
25 0.746561 0.637494 0.024747 0.024201
8 0.663247 0.637876 0.022999 0.024745
21 0.690603 0.637989 0.025489 0.024689
20 0.633803 0.637748 0.029106 0.023851
17 0.577559 0.638187 0.014643 0.024326
7 0.504034 0.638182 0.016790 0.024182
28 0.408013 0.639196 0.024431 0.025621
24 0.431020 0.638995 0.017052 0.025148
11 0.378121 0.640213 0.027825 0.025600
3 0.347264 0.640412 0.027142 0.025724
11 0.316275 0.641463 0.028715 0.025881
20 0.865479 0.673270 0.027313 0.024304
15 0.673109 0.676927 0.023294 0.029261
22 0.729566 0.674483 0.022671 0.023495
20 0.701035 0.674345 0.027410 0.023188
29 0.807991 0.675278 0.024459 0.024991
15 0.473165 0.681251 0.024094 0.036866
13 0.616706 0.674949 0.021518 0.024041
8 0.564828 0.675024 0.022543 0.024140
21 0.591207 0.675260 0.025909 0.024111
11 0.644132 0.675617 0.029348 0.024789
0 0.500469 0.675595 0.027280 0.024528
25 0.444059 0.675891 0.027619 0.024505
9 0.524944 0.681524 0.016180 0.035305
7 0.543061 0.675517 0.015712 0.023047
29 0.415676 0.676877 0.025176 0.024867
0 0.276506 0.682739 0.037849 0.036503
15 0.357763 0.683852 0.023273 0.036867
25 0.329854 0.678346 0.025950 0.025720
20 0.385371 0.677431 0.027664 0.023024
9 0.862108 0.729460 0.015775 0.062894
16 0.765746 0.716544 0.026276 0.036049
15 0.765832 0.716879 0.026730 0.036369
20 0.796290 0.710559 0.027704 0.023347
36 0.796214 0.710603 0.028100 0.023272
32 0.709875 0.713357 0.031945 0.028762
16 0.468618 0.718196 0.029397 0.036967
11 0.661468 0.712211 0.028622 0.024799
0 0.562871 0.712861 0.027829 0.025875
3 0.612010 0.712286 0.026179 0.024346
3 0.531511 0.713304 0.028234 0.026086
22 0.738286 0.711945 0.023043 0.023242
24 0.635105 0.712576 0.015873 0.024171
9 0.588233 0.719164 0.015463 0.037156
20 0.499649 0.713467 0.027469 0.023952
8 0.439792 0.714568 0.023318 0.025214
14 0.375962 0.715243 0.036014 0.025600
20 0.411116 0.714985 0.028049 0.024413
28 0.343659 0.715451 0.023278 0.024400
11 0.315958 0.716317 0.026635 0.025771
3 0.628624 0.748556 0.026730 0.025191
22 0.657019 0.748817 0.022502 0.024641
25 0.597991 0.749729 0.027417 0.024465
10 0.575030 0.750192 0.020418 0.024847
24 0.677912 0.749339 0.015286 0.023041
1 0.735741 0.750007 0.028019 0.024365
28 0.763572 0.750066 0.023174 0.024254
24 0.784670 0.750071 0.017424 0.023412
35 0.702151 0.749883 0.033652 0.022623
25 0.546918 0.750806 0.028671 0.024457
36 0.515169 0.751007 0.028632 0.024672
8 0.457558 0.751579 0.023283 0.025575
28 0.484811 0.752008 0.025719 0.024962
32 0.412430 0.754937 0.033913 0.029539
17 0.436055 0.753649 0.015455 0.026315
0 0.365282 0.753060 0.027918 0.024583
17 0.340015 0.754217 0.015176 0.024705
1 0.314945 0.754499 0.029037 0.025206