4 0.647408 0.147029 0.037642 0.030780
34 0.679734 0.144583 0.025805 0.025347
2 0.576187 0.149803 0.037002 0.035600
3 0.612047 0.145323 0.026989 0.024652
5 0.452957 0.149176 0.027547 0.032292
34 0.425439 0.145624 0.026551 0.024829
35 0.537458 0.145845 0.034313 0.023792
32 0.501954 0.148253 0.033142 0.028420
27 0.351266 0.146935 0.041210 0.025058
22 0.400820 0.146630 0.019289 0.024373
11 0.314960 0.147564 0.026748 0.026197
3 0.283660 0.147943 0.028145 0.026544
17 0.477367 0.147289 0.014784 0.024965
25 0.252404 0.148126 0.026835 0.024511
3 0.204653 0.149351 0.027115 0.025790
24 0.229928 0.149443 0.016777 0.024511
18 0.483976 0.184230 0.027270 0.029864
34 0.574072 0.185250 0.028834 0.027831
27 0.580032 0.185663 0.042304 0.026730
3 0.620051 0.186016 0.026822 0.026678
11 0.543634 0.186612 0.029018 0.026779
29 0.513112 0.186734 0.025805 0.026237
34 0.430547 0.186521 0.027043 0.025468
32 0.650262 0.189221 0.031709 0.030312
22 0.458609 0.186659 0.022687 0.024712
25 0.400808 0.186982 0.027785 0.024976
3 0.328270 0.187643 0.027510 0.025925
28 0.679847 0.187926 0.025827 0.025552
22 0.356451 0.187622 0.022448 0.024435
34 0.185458 0.188260 0.027063 0.025393
3 0.258677 0.188346 0.025768 0.024894
17 0.377829 0.187933 0.015791 0.023965
25 0.229108 0.188308 0.027635 0.024347
33 0.292610 0.188682 0.037913 0.024678
8 0.159519 0.189008 0.022273 0.024744
3 0.470091 0.226469 0.029566 0.026614
29 0.500455 0.227197 0.026744 0.027667
3 0.437609 0.226738 0.028963 0.026218
8 0.352790 0.226702 0.023413 0.025786
1 0.587465 0.227439 0.032127 0.027082
21 0.380249 0.227299 0.027011 0.026740
21 0.528021 0.227787 0.027211 0.025828
1 0.304241 0.227741 0.030446 0.025281
22 0.556770 0.227717 0.024243 0.025164
20 0.668964 0.228058 0.029199 0.025620
15 0.181756 0.236068 0.024888 0.041555
17 0.331195 0.227601 0.016068 0.024484
21 0.637744 0.228348 0.027088 0.025970
36 0.668909 0.228041 0.029293 0.025200
17 0.614123 0.228169 0.016292 0.024942
3 0.210601 0.229006 0.028542 0.025729
18 0.427305 0.266394 0.026673 0.029123
21 0.135316 0.268093 0.025106 0.025785
0 0.320075 0.268665 0.033099 0.026524
7 0.482757 0.267939 0.017690 0.024981
25 0.456972 0.267790 0.028700 0.024485
28 0.604124 0.268250 0.025436 0.025334
34 0.530105 0.267918 0.027056 0.024514
22 0.505696 0.267936 0.022314 0.024486
15 0.662024 0.275120 0.024172 0.038681
32 0.401780 0.270519 0.031221 0.029246
32 0.633797 0.270749 0.031207 0.029478
12 0.558007 0.268589 0.023294 0.024974
3 0.226079 0.269144 0.029138 0.025747
9 0.580511 0.275508 0.017828 0.038188
11 0.165270 0.269360 0.027485 0.025354
36 0.690715 0.268891 0.028007 0.024002
34 0.295584 0.306754 0.029120 0.026124
15 0.427751 0.312194 0.025597 0.036569
3 0.535961 0.306599 0.027968 0.024740
27 0.304157 0.307274 0.045870 0.026017
5 0.343466 0.310933 0.030526 0.033297
28 0.505439 0.307131 0.026043 0.025666
25 0.478058 0.306544 0.029241 0.024321
32 0.396537 0.309660 0.034794 0.030182
22 0.266202 0.307257 0.025296 0.025062
0 0.531595 0.344551 0.028694 0.025412
8 0.343912 0.344544 0.022706 0.024583
11 0.393178 0.344612 0.027104 0.024682
14 0.455229 0.344498 0.036801 0.024429
10 0.487896 0.344571 0.022248 0.024493
28 0.420881 0.344951 0.024546 0.025205
25 0.599134 0.345245 0.028854 0.025239
3 0.314837 0.345300 0.028961 0.024863
28 0.626376 0.345794 0.025934 0.025593
17 0.556226 0.345655 0.015512 0.025010
22 0.652577 0.345746 0.021652 0.024843
21 0.208953 0.346085 0.026125 0.025260
24 0.575538 0.345855 0.017062 0.024690
3 0.705369 0.346049 0.027826 0.024990
10 0.652510 0.345874 0.020838 0.024624
1 0.238448 0.346094 0.028448 0.025025
21 0.677469 0.346185 0.024642 0.025145
7 0.367102 0.345755 0.016633 0.024168
13 0.285820 0.346139 0.023206 0.023922
17 0.263591 0.346453 0.014986 0.023560
18 0.350932 0.381890 0.027374 0.028577
5 0.379929 0.386104 0.028386 0.032003
34 0.409275 0.382836 0.026373 0.024916
3 0.684947 0.383906 0.028999 0.026482
3 0.188789 0.383591 0.027621 0.025785
11 0.220693 0.383982 0.028462 0.025355
11 0.277732 0.384118 0.027913 0.025172
25 0.585125 0.383904 0.029538 0.024632
3 0.482768 0.384097 0.027323 0.024906
11 0.514296 0.384514 0.027925 0.025576
10 0.541852 0.384390 0.021399 0.025218
17 0.457850 0.383911 0.014693 0.024233
28 0.249447 0.384196 0.024186 0.024769
24 0.328518 0.383807 0.016756 0.023639
22 0.613981 0.385000 0.023782 0.025164
28 0.640566 0.384907 0.024581 0.024746
24 0.562276 0.384927 0.015858 0.024144
13 0.389923 0.419916 0.020958 0.025043
34 0.303671 0.420839 0.025898 0.025179
11 0.362253 0.421107 0.027912 0.025566
21 0.411344 0.421335 0.026937 0.025242
11 0.275282 0.421673 0.027033 0.025896
1 0.441689 0.421340 0.028041 0.025020
34 0.469960 0.421304 0.026349 0.024743
28 0.333087 0.421616 0.024927 0.024948
29 0.214487 0.421897 0.026836 0.025312
3 0.244855 0.421898 0.026774 0.024730
3 0.516407 0.422177 0.027711 0.025068
13 0.649510 0.422869 0.022876 0.026376
3 0.622717 0.423255 0.027984 0.026279
5 0.591851 0.426558 0.029048 0.032630
28 0.546534 0.422690 0.024711 0.024450
9 0.570132 0.426668 0.015569 0.031037
10 0.696990 0.423934 0.021362 0.025162
21 0.671061 0.424012 0.027022 0.024878
15 0.471110 0.464844 0.023957 0.037263
22 0.373955 0.459113 0.022105 0.025435
1 0.258023 0.459217 0.029931 0.025268
34 0.288149 0.459060 0.026825 0.024787
34 0.399280 0.459189 0.026128 0.024726
3 0.335074 0.459217 0.027754 0.024540
8 0.536792 0.459819 0.021891 0.025593
15 0.563914 0.465169 0.025127 0.035679
24 0.231292 0.460268 0.019550 0.025666
21 0.444430 0.459811 0.025896 0.024655
24 0.422360 0.459579 0.015634 0.023432
25 0.591585 0.460311 0.028001 0.024750
33 0.503937 0.460147 0.040156 0.023794
36 0.666007 0.461331 0.028556 0.025047
22 0.619618 0.461776 0.022889 0.024954
4 0.698495 0.461454 0.031773 0.024191
17 0.641597 0.461729 0.015578 0.023324
25 0.342526 0.497348 0.029275 0.023929
34 0.526525 0.497698 0.026022 0.024222
22 0.370925 0.497472 0.022448 0.023419
27 0.270711 0.498357 0.042532 0.025065
28 0.209454 0.498143 0.026157 0.024621
9 0.410057 0.504080 0.017189 0.036354
21 0.181572 0.498321 0.026343 0.024468
24 0.158026 0.498351 0.016011 0.024080
5 0.554270 0.501459 0.027782 0.030163
22 0.236658 0.498718 0.022196 0.024608
17 0.391832 0.498237 0.014560 0.023573
24 0.459387 0.498091 0.016159 0.023238
22 0.501999 0.498402 0.022792 0.023636
24 0.318314 0.498122 0.016232 0.022976
3 0.693816 0.499713 0.028243 0.025427
11 0.662819 0.499478 0.027307 0.024894
7 0.637708 0.499891 0.018022 0.024778
33 0.605879 0.499731 0.040648 0.023823
4 0.399132 0.538634 0.038617 0.031898
34 0.433600 0.535596 0.028598 0.024844
36 0.166922 0.535905 0.029827 0.024850
14 0.326499 0.536332 0.038037 0.025672
3 0.362955 0.536073 0.027931 0.025099
4 0.205240 0.539530 0.039167 0.031580
34 0.505335 0.536330 0.026641 0.025048
22 0.481039 0.537311 0.024804 0.026652
28 0.293288 0.536155 0.023893 0.023802
11 0.264829 0.536318 0.027167 0.024061
10 0.237871 0.536389 0.020307 0.024023
5 0.532148 0.540343 0.025305 0.031580
3 0.674354 0.537434 0.027039 0.025198
11 0.642580 0.537647 0.028709 0.025072
33 0.584051 0.537751 0.041153 0.024246
7 0.614361 0.537987 0.016913 0.024273
20 0.703012 0.537630 0.025299 0.023513
17 0.553957 0.537984 0.015136 0.023607
13 0.324599 0.571997 0.022497 0.024295
3 0.404369 0.572330 0.027662 0.024549
5 0.208079 0.576283 0.031899 0.032419
24 0.156567 0.572314 0.015999 0.024419
25 0.180615 0.571815 0.027141 0.023400
13 0.535938 0.572807 0.020618 0.025134
34 0.240369 0.572246 0.026986 0.024012
11 0.297577 0.572416 0.026458 0.024274
21 0.347501 0.572769 0.024572 0.024920
34 0.373942 0.572345 0.026112 0.024014
9 0.456613 0.578948 0.015784 0.037008
28 0.433416 0.572236 0.024615 0.023326
28 0.268434 0.573005 0.024782 0.023776
25 0.681255 0.573682 0.028203 0.025043
11 0.508769 0.573246 0.027271 0.024124
3 0.508508 0.573208 0.027510 0.023906
34 0.585413 0.573598 0.024593 0.024479
5 0.478179 0.576798 0.028807 0.030866
21 0.558270 0.573598 0.026512 0.024386
8 0.612369 0.573970 0.022599 0.024288
27 0.646658 0.574197 0.040224 0.024602
34 0.639887 0.574191 0.026500 0.024260
3 0.709413 0.574890 0.026080 0.025033
15 0.209611 0.614823 0.023892 0.035914
3 0.431209 0.609499 0.026580 0.025263
4 0.368715 0.611977 0.038226 0.029918
2 0.308143 0.615479 0.034551 0.036663
34 0.401156 0.609242 0.025972 0.023627
28 0.275530 0.610252 0.023666 0.024812
21 0.181836 0.610128 0.025139 0.024450
24 0.455586 0.610190 0.016231 0.024504
7 0.338084 0.609780 0.016081 0.023394
33 0.240853 0.610065 0.040200 0.023610
21 0.479126 0.610729 0.025336 0.024602
22 0.523872 0.610566 0.022544 0.024221
17 0.501714 0.611027 0.015094 0.024394
21 0.588849 0.611177 0.025218 0.024618
24 0.565763 0.610826 0.015305 0.023357
2 0.702485 0.616501 0.034849 0.034603
17 0.613052 0.611736 0.017090 0.024146
7 0.729764 0.612879 0.017302 0.024252
35 0.666226 0.612650 0.034966 0.023178
4 0.322716 0.649202 0.041590 0.030081
25 0.388425 0.646229 0.027150 0.024005
8 0.492577 0.647165 0.023436 0.025594
11 0.257408 0.646796 0.027519 0.024707
34 0.206384 0.646794 0.025680 0.024367
13 0.548950 0.647532 0.023201 0.025634
25 0.577873 0.647629 0.029891 0.025821
36 0.463098 0.647123 0.028449 0.024292
22 0.416720 0.647204 0.021244 0.024408
28 0.287475 0.646994 0.024090 0.023780
3 0.360745 0.647339 0.026861 0.024351
24 0.231817 0.647120 0.016962 0.023380
21 0.520734 0.648070 0.027000 0.024880
17 0.437927 0.647529 0.015330 0.022849
20 0.642396 0.648754 0.028876 0.024715
11 0.609437 0.649088 0.028584 0.025161
0 0.218802 0.682191 0.028323 0.024394
25 0.398529 0.682590 0.027978 0.024326
36 0.367549 0.682842 0.029273 0.023913
32 0.267044 0.685084 0.030179 0.027853
25 0.449874 0.683463 0.028690 0.024443
1 0.168494 0.683437 0.029138 0.024332
3 0.480980 0.684291 0.028167 0.025721
17 0.243547 0.683794 0.014557 0.024704
17 0.193498 0.683417 0.015201 0.023944
8 0.311096 0.683395 0.022419 0.023591
21 0.338428 0.683743 0.023978 0.023273
22 0.509474 0.684183 0.022842 0.024082
1 0.592594 0.685132 0.028831 0.024903
28 0.624689 0.685571 0.024786 0.024675
28 0.697206 0.686094 0.024158 0.025108
24 0.531195 0.685037 0.016413 0.022979
24 0.647164 0.685950 0.015549 0.023659
35 0.557580 0.685764 0.035912 0.022794
21 0.670405 0.686587 0.027971 0.024319
18 0.536632 0.718865 0.030118 0.028442
10 0.404382 0.719146 0.021737 0.024372
34 0.234934 0.719349 0.029013 0.024599
11 0.375743 0.719171 0.030890 0.024124
3 0.174219 0.719549 0.030286 0.024652
16 0.505685 0.724400 0.029113 0.034193
1 0.289701 0.719606 0.028871 0.024573
22 0.207116 0.719561 0.024142 0.024108
17 0.348487 0.719737 0.015393 0.023616
24 0.262734 0.720197 0.017319 0.024459
15 0.596383 0.725969 0.025032 0.035974
21 0.324396 0.719991 0.025245 0.022972
35 0.455773 0.720383 0.035696 0.023640
21 0.568033 0.720969 0.026452 0.024601
24 0.426409 0.720383 0.016026 0.022895
36 0.625430 0.721214 0.029838 0.023665
29 0.708010 0.724180 0.023401 0.026964
4 0.414388 0.759159 0.040140 0.032239
25 0.283158 0.755687 0.028947 0.023953
32 0.473836 0.758783 0.030629 0.029255
10 0.310427 0.756583 0.020672 0.024722
10 0.168283 0.757064 0.021095 0.025063
9 0.234498 0.767543 0.019149 0.045911
32 0.140860 0.759708 0.035119 0.030174
7 0.255776 0.756407 0.017603 0.023440
4 0.198318 0.756812 0.034156 0.024145
9 0.364444 0.763082 0.018607 0.036381
7 0.383961 0.756407 0.016224 0.022950
20 0.571193 0.758091 0.028843 0.024818
21 0.539139 0.758581 0.025788 0.024343
17 0.516110 0.758196 0.015622 0.023024
2 0.616922 0.764874 0.032424 0.035784
32 0.677714 0.762078 0.028288 0.029240
26 0.228453 0.863470 0.027884 0.018745
20 0.445259 0.936172 0.036872 0.025937